"T" "IC_low" "IC_up" "x_ML"
"1" 1.1 0.525963811094882 0.542286333404242 0.532952340379388
"2" 1.2 0.532833287802507 0.553055332429948 0.541480127593547
"3" 1.3 0.539290841693398 0.563066651085555 0.549446377148355
"4" 1.4 0.545402161152354 0.572424287954608 0.556927273672791
"5" 1.5 0.55119324755162 0.581216679292514 0.56398408126459
"6" 1.6 0.556695225993595 0.589534887534531 0.570666847356015
"7" 1.7 0.561938687234588 0.597441054770251 0.577017016668338
"8" 1.8 0.566952033613903 0.604949053550127 0.583069320385711
"9" 1.9 0.571748272221063 0.612098484740185 0.58885317009344
"10" 2 0.576341736057043 0.618979688269808 0.594393705205626
"11" 3 0.614380156393499 0.676257495226813 0.640080180726591
"12" 4 0.642873881559636 0.721074627145503 0.674624999725577
"13" 5 0.665789578400221 0.75887509681237 0.70270763513305
"14" 6 0.684854822945901 0.791992868961356 0.726524064003172
"15" 7 0.701336362851862 0.821804256114186 0.747293167897283
"16" 8 0.71574393121241 0.849401069256552 0.765766394720138
"17" 9 0.728543234926208 0.87476090215858 0.782441853706299
"18" 10 0.740050477532155 0.898601646572478 0.797667794061568
"19" 11 0.7506021587519 0.921190293016501 0.811697854841073
"20" 12 0.760279643319753 0.942642596268141 0.824722854857974
"21" 13 0.769155089041382 0.962942668418994 0.836890184785453
"22" 14 0.777456127429216 0.982333816113741 0.848316205968936
"23" 15 0.78521142000198 1.00089204038186 0.859094490733105
"24" 16 0.792490854791143 1.01870426463408 0.869301479517867
"25" 17 0.799286323660577 1.03579557293955 0.879000473327539
"26" 18 0.805757327627309 1.05240672883006 0.888244519179222
"27" 19 0.811848375246962 1.06856132279155 0.897078539148181
"28" 20 0.817551634503314 1.08422443461466 0.905540930166809
"29" 21 0.823095404718917 1.09947328290088 0.913664785694207
"30" 22 0.828355887788502 1.11426725690721 0.921478842161793
"31" 23 0.833458898417092 1.12862707990699 0.92900822174107
"32" 24 0.838322771319391 1.1426321321306 0.936275022111866
"33" 25 0.84292874701614 1.1563075106744 0.94329878973557
"34" 26 0.847427281735812 1.16969918553994 0.950096903331466
"35" 27 0.851749326914621 1.1826920487762 0.956684887354444
"36" 28 0.855891960372485 1.19544167383123 0.963076670342967
"37" 29 0.859881535076212 1.20790917469853 0.96928479943472
"38" 30 0.863774605459429 1.22006503461301 0.975320619726218
"39" 31 0.867548007727853 1.23211124243214 0.981194425206017
"40" 32 0.871211736491172 1.24398920480037 0.986915586529423
"41" 33 0.874766536160971 1.25576389997972 0.992492659793753
"42" 34 0.878189259869899 1.26725853841174 0.997933479623961
"43" 35 0.881515106140411 1.27849820700287 1.00324523922237
"44" 36 0.884771951584569 1.28923651953082 1.00843455952498
"45" 37 0.88795562879466 1.30009862709699 1.01350754920552
"46" 38 0.891031456607914 1.31097049791373 1.01846985695098
"47" 39 0.894073278483366 1.3213191479224 1.02332671717941
"48" 40 0.897001886914916 1.33163781030648 1.02808299016841
"49" 41 0.899867325261207 1.34207202187606 1.03274319739907
"50" 42 0.902672293874478 1.35221036928142 1.03731155278767
"51" 43 0.905388428475239 1.3621951516625 1.04179199036933
"52" 44 0.908055123796274 1.37205795287695 1.04618818890931
"53" 45 0.910684308964594 1.38152986010056 1.05050359384425
"54" 46 0.913243704405607 1.39097552449169 1.05474143689571
"55" 47 0.915788230598181 1.40045221682202 1.05890475364764
"56" 48 0.918254513449925 1.40991051973912 1.06299639933778
"57" 49 0.920668087428257 1.41915092356154 1.06701906307753
"58" 50 0.923003699334781 1.42828332498212 1.07097528068542
"59" 51 0.925300320794064 1.43722538246961 1.07486744629417
"60" 52 0.927599200646548 1.44610229864737 1.0786978228701
"61" 53 0.92981393274679 1.45481419008184 1.08246855176563
"62" 54 0.932002431219906 1.46346588332125 1.08618166141027
"63" 55 0.934164823899742 1.47206405477642 1.08983907523202
"64" 56 0.936239876891957 1.48062733241223 1.09344261889029
"65" 57 0.938328591455583 1.48893519428819 1.09699402689096
"66" 58 0.940382053929055 1.49739020028348 1.10049494864658
"67" 59 0.942373772143306 1.50574117874006 1.10394695403664
"68" 60 0.944339508314262 1.51390680495799 1.10735153851709
"69" 61 0.946273120325355 1.52196666258641 1.11071012782243
"70" 62 0.948188454611816 1.53013220678926 1.1140240822989
"71" 63 0.950003602038857 1.53811893870991 1.11729470090332
"72" 64 0.951836152289678 1.54577863846211 1.12052322489811
"73" 65 0.953638890860696 1.55364989721527 1.12371084126993
"74" 66 0.955391194465053 1.56127294637573 1.1268586858967
"75" 67 0.957174510322608 1.56894809084482 1.12996784648476
"76" 68 0.958895099432716 1.57632890631114 1.13303936529626
"77" 69 0.960563426054788 1.58392681938707 1.13607424168445
"78" 70 0.962260572494879 1.59130948230526 1.13907343445308
"79" 71 0.963899234037272 1.5989224345127 1.14203786405434
"80" 72 0.965506261613553 1.60645764516908 1.1449684146386
"81" 73 0.967160599838049 1.61380812026319 1.14786593596772
"82" 74 0.96872896685906 1.62099174380667 1.15073124520296
"83" 75 0.970284059341255 1.62812384968173 1.15356512857696
"84" 76 0.971827514843416 1.63513707980489 1.15636834295913
"85" 77 0.973346583234988 1.64202030707391 1.15914161732219
"86" 78 0.974840455553983 1.64904707042566 1.16188565411759
"87" 79 0.976292832911186 1.65605774837184 1.16460113056632
"88" 80 0.977748422351642 1.66296159549509 1.16728869987157
"89" 81 0.979229679856952 1.66988091973695 1.16994899235858
"90" 82 0.980683318457196 1.67659970210887 1.1725826165472
"91" 83 0.982110069473806 1.68341897029742 1.17519016016167
"92" 84 0.983539172821879 1.69012290448309 1.17777219108215
"93" 85 0.984909379562378 1.69668273050315 1.1803292582419
"94" 86 0.986294360301295 1.70307644776625 1.18286189247389
"95" 87 0.987663933950928 1.70972144172141 1.18537060731024
"96" 88 0.989009069421616 1.71608828159009 1.18785589973756
"97" 89 0.990352943871649 1.72270680983669 1.19031825091121
"98" 90 0.991624193725599 1.72926429155451 1.192758126831
"99" 91 0.992910999285116 1.73571676177462 1.19517597898093
"100" 92 0.994223215837009 1.74206289259548 1.19757224493527
"101" 93 0.995515212147144 1.74822877927293 1.19994734893297
"102" 94 0.996784431141201 1.75436370998802 1.20230170242248
"103" 95 0.998026971529055 1.7605138261415 1.20463570457881
"104" 96 0.999258600034243 1.76694204137163 1.20694974279443
"105" 97 1.00044603737179 1.77302975163517 1.20924419314572
"106" 98 1.00165140280305 1.77911504436398 1.21151942083625
"107" 99 1.00286643575723 1.78513611822733 1.21377578061849
"108" 100 1.00402553731197 1.79120065445128 1.21601361719495
"109" 101 1.00519963791498 1.79703930750377 1.21823326560025
"110" 102 1.0063434131739 1.80309429600365 1.22043505156484
"111" 103 1.00747856855157 1.80908851208679 1.22261929186182
"112" 104 1.00861310684951 1.81514048230387 1.22478629463743
"113" 105 1.00967381747805 1.82090937017906 1.2269363597264
"114" 106 1.01076744457789 1.82666066109298 1.22906977895289
"115" 107 1.01186058432715 1.83245915718955 1.23118683641773
"116" 108 1.0129452419005 1.83820885288207 1.23328780877285
"117" 109 1.01402696640612 1.84387813328751 1.23537296548355
"118" 110 1.01510631909363 1.84962381716107 1.23744256907906
"119" 111 1.01618857453868 1.85538315828639 1.23949687539242
"120" 112 1.01726009157932 1.86090973693182 1.24153613378973
"121" 113 1.01827731718952 1.86650076983815 1.24356058738978
"122" 114 1.01932455900478 1.87209712219473 1.24557047327426
"123" 115 1.0203293423928 1.87761103535213 1.24756602268907
"124" 116 1.02129091878668 1.88311360305766 1.2495474612374
"125" 117 1.02230763788915 1.88867233277225 1.25151500906463
"126" 118 1.0233239309921 1.89402536274482 1.25346888103576
"127" 119 1.02432347720592 1.89953737380938 1.25540928690559
"128" 120 1.02530955716106 1.90495673310656 1.25733643148203
"129" 121 1.02628847397 1.91032391649176 1.25925051478291
"130" 122 1.02727881048065 1.91564770105183 1.2611517321865
"131" 123 1.02823544017699 1.92093716935804 1.2630402745762
"132" 124 1.02919511319301 1.92642960918979 1.26491632847952
"133" 125 1.0301355169996 1.93182101706621 1.26678007620167
"134" 126 1.03108943506306 1.93714313822601 1.2686316959541
"135" 127 1.03201372680165 1.94245172837914 1.27047136197801
"136" 128 1.03293940141952 1.94786191495817 1.27229924466335
"137" 129 1.03385188746964 1.95296648963767 1.27411551066321
"138" 130 1.03477382764833 1.95801695711252 1.27592032300408
"139" 131 1.03565939365687 1.96307970790797 1.27771384119192
"140" 132 1.0365640344497 1.96819659065046 1.27949622131442
"141" 133 1.03742044601882 1.9734074049687 1.28126761613952
"142" 134 1.03830583538981 1.97854150308127 1.28302817521038
"143" 135 1.03920996162219 1.98348784058082 1.28477804493693
"144" 136 1.04010443823581 1.98866649857828 1.28651736868416
"145" 137 1.0409667919305 1.99361743719549 1.28824628685734
"146" 138 1.04181444164354 1.99870725481745 1.28996493698417
"147" 139 1.0426661240549 2.00369760470128 1.29167345379418
"148" 140 1.04353486571842 2.00879140819819 1.29337196929527
"149" 141 1.04436398584201 2.01375031931834 1.29506061284771
"150" 142 1.04520201759058 2.01885112330229 1.29673951123559
"151" 143 1.04605697005838 2.02378628971602 1.29840878873585
"152" 144 1.0469033801781 2.02871256441806 1.300068567185
"153" 145 1.04775267249324 2.03358271714582 1.30171896604361
"154" 146 1.04859661827488 2.03850424772945 1.30336010245866
"155" 147 1.04940172845328 2.04321185291631 1.30499209132383
"156" 148 1.05022299165923 2.04808648155362 1.3066150453379
"157" 149 1.05102631667253 2.05301633102862 1.30822907506108
"158" 150 1.05181668024105 2.05780191456305 1.30983428896975
"159" 151 1.05264458127087 2.06248222563851 1.31143079350924
"160" 152 1.05343152396577 2.06747159284142 1.31301869314506
"161" 153 1.05417187766678 2.07222443212644 1.31459809041248
"162" 154 1.05492260132493 2.07665745677932 1.31616908596452
"163" 155 1.05569225880098 2.08144811622031 1.31773177861851
"164" 156 1.0564633266367 2.08622957317408 1.31928626540112
"165" 157 1.05724069966739 2.09078539544102 1.32083264159205
"166" 158 1.05798658463875 2.09543198407784 1.32237100076645
"167" 159 1.05873489317088 2.09999407352728 1.32390143483592
"168" 160 1.05943307833444 2.10451262198448 1.32542403408831
"169" 161 1.06017165161487 2.10912913866952 1.32693888722644
"170" 162 1.06092409942816 2.11391886622775 1.32844608140551
"171" 163 1.06163960315264 2.11850081696562 1.32994570226947
"172" 164 1.062324410328 2.12306370751668 1.33143783398632
"173" 165 1.06304750387167 2.12770386288194 1.33292255928239
"174" 166 1.06373028835226 2.13218086189507 1.33439995947557
"175" 167 1.06445035496265 2.1367293632568 1.3358701145076
"176" 168 1.065153463838 2.14128485620407 1.33733310297549
"177" 169 1.06584503059825 2.1459101873797 1.33878900216195
"178" 170 1.0665194856467 2.15032316174105 1.34023788806501
"179" 171 1.06721118849163 2.15473979266905 1.34167983542677
"180" 172 1.06788610900111 2.15919900885405 1.34311491776141
"181" 173 1.0685770220593 2.16349377639555 1.3445432073823
"182" 174 1.06923574197934 2.16793262258299 1.3459647754285
"183" 175 1.06991735538849 2.17220922330274 1.34737969189038
"184" 176 1.0705687151043 2.1764579468021 1.34878802563469
"185" 177 1.07122314382098 2.18093806042737 1.35018984442877
"186" 178 1.07188842113009 2.18525582768392 1.35158521496431
"187" 179 1.07252959522926 2.18957121883668 1.35297420288025
"188" 180 1.07317276290257 2.19389011916227 1.35435687278527
"189" 181 1.07385276647892 2.19824820430037 1.35573328827951
"190" 182 1.07448505483538 2.20246903416739 1.35710351197581
"191" 183 1.07510439675499 2.20652906767026 1.35846760552037
"192" 184 1.07577794581699 2.21095987500134 1.35982562961286
"193" 185 1.07641873730299 2.2153774281715 1.36117764402603
"194" 186 1.07704240395448 2.21958924224206 1.36252370762472
"195" 187 1.07767329163194 2.2239917975287 1.36386387838453
"196" 188 1.07831538445882 2.2280207634117 1.36519821340987
"197" 189 1.07893898485235 2.2320353634177 1.36652676895164
"198" 190 1.07955687765124 2.23598983079581 1.36784960042439
"199" 191 1.08017149855124 2.23998118357614 1.36916676242312
"200" 192 1.08077724433816 2.24407234772152 1.37047830873958
"201" 193 1.0813698811904 2.2481077929739 1.37178429237825
"202" 194 1.08199811559983 2.25229340700543 1.37308476557183
"203" 195 1.08257668156997 2.25655684749313 1.37437977979642
"204" 196 1.08318953637572 2.26053574504867 1.37566938578626
"205" 197 1.08379462422952 2.26458038247496 1.37695363354817
"206" 198 1.08441748278977 2.26868210688056 1.37823257237564
"207" 199 1.08504213980339 2.27264017486855 1.37950625086247
"208" 200 1.08565052201805 2.27656791199086 1.38077471691623
"209" 201 1.08625256463494 2.28047587466298 1.38203801777132
"210" 202 1.08685211426336 2.28442570629756 1.38329620000168
"211" 203 1.08744258176456 2.28838590001311 1.38454930953329
"212" 204 1.08803119619723 2.29227694963971 1.38579739165631
"213" 205 1.08859382435644 2.2962031958901 1.38704049103692
"214" 206 1.08917329028414 2.30013473723082 1.38827865172896
"215" 207 1.08973655028089 2.30402851409285 1.38951191718524
"216" 208 1.09030255170285 2.30764922349474 1.39074033026858
"217" 209 1.09085902765571 2.31158612330913 1.39196393326262
"218" 210 1.09140729191014 2.3154966787329 1.39318276788237
"219" 211 1.09195836479358 2.31931014412842 1.39439687528455
"220" 212 1.09250316826348 2.32329346456369 1.39560629607762
"221" 213 1.09306062788605 2.32721726938673 1.39681107033169
"222" 214 1.09363599399657 2.33106567017292 1.39801123758807
"223" 215 1.09420139350535 2.33476173318429 1.39920683686879
"224" 216 1.09477713558594 2.33860297201644 1.40039790668568
"225" 217 1.09532124325997 2.34237937799977 1.40158448504944
"226" 218 1.09590698156052 2.34620605257694 1.40276660947842
"227" 219 1.09645325735975 2.35020440391581 1.40394431700723
"228" 220 1.09701008623808 2.35393182735722 1.40511764419512
"229" 221 1.09751069994517 2.35767421600614 1.40628662713424
"230" 222 1.09801902972043 2.36146149394739 1.40745130145773
"231" 223 1.0985802539103 2.36519760041505 1.40861170234748
"232" 224 1.0991025076258 2.36906346219937 1.40976786454196
"233" 225 1.09961762273238 2.37270008400952 1.41091982234369
"234" 226 1.10010289989429 2.37651655466777 1.41206760962665
"235" 227 1.10062098257286 2.38030033236992 1.41321125984348
"236" 228 1.10115995984016 2.38395529939203 1.41435080603257
"237" 229 1.10166300454247 2.38771328260612 1.41548628082498
"238" 230 1.10217836271013 2.39135164913055 1.4166177164512
"239" 231 1.10267615341118 2.39482119488266 1.4177451447478
"240" 232 1.10317412729317 2.39824853558771 1.41886859716391
"241" 233 1.10367856999227 2.40188232951459 1.41998810476762
"242" 234 1.10417046786223 2.40538153616438 1.42110369825215
"243" 235 1.10468086847206 2.40910277314448 1.422215407942
"244" 236 1.10519358112154 2.41278226694542 1.42332326379892
"245" 237 1.10570157628287 2.41636558903707 1.42442729542775
"246" 238 1.10620022359547 2.41995733755383 1.42552753208214
"247" 239 1.10672037600092 2.42336990099319 1.42662400267024
"248" 240 1.10723669306332 2.42689691334747 1.42771673576013
"249" 241 1.10772272261273 2.43038878525614 1.42880575958527
"250" 242 1.10820536382474 2.43419352248165 1.42989110204976
"251" 243 1.10869238755748 2.4374267770691 1.43097279073354
"252" 244 1.10918216508789 2.44089892439219 1.43205085289746
"253" 245 1.10967233257271 2.4444724285688 1.43312531548828
"254" 246 1.11013675461182 2.44802786451883 1.43419620514354
"255" 247 1.11061960367165 2.45177097173205 1.43526354819634
"256" 248 1.111116904521 2.45539674979505 1.43632737068008
"257" 249 1.11159355952193 2.45890124798753 1.437387698333
"258" 250 1.11205862517358 2.46254955704132 1.43844455660275
"259" 251 1.11252879030989 2.46607515235703 1.43949797065078
"260" 252 1.11299235770904 2.46968580471108 1.44054796535671
"261" 253 1.11347575546646 2.4730583114583 1.44159456532259
"262" 254 1.11396287250486 2.47658006744838 1.44263779487706
"263" 255 1.11442582884932 2.48001091837741 1.44367767807946
"264" 256 1.11489267223373 2.48327729913524 1.44471423872388
"265" 257 1.1153407723055 2.48684220319726 1.44574750034305
"266" 258 1.11581163754584 2.4901750102892 1.44677748621228
"267" 259 1.11628277636854 2.4935950290528 1.4478042193532
"268" 260 1.11673372733344 2.49709957297627 1.44882772253757
"269" 261 1.11718459588604 2.50040663807136 1.44984801829085
"270" 262 1.11762731234113 2.50383677298848 1.45086512889584
"271" 263 1.11806708262397 2.50715714556357 1.45187907639625
"272" 264 1.11851499590995 2.51053809321255 1.45288988260008
"273" 265 1.11898301921091 2.5139848202911 1.45389756908308
"274" 266 1.11943234557741 2.51726947619488 1.45490215719208
"275" 267 1.11987795342758 2.52070643445525 1.45590366804825
"276" 268 1.12029987096102 2.52412389019645 1.45690212255034
"277" 269 1.12074268543548 2.52753942584068 1.45789754137784
"278" 270 1.1212078496415 2.53083590800907 1.45888994499407
"279" 271 1.12167048594779 2.53419120147069 1.45987935364925
"280" 272 1.12213344758391 2.53758627585139 1.46086578738349
"281" 273 1.12258788703981 2.54100491168719 1.46184926602971
"282" 274 1.12302725890021 2.5443699483316 1.46282980921659
"283" 275 1.12345176949413 2.54788779421022 1.46380743637133
"284" 276 1.12387387012082 2.55118645023682 1.46478216672253
"285" 277 1.12434186177873 2.55437744452385 1.46575401930284
"286" 278 1.12476116910959 2.55774972184007 1.46672301295176
"287" 279 1.12521640292454 2.56103690891732 1.46768916631818
"288" 280 1.12564175004329 2.56416268722326 1.46865249786304
"289" 281 1.12608404017327 2.56739128926753 1.46961302586191
"290" 282 1.12647381978182 2.57075490423152 1.47057076840746
"291" 283 1.12691791193307 2.5740466028261 1.47152574341193
"292" 284 1.12732773410777 2.57706885642464 1.47247796860959
"293" 285 1.12777442151331 2.58020234999552 1.47342746155912
"294" 286 1.12818725585409 2.58330881044726 1.47437423964594
"295" 287 1.12861327668883 2.58661167279421 1.47531832008454
"296" 288 1.12901809969191 2.58990487906142 1.47625971992072
"297" 289 1.12943561757422 2.59325504590366 1.47719845603387
"298" 290 1.12987006893194 2.59650164101407 1.47813454513912
"299" 291 1.1302651273373 2.59974050201457 1.47906800378951
"300" 292 1.13064996043902 2.60286271141529 1.47999884837814
"301" 293 1.13106513045993 2.60622241654819 1.48092709514018
"302" 294 1.13146758464299 2.60947466573713 1.48185276015506
"303" 295 1.1318836788372 2.61264055001213 1.48277585934832
"304" 296 1.13226922717679 2.61566187592626 1.48369640849375
"305" 297 1.1326711126391 2.61878859249809 1.48461442321526
"306" 298 1.13308876010762 2.62196798420119 1.48552991898881
"307" 299 1.13348929028357 2.6252359119421 1.48644291114432
"308" 300 1.13388034295199 2.62833012585055 1.48735341486752
"309" 301 1.13430063447824 2.63135772814058 1.48826144520179
"310" 302 1.13470459174269 2.63461049105569 1.48916701704999
"311" 303 1.1350966353497 2.63773729881333 1.49007014517614
"312" 304 1.13549167417359 2.64083146721562 1.49097084420728
"313" 305 1.13587014384793 2.64395833887201 1.49186912863511
"314" 306 1.13625873913376 2.64713423914362 1.49276501281773
"315" 307 1.1366458953938 2.65030207657882 1.49365851098125
"316" 308 1.13701502489748 2.65345139171248 1.49454963722146
"317" 309 1.13740729393023 2.6564271584293 1.49543840550549
"318" 310 1.13780766677161 2.65944414427841 1.49632482967329
"319" 311 1.13818219243412 2.66243264895346 1.49720892343929
"320" 312 1.13856143197393 2.66544062967374 1.49809070039388
"321" 313 1.13893825311037 2.66859899820432 1.49897017400494
"322" 314 1.13932829454174 2.67157494911724 1.49984735761937
"323" 315 1.13970067703283 2.6746466497707 1.50072226446448
"324" 316 1.14007203523332 2.67768219348481 1.50159490764951
"325" 317 1.14047397315114 2.68066214508902 1.50246530016704
"326" 318 1.14084956491432 2.68395030632467 1.50333345489436
"327" 319 1.14121544780582 2.68705967693588 1.50419938459484
"328" 320 1.14160600552385 2.6900005021809 1.50506310191939
"329" 321 1.14200286626167 2.69293694383874 1.50592461940766
"330" 322 1.14236378775093 2.69587176276148 1.5067839494895
"331" 323 1.14274278144142 2.69888029712869 1.50764110448613
"332" 324 1.14310109463676 2.7019938665257 1.50849609661152
"333" 325 1.14349941460995 2.70506621611955 1.5093489379736
"334" 326 1.14386274343348 2.70812673863199 1.51019964057553
"335" 327 1.14421020191334 2.71118549347275 1.51104821631689
"336" 328 1.14457177580873 2.71416316391576 1.51189467699496
"337" 329 1.1449487857901 2.71720925232353 1.51273903430581
"338" 330 1.14530933729561 2.72004972458133 1.51358129984551
"339" 331 1.14567266784306 2.7230523000949 1.51442148511138
"340" 332 1.1460323144349 2.72605438764456 1.51525960150296
"341" 333 1.14638943964817 2.72893385679859 1.51609566032323
"342" 334 1.14677297857531 2.7319012428062 1.51692967277975
"343" 335 1.14713630796715 2.73471287891033 1.51776164998564
"344" 336 1.14748160799234 2.73784223547013 1.51859160296076
"345" 337 1.14787398883124 2.74098034531466 1.5194195426327
"346" 338 1.14823716458768 2.74392340295404 1.52024547983785
"347" 339 1.14858675069409 2.74678522493163 1.52106942532243
"348" 340 1.14896858840688 2.74971538686605 1.5218913897435
"349" 341 1.14932177629373 2.75257809006445 1.52271138366992
"350" 342 1.1496613988971 2.75525201857414 1.52352941758346
"351" 343 1.15000985592032 2.75790843210323 1.52434550187959
"352" 344 1.15035358648667 2.76084873141974 1.52515964686858
"353" 345 1.15072838805211 2.76380599048152 1.52597186277642
"354" 346 1.15107152053924 2.76681955663564 1.52678215974569
"355" 347 1.15139891572679 2.76967313889746 1.52759054783651
"356" 348 1.15174828266734 2.77258567200701 1.52839703702749
"357" 349 1.15208636856995 2.77553616947006 1.52920163721656
"358" 350 1.15242045267466 2.77837946364278 1.53000435822189
"359" 351 1.15275126115095 2.78112644482911 1.53080520978276
"360" 352 1.15309359890721 2.78420178522672 1.53160420156035
"361" 353 1.15343978798718 2.78705124756676 1.53240134313871
"362" 354 1.15377714061298 2.78989426411482 1.53319664402544
"363" 355 1.15408932442737 2.79281378958476 1.53399011365268
"364" 356 1.1544150694342 2.795685651375 1.53478176137776
"365" 357 1.15474634613112 2.79848411598826 1.53557159648414
"366" 358 1.15508536348183 2.80135901577085 1.53635962818209
"367" 359 1.15540746139082 2.80419084592255 1.53714586560951
"368" 360 1.1557760610797 2.80689605153335 1.53793031783273
"369" 361 1.15611396475518 2.80970081239957 1.53871299384722
"370" 362 1.15644602019389 2.81248899828512 1.5394939025784
"371" 363 1.15679220494438 2.81527960769988 1.54027305288226
"372" 364 1.15712722635231 2.81796019028843 1.54105045354623
"373" 365 1.15741601097512 2.82059993501471 1.54182611328978
"374" 366 1.15774541017575 2.82335496779583 1.54260004076525
"375" 367 1.15809237560729 2.82607610251208 1.54337224455843
"376" 368 1.15843010010556 2.82880372591456 1.54414273318929
"377" 369 1.15874573466354 2.83146916843659 1.54491151511272
"378" 370 1.15906881874789 2.83416774415834 1.54567859871913
"379" 371 1.15937846754804 2.83712283390037 1.54644399233517
"380" 372 1.15970980174984 2.83979790586838 1.54720770422429
"381" 373 1.16001813600072 2.84277452694211 1.54796974258754
"382" 374 1.16033036344177 2.84545185730278 1.54873011556405
"383" 375 1.16064593693012 2.84810573663097 1.54948883123177
"384" 376 1.16098345106187 2.85085704083 1.55024589760804
"385" 377 1.16128717524199 2.85359402014523 1.55100132265025
"386" 378 1.16161243210424 2.85641918389252 1.55175511425635
"387" 379 1.16189593517515 2.85931114644864 1.55250728026559
"388" 380 1.16218524980534 2.86214306458802 1.55325782845896
"389" 381 1.16250585795539 2.86492320452737 1.55400676655993
"390" 382 1.16282349410205 2.86764519486131 1.55475410223487
"391" 383 1.16313513041974 2.87041316626413 1.55549984309376
"392" 384 1.16347646509463 2.87318913953337 1.55624399669062
"393" 385 1.16375582855612 2.87598475862232 1.55698657052418
"394" 386 1.16408189804348 2.87859313329195 1.55772757203837
"395" 387 1.16441912489268 2.88131096281546 1.55846700862287
"396" 388 1.16474029591631 2.88417885486032 1.55920488761362
"397" 389 1.16504813773964 2.88675166258211 1.5599412162934
"398" 390 1.16538639547075 2.88947027146913 1.56067600189231
"399" 391 1.16567790090242 2.89228518515647 1.56140925158831
"400" 392 1.16599704403466 2.89505180949676 1.56214097250771
"401" 393 1.1663091177586 2.89780842984821 1.56287117172567
"402" 394 1.16659540289669 2.90048522764705 1.56359985626673
"403" 395 1.16688374055984 2.9031132116868 1.56432703310523
"404" 396 1.16716641573135 2.90583591608294 1.56505270916589
"405" 397 1.16744289775806 2.9084285007256 1.56577689132422
"406" 398 1.1677244388018 2.91110160332968 1.56649958640699
"407" 399 1.16803236220288 2.91366662703001 1.56722080119273
"408" 400 1.16832278809763 2.91627876200558 1.56794054241219
"409" 401 1.16863066593987 2.91890362275498 1.56865881674877
"410" 402 1.1689127106815 2.92175223000257 1.56937563083896
"411" 403 1.16922546118499 2.92435937849162 1.57009099127286
"412" 404 1.16953042390302 2.92685794700317 1.57080490459454
"413" 405 1.16982955762535 2.92950550773502 1.57151737730246
"414" 406 1.17013386560091 2.93221832301435 1.57222841585003
"415" 407 1.17042999749766 2.93478936955446 1.57293802664585
"416" 408 1.17072067105309 2.9374080414613 1.5736462160543
"417" 409 1.17101949415343 2.94004172121522 1.57435299039581
"418" 410 1.17131470294378 2.94266489180485 1.57505835594737
"419" 411 1.17160082050688 2.94519944358536 1.57576231894293
"420" 412 1.17188027776395 2.94771890107294 1.57646488557371
"421" 413 1.17216270735481 2.95037037462656 1.57716606198867
"422" 414 1.17243264144819 2.95301206398121 1.5778658542949
"423" 415 1.17273200682161 2.95555708771067 1.57856426855801
"424" 416 1.17302856840215 2.95807597838963 1.57926131080244
"425" 417 1.17331411815337 2.96047938897167 1.5799569870119
"426" 418 1.1736160199949 2.96309741211178 1.58065130312978
"427" 419 1.17390416067859 2.9656890146486 1.58134426505942
"428" 420 1.17419176959533 2.96836691025547 1.5820358786645
"429" 421 1.17450858600593 2.97102458441569 1.58272614976951
"430" 422 1.17480188263938 2.97367989234352 1.58341508415993
"431" 423 1.17506832729109 2.97623117647547 1.58410268758273
"432" 424 1.17534774387655 2.97885231828086 1.58478896574662
"433" 425 1.17561844738449 2.98142255741631 1.58547392432242
"434" 426 1.17589059346516 2.98374829685571 1.58615756894348
"435" 427 1.17616232140256 2.98612832498318 1.58683990520587
"436" 428 1.17642888619595 2.98881979235036 1.58752093866883
"437" 429 1.17669217065254 2.99148920166365 1.58820067485505
"438" 430 1.17697892906747 2.99397807960619 1.588879119251
"439" 431 1.17729709859159 2.99641559919929 1.58955627730725
"440" 432 1.17758479748772 2.99897133426425 1.59023215443879
"441" 433 1.17787537080183 3.00154298956547 1.59090675602535
"442" 434 1.17819589190154 3.00415972717358 1.59158008741171
"443" 435 1.17847169070244 3.00662981743093 1.59225215390799
"444" 436 1.17874709221204 3.00932381208724 1.59292296078998
"445" 437 1.17899566550952 3.01166694015961 1.5935925132994
"446" 438 1.17927857016691 3.01412883650018 1.59426081664425
"447" 439 1.17952755269499 3.01661176989098 1.59492787599909
"448" 440 1.17977824866562 3.01897711816502 1.59559369650528
"449" 441 1.18001593075383 3.0213518982707 1.59625828327132
"450" 442 1.18027506153928 3.02367357292039 1.59692164137312
"451" 443 1.18052832674649 3.02624262537918 1.59758377585428
"452" 444 1.18077246582137 3.02882793094084 1.59824469172636
"453" 445 1.18105252909585 3.03141103081692 1.5989043939692
"454" 446 1.18134024629325 3.03398410937645 1.59956288753111
"455" 447 1.18161686379455 3.0363818432659 1.60022017732919
"456" 448 1.18188404307755 3.03886816058221 1.60087626824962
"457" 449 1.18215837619321 3.04126433869873 1.60153116514789
"458" 450 1.18242557215738 3.04384519293248 1.60218487284903
"459" 451 1.18268290308627 3.0464100230566 1.60283739614793
"460" 452 1.18295004521926 3.04880333907038 1.60348873980957
"461" 453 1.18321998043491 3.05126191601136 1.60413890856926
"462" 454 1.18348332527147 3.05371050205872 1.60478790713288
"463" 455 1.18375418391232 3.05625554193932 1.6054357401772
"464" 456 1.18402519137534 3.05866064525621 1.60608241235003
"465" 457 1.18429276269417 3.06106153748783 1.60672792827052
"466" 458 1.18455703720847 3.06345000426116 1.60737229252935
"467" 459 1.18481911461074 3.06579687263789 1.60801550968902
"468" 460 1.18509160756908 3.06816005497423 1.60865758428409
"469" 461 1.18536840297299 3.07055524489933 1.60929852082136
"470" 462 1.18562125578916 3.07305374220994 1.6099383237801
"471" 463 1.18587838710524 3.07566576187935 1.61057699761236
"472" 464 1.18614093295875 3.0782626511738 1.61121454674307
"473" 465 1.18638550385771 3.0807574058441 1.61185097557038
"474" 466 1.18663695220288 3.08309152351806 1.6124862884658
"475" 467 1.18690718855676 3.0855291715566 1.61312048977445
"476" 468 1.18715352480454 3.08803535075116 1.61375358381526
"477" 469 1.18738424267259 3.09034372654789 1.61438557488125
"478" 470 1.18762082472914 3.09278203707439 1.61501646723961
"479" 471 1.18788318701598 3.09521862516224 1.61564626513203
"480" 472 1.18815306556097 3.09756430610965 1.61627497277485
"481" 473 1.18839901158988 3.09986230688865 1.61690259435925
"482" 474 1.1886661115128 3.10224735419691 1.61752913405157
"483" 475 1.18893745170646 3.10474588715576 1.61815459599329
"484" 476 1.18919725858444 3.10714507203293 1.61877898430147
"485" 477 1.18943411165002 3.109436097868 1.61940230306875
"486" 478 1.18967751903918 3.11184423817054 1.6200245563637
"487" 479 1.18995975904165 3.11420752684434 1.62064574823086
"488" 480 1.19019267343041 3.11671035211354 1.62126588269111
"489" 481 1.19043971283137 3.11907745894002 1.62188496374166
"490" 482 1.19069383204148 3.12143186937084 1.62250299535642
"491" 483 1.19096586813871 3.12385243536141 1.62311998148606
"492" 484 1.19120059759501 3.12627858356833 1.62373592605825
"493" 485 1.19143781339287 3.12857996848134 1.6243508329778
"494" 486 1.19166852573188 3.13089327142726 1.6249647061269
"495" 487 1.19192098040781 3.13329440751106 1.62557754936527
"496" 488 1.19218077765959 3.13569217249488 1.62618936653028
"497" 489 1.19244206086227 3.13809436075965 1.62680016143722
"498" 490 1.1926764561741 3.14049271980638 1.62740993787944
"499" 491 1.19291788509598 3.14289745316561 1.62801869962844
"500" 492 1.1931828508204 3.14512839754548 1.62862645043416
"501" 493 1.19344018607905 3.14739662353326 1.62923319402508
"502" 494 1.19365128922209 3.14971395545562 1.62983893410843
"503" 495 1.19391019945037 3.15196261949775 1.63044367437025
"504" 496 1.19413126351104 3.15424255053259 1.63104741847572
"505" 497 1.19437553666297 3.156839695663 1.63165017006913
"506" 498 1.19461284046649 3.15943253281297 1.63225193277424
"507" 499 1.19484700987235 3.16175704074882 1.63285271019426
"508" 500 1.19507926220576 3.16401762599496 1.63345250591211
"509" 501 1.19531238848404 3.16644121728777 1.63405132349054
"510" 502 1.19555549197529 3.16887248983553 1.63464916647229
"511" 503 1.19580888064674 3.17126412656406 1.63524603838026
"512" 504 1.1960416099676 3.17367738177866 1.63584194271763
"513" 505 1.19627168110146 3.17596626890227 1.63643688296801
"514" 506 1.19651170713424 3.17815362319331 1.63703086259561
"515" 507 1.19673555137285 3.1803733978023 1.6376238850454
"516" 508 1.19698521012631 3.18274615499165 1.63821595374318
"517" 509 1.1972215006806 3.18499240267631 1.63880707209582
"518" 510 1.19747036617444 3.18722153614704 1.63939724349133
"519" 511 1.19771850760177 3.18943991940692 1.63998647129905
"520" 512 1.19796049937637 3.19166458575323 1.64057475886977
"521" 513 1.19820525503669 3.19400046782524 1.6411621095358
"522" 514 1.19844315300235 3.19629873455876 1.64174852661125
"523" 515 1.19866738417673 3.1987337689291 1.64233401339205
"524" 516 1.19885612095375 3.20117725622928 1.64291857315615
"525" 517 1.19906726671791 3.20347597029308 1.64350220916359
"526" 518 1.19931464687565 3.20589852402063 1.64408492465667
"527" 519 1.19957034142339 3.20815446629277 1.6446667228601
"528" 520 1.19981508523214 3.21051212258342 1.6452476069811
"529" 521 1.20003893842048 3.21290437360213 1.64582758020952
"530" 522 1.20025873144699 3.21494756415095 1.646406645718
"531" 523 1.2005004682154 3.21708829952932 1.64698480666206
"532" 524 1.20072660941668 3.21950088583431 1.64756206618029
"533" 525 1.20095974674226 3.22185318831124 1.64813842739433
"534" 526 1.20119132443653 3.22402993167627 1.64871389340918
"535" 527 1.20140556217941 3.2261945916261 1.6492884673132
"536" 528 1.20162443066689 3.22847228319411 1.64986215217827
"537" 529 1.20185289045235 3.23085060871961 1.65043495105982
"538" 530 1.20207444309126 3.23323409134953 1.65100686699717
"539" 531 1.20231356830578 3.23546512954784 1.65157790301338
"540" 532 1.20254830193868 3.23763879368463 1.65214806211557
"541" 533 1.20277009887703 3.23986114781324 1.65271734729491
"542" 534 1.2029883405947 3.24234062224686 1.65328576152675
"543" 535 1.20321736230083 3.24475897537208 1.65385330777085
"544" 536 1.20345350192916 3.24691935745317 1.65441998897135
"545" 537 1.2036854257765 3.24907402900222 1.6549858080569
"546" 538 1.20389573867775 3.25134787093907 1.65555076794088
"547" 539 1.20412589352832 3.253701854081 1.65611487152139
"548" 540 1.20432046181794 3.25600918060392 1.65667812168138
"549" 541 1.20455303577877 3.25823453750868 1.65724052128879
"550" 542 1.20477532453769 3.26050920587082 1.65780207319671
"551" 543 1.20497628550642 3.26289065693779 1.6583627802433
"552" 544 1.20521479094332 3.26514043012929 1.6589226452521
"553" 545 1.20544508236388 3.26745420155938 1.65948167103201
"554" 546 1.20566337883534 3.26967246026419 1.66003986037745
"555" 547 1.20590023267411 3.27188182594717 1.66059721606841
"556" 548 1.20611690184902 3.27435145529899 1.66115374087057
"557" 549 1.20633816056758 3.27669647167457 1.66170943753546
"558" 550 1.20655047554912 3.27900045170843 1.66226430880046
"559" 551 1.20676736427892 3.28123459522955 1.66281835738898
"560" 552 1.2069877364161 3.2834326963131 1.66337158601047
"561" 553 1.20718859853311 3.28562449691663 1.66392399736063
"562" 554 1.20739103806699 3.28782447777291 1.6644755941214
"563" 555 1.20762535408331 3.29001869589082 1.6650263789611
"564" 556 1.20784062884826 3.29221430700394 1.66557635453454
"565" 557 1.20802854725967 3.294442109049 1.6661255234831
"566" 558 1.20823445045756 3.29683079986201 1.66667388843476
"567" 559 1.20845517502824 3.29908272684383 1.66722145200433
"568" 560 1.20866585524514 3.30137363743142 1.66776821679337
"569" 561 1.20889214957875 3.30380695457158 1.66831418539046
"570" 562 1.20910792273744 3.30600940749512 1.66885936037112
"571" 563 1.20933302805582 3.30802999972477 1.66940374429798
"572" 564 1.20955555287906 3.31036020541882 1.66994733972091
"573" 565 1.20976777354041 3.31238452334628 1.67049014917703
"574" 566 1.21000019284339 3.31471122373307 1.67103217519082
"575" 567 1.21021864351772 3.31694604390518 1.67157342027423
"576" 568 1.21044576785259 3.31896945660359 1.67211388692667
"577" 569 1.21066395917311 3.32110842344936 1.67265357763527
"578" 570 1.21088357914596 3.32330428154307 1.67319249487479
"579" 571 1.21108160343672 3.32548293746316 1.67373064110781
"580" 572 1.21129241514174 3.32771623633306 1.67426801878476
"581" 573 1.2114851311721 3.32985415625481 1.674804630344
"582" 574 1.21168509572158 3.33208650651424 1.67534047821192
"583" 575 1.21189538037853 3.33421256493482 1.67587556480303
"584" 576 1.21210867605768 3.33637399661218 1.67640989252003
"585" 577 1.21231866659834 3.3385474264544 1.67694346375383
"586" 578 1.21252491020259 3.34071423489246 1.67747628088377
"587" 579 1.21273797929834 3.34273374857003 1.67800834627751
"588" 580 1.21293860297346 3.34488489042877 1.67853966229126
"589" 581 1.21315504464078 3.34694797806101 1.67907023126978
"590" 582 1.21333573380529 3.34912026100596 1.67960005554648
"591" 583 1.21353184778742 3.35120261823719 1.68012913744347
"592" 584 1.21372910488026 3.35311628951961 1.6806574792717
"593" 585 1.21393429701043 3.3552591469515 1.68118508333089
"594" 586 1.21413924956026 3.35743521697727 1.68171195190982
"595" 587 1.21432400939031 3.35974208300698 1.68223808728618
"596" 588 1.21453896068984 3.36182816058245 1.68276349172675
"597" 589 1.214723889453 3.36384705367931 1.68328816748755
"598" 590 1.21491046026482 3.36587433507964 1.6838121168137
"599" 591 1.21509469877953 3.36803094645959 1.68433534193974
"600" 592 1.21529966054133 3.37022988422051 1.68485784508944
"601" 593 1.21550383333267 3.37238314393336 1.68537962847606
"602" 594 1.21570501775735 3.37454502644817 1.68590069430237
"603" 595 1.21590558546557 3.3767873277308 1.68642104476069
"604" 596 1.21610383731442 3.37910859612484 1.68694068203299
"605" 597 1.21629985090441 3.38128974430786 1.6874596082909
"606" 598 1.21650742369797 3.38346682365612 1.68797782569581
"607" 599 1.21672532822566 3.38558112102731 1.688495336399
"608" 600 1.21692186717574 3.38757089586862 1.68901214254158
"609" 601 1.21714662857221 3.38972864239551 1.68952824625466
"610" 602 1.2173708958139 3.39177148205821 1.69004364965934
"611" 603 1.21756771579901 3.39390816046413 1.69055835486681
"612" 604 1.21773766649174 3.39596301386339 1.69107236397842
"613" 605 1.21793475908594 3.3981714483921 1.69158567908575
"614" 606 1.21813531574705 3.40035134302687 1.69209830227057
"615" 607 1.21833535112846 3.40240069297726 1.69261023560508
"616" 608 1.21854410799553 3.40432427205156 1.69312148115184
"617" 609 1.2187451588435 3.40643659218968 1.69363204096381
"618" 610 1.21895909557593 3.40853818053857 1.69414191708454
"619" 611 1.21914278963804 3.41074806247435 1.6946511115481
"620" 612 1.21932426178143 3.41281532658766 1.6951596263792
"621" 613 1.21952674457393 3.41488463762227 1.69566746359329
"622" 614 1.21971383318058 3.4169410637345 1.69617462519649
"623" 615 1.21991473049194 3.41885819502089 1.69668111318579
"624" 616 1.22011540530532 3.42100150713134 1.69718692954902
"625" 617 1.2203193672225 3.42311174320221 1.69769207626489
"626" 618 1.22050393306948 3.4251556587756 1.69819655530313
"627" 619 1.22069740302503 3.4272228523478 1.69870036862448
"628" 620 1.22090372042784 3.42938648310131 1.6992035181808
"629" 621 1.22110767807745 3.43176399826026 1.69970600591505
"630" 622 1.22130305035167 3.43389515986125 1.70020783376143
"631" 623 1.22150226356172 3.43580309066407 1.7007090036453
"632" 624 1.22170676713295 3.43780879455133 1.7012095174834
"633" 625 1.2218929796542 3.43981000691517 1.70170937718385
"634" 626 1.22210958750533 3.44174215386824 1.70220858464608
"635" 627 1.22231131170533 3.44372728208335 1.70270714176107
"636" 628 1.22251859082574 3.44588919832598 1.70320505041126
"637" 629 1.22270995829887 3.44803284062603 1.70370231247067
"638" 630 1.222881558602 3.44991468415006 1.70419892980497
"639" 631 1.22306679660169 3.45200421611655 1.70469490427143
"640" 632 1.22324042673714 3.45390530307596 1.70519023771907
"641" 633 1.22342878221758 3.45599634003605 1.70568493198872
"642" 634 1.22362435727578 3.45808583126178 1.70617898891293
"643" 635 1.22380940565263 3.46007760204379 1.70667241031621
"644" 636 1.22398843093448 3.46221213359525 1.70716519801488
"645" 637 1.22416352289182 3.46432344948987 1.70765735381738
"646" 638 1.2243523253032 3.46636929284289 1.70814887952398
"647" 639 1.22453715710961 3.46848802895932 1.70863977692715
"648" 640 1.22471683608731 3.4706034969767 1.70913004781139
"649" 641 1.2249074352505 3.47271882034248 1.70961969395336
"650" 642 1.2251112983684 3.47478253657456 1.71010871712195
"651" 643 1.22531982402572 3.47683933845745 1.71059711907828
"652" 644 1.22554251363895 3.47870515810198 1.71108490157576
"653" 645 1.22572652878593 3.4807487637373 1.71157206636013
"654" 646 1.22589759640045 3.48284514674861 1.71205861516952
"655" 647 1.22607279884106 3.48478299896249 1.71254454973449
"656" 648 1.22627827328548 3.4869355723211 1.7130298717781
"657" 649 1.22646834318722 3.48900021926668 1.71351458301585
"658" 650 1.22666655933964 3.49089273677052 1.71399868515588
"659" 651 1.22686149393786 3.49276762050301 1.71448217989892
"660" 652 1.22705183103285 3.49473461598325 1.71496506893828
"661" 653 1.22722811621569 3.49670662306801 1.71544735396008
"662" 654 1.22740834428727 3.49864701856856 1.71592903664304
"663" 655 1.22758632453918 3.50076516515408 1.71641011865876
"664" 656 1.22777142062531 3.50280062339741 1.71689060167159
"665" 657 1.22795084725226 3.50495739856684 1.71737048733881
"666" 658 1.22812841172506 3.50712743579808 1.71784977731055
"667" 659 1.22830513160402 3.5092582730863 1.71832847322986
"668" 660 1.22847390759071 3.51133485581043 1.71880657673282
"669" 661 1.22865634009566 3.51326165543753 1.71928408944856
"670" 662 1.22883139410733 3.51533998327325 1.71976101299917
"671" 663 1.22902684113738 3.51745395877114 1.72023734899991
"672" 664 1.22920927769641 3.51956615134638 1.72071309905926
"673" 665 1.22938521855759 3.52138365434429 1.72118826477871
"674" 666 1.2295711402348 3.52313172225886 1.72166284775312
"675" 667 1.22975880511416 3.5249453406512 1.72213684957055
"676" 668 1.22994140097746 3.52697808294593 1.72261027181233
"677" 669 1.23012910350632 3.52900853204781 1.72308311605319
"678" 670 1.23031033117963 3.53095278060259 1.72355538386123
"679" 671 1.23049145282197 3.53296293139863 1.72402707679788
"680" 672 1.23068343241473 3.53492079133945 1.72449819641816
"681" 673 1.23086951604779 3.5369426618782 1.72496874427043
"682" 674 1.23105104394637 3.53918506390547 1.7254387218967
"683" 675 1.23122237437985 3.54121478025604 1.72590813083243
"684" 676 1.23138422124074 3.5429410839808 1.7263769726068
"685" 677 1.23156796895792 3.54496847640223 1.7268452487425
"686" 678 1.23174946641395 3.54689302665132 1.72731296075596
"687" 679 1.23193544584162 3.5488883752255 1.72778011015733
"688" 680 1.23211544410279 3.55087383554866 1.72824669845045
"689" 681 1.23230468526331 3.55284053353832 1.72871272713297
"690" 682 1.23248208948917 3.55472779861759 1.72917819769634
"691" 683 1.23266773094266 3.55670209752132 1.72964311162588
"692" 684 1.2328398132405 3.55867470443454 1.7301074704007
"693" 685 1.2330161113024 3.56064101302245 1.73057127549394
"694" 686 1.23318523688981 3.56260315278457 1.73103452837262
"695" 687 1.23337539015787 3.5645776115857 1.73149723049776
"696" 688 1.23356763785759 3.56659267909016 1.73195938332442
"697" 689 1.23373038032162 3.56850714116882 1.73242098830164
"698" 690 1.2338990840122 3.57041988766112 1.7328820468726
"699" 691 1.23406681608529 3.57221250059859 1.73334256047457
"700" 692 1.23424399807817 3.5742383264911 1.73380253053897
"701" 693 1.2344319101963 3.57634278572223 1.73426195849143
"702" 694 1.23459872684186 3.57828675344349 1.7347208457517
"703" 695 1.23476971839327 3.58025320619301 1.73517919373389
"704" 696 1.2349486669449 3.58228994623068 1.73563700384629
"705" 697 1.2351288584842 3.58419846207463 1.73609427749156
"706" 698 1.23530672996825 3.58625584221495 1.73655101606664
"707" 699 1.23546518168366 3.5882405364722 1.73700722096288
"708" 700 1.2356376438251 3.59001191414677 1.73746289356601
"709" 701 1.23580874445934 3.59194810981795 1.73791803525618
"710" 702 1.23597397069319 3.5938830922459 1.73837264740804
"711" 703 1.23614946623045 3.59572637003674 1.73882673139065
"712" 704 1.23633065678862 3.59752623358033 1.73928028856771
"713" 705 1.23651334179972 3.5995524889838 1.7397333202973
"714" 706 1.23668680455392 3.6015947751008 1.74018582793226
"715" 707 1.23685719794266 3.60332045495265 1.74063781281993
"716" 708 1.2370361404622 3.60517305727982 1.74108927630228
"717" 709 1.23720847407613 3.60717315800269 1.74154021971599
"718" 710 1.23738053590469 3.60923824263589 1.74199064439242
"719" 711 1.23754388895314 3.61115009324279 1.74244055165768
"720" 712 1.23773005017419 3.61313924712081 1.74288994283253
"721" 713 1.23789152598496 3.61512681113896 1.74333881923263
"722" 714 1.23805545830845 3.61706580355408 1.7437871821684
"723" 715 1.23821741733652 3.61896638009033 1.74423503294506
"724" 716 1.23839898421129 3.62080747332356 1.74468237286276
"725" 717 1.23855592191101 3.6225151111423 1.74512920321646
"726" 718 1.23870623498606 3.62425306515251 1.74557552529612
"727" 719 1.23885263386409 3.62593233604065 1.74602134038658
"728" 720 1.23900797189958 3.62769906012257 1.74646664976766
"729" 721 1.23917573213568 3.62963536606749 1.74691145471424
"730" 722 1.23934287647316 3.63158176467417 1.74735575649612
"731" 723 1.23951782527065 3.63350878886491 1.74779955637824
"732" 724 1.23969325824981 3.63539182367787 1.74824285562056
"733" 725 1.23985962952425 3.63711205958779 1.74868565547818
"734" 726 1.24001606739999 3.63901261981173 1.7491279572013
"735" 727 1.24016796451499 3.64082237130063 1.7495697620353
"736" 728 1.24034145873955 3.64278487390827 1.7500110712207
"737" 729 1.24052348016392 3.6446473931863 1.75045188599325
"738" 730 1.24069819254414 3.64645446562773 1.75089220758391
"739" 731 1.24085915714234 3.64824283490368 1.75133203721895
"740" 732 1.24103342339153 3.64998890608004 1.75177137611984
"741" 733 1.2411993476748 3.65168529008266 1.75221022550341
"742" 734 1.24135651051708 3.65366878384249 1.7526485865818
"743" 735 1.24152987950162 3.6554781882397 1.7530864605625
"744" 736 1.24170183984376 3.65733902385209 1.75352384864835
"745" 737 1.24185848592507 3.65927715399561 1.75396075203768
"746" 738 1.24201626383675 3.66120709411929 1.75439717192411
"747" 739 1.24217216435124 3.66312305729317 1.75483310949685
"748" 740 1.24233175371299 3.66505176333141 1.75526856594043
"749" 741 1.24250771552972 3.66708371763308 1.75570354243504
"750" 742 1.24268011680733 3.66889437287905 1.75613804015623
"751" 743 1.24282596698869 3.67074069568905 1.75657206027519
"752" 744 1.24298899032362 3.67262746548774 1.75700560395869
"753" 745 1.243151243269 3.67432979230732 1.75743867236896
"754" 746 1.24331491616223 3.67614790203156 1.75787126666398
"755" 747 1.24347764863424 3.67811166039734 1.75830338799731
"756" 748 1.24362165180744 3.68000026669867 1.75873503751814
"757" 749 1.24376409251598 3.68172074731752 1.75916621637132
"758" 750 1.24393161232622 3.6835060514676 1.75959692569747
"759" 751 1.24410516479543 3.68537781877672 1.76002716663289
"760" 752 1.24426167046215 3.68723946655658 1.76045694030961
"761" 753 1.24441011164862 3.68895006722984 1.76088624785543
"762" 754 1.24454468731996 3.69079707311034 1.76131509039395
"763" 755 1.24470488302698 3.69266466636141 1.76174346904457
"764" 756 1.24485332758591 3.69449169385595 1.76217138492249
"765" 757 1.2450007151865 3.69620223037157 1.76259883913881
"766" 758 1.24516348846217 3.69796944702241 1.76302583280047
"767" 759 1.24531378040432 3.69985439305286 1.76345236701026
"768" 760 1.24548503532032 3.70173127888489 1.76387844286695
"769" 761 1.24566426625916 3.70360232511189 1.76430406146523
"770" 762 1.24581252079738 3.70547078399602 1.76472922389566
"771" 763 1.24596385863862 3.70732885509221 1.76515393124488
"772" 764 1.24611645090716 3.70921045548221 1.76557818459549
"773" 765 1.24627098500311 3.71101665902683 1.76600198502607
"774" 766 1.24644855515184 3.71275345651787 1.7664253336112
"775" 767 1.24661966919566 3.71448885967444 1.76684823142165
"776" 768 1.24675771088917 3.71622287143136 1.76727067952411
"777" 769 1.24689905019374 3.71795549471396 1.76769267898145
"778" 770 1.24703083089088 3.7196867324372 1.76811423085257
"779" 771 1.24720129883649 3.72141235790241 1.76853533619264
"780" 772 1.247367207113 3.72320029054538 1.76895599605281
"781" 773 1.24751822312811 3.72493481262341 1.76937621148054
"782" 774 1.24766938943644 3.72678812062921 1.76979598351937
"783" 775 1.24782781221536 3.72865926379047 1.77021531320909
"784" 776 1.24798878710726 3.73047531759052 1.77063420158573
"785" 777 1.24814035895518 3.73223847849206 1.77105264968152
"786" 778 1.24830717358911 3.73406263127442 1.77147065852501
"787" 779 1.24846798307895 3.73575277995716 1.77188822914096
"788" 780 1.24862304400324 3.73763109850428 1.77230536255052
"789" 781 1.24877362244386 3.73946220606729 1.77272205977102
"790" 782 1.2489355090096 3.74128317066842 1.77313832181624
"791" 783 1.24906912496972 3.74309904293066 1.77355414969629
"792" 784 1.24922359396518 3.74491223408082 1.7739695444176
"793" 785 1.24937441991213 3.7465173982512 1.77438450698303
"794" 786 1.24953036247678 3.74837648664084 1.77479903839182
"795" 787 1.24967325266541 3.75009113176202 1.77521313963966
"796" 788 1.24983545510957 3.75190791181435 1.77562681171867
"797" 789 1.24999645109143 3.75375010687484 1.77604005561741
"798" 790 1.25013899746563 3.75559095447732 1.7764528723209
"799" 791 1.25028044433486 3.75738593609369 1.77686526281072
"800" 792 1.25044453295487 3.75926406920878 1.77727722806489
"801" 793 1.25059679672421 3.76112197255427 1.77768876905793
"802" 794 1.2507405816623 3.76301112701759 1.77809988676102
"803" 795 1.25089402280245 3.76479726639823 1.77851058214179
"804" 796 1.2510281495153 3.76662553279914 1.77892085616446
"805" 797 1.25117334742005 3.76842814603881 1.77933070978987
"806" 798 1.25132733226035 3.77022943582061 1.77974014397549
"807" 799 1.25147669521967 3.77202423145215 1.78014915967533
"808" 800 1.25162211217324 3.77382101002381 1.78055775784012
"809" 801 1.25178749776919 3.77555882427902 1.78096593941718
"810" 802 1.25191649310088 3.77723415714999 1.78137370535058
"811" 803 1.25205931590452 3.77890052470983 1.78178105658097
"812" 804 1.25219999094329 3.78057003544067 1.78218799404582
"813" 805 1.25234916586844 3.78236289949698 1.78259451867924
"814" 806 1.25250162503007 3.7840983694489 1.78300063141207
"815" 807 1.25266098307123 3.78577015068201 1.78340633317197
"816" 808 1.25280307788697 3.7873814329874 1.78381162488328
"817" 809 1.25294685209505 3.7890873655639 1.78421650746716
"818" 810 1.25308896920134 3.79095497191976 1.78462098184162
"819" 811 1.25322059580492 3.79279613484917 1.78502504892137
"820" 812 1.2533704602902 3.79457322380476 1.78542870961802
"821" 813 1.25351199881237 3.79642276188759 1.78583196483997
"822" 814 1.2536529124714 3.79818079273479 1.78623481549255
"823" 815 1.25380877199625 3.80009997299395 1.78663726247789
"824" 816 1.25396237303703 3.80189827185242 1.78703930669505
"825" 817 1.25409395108595 3.8036196532602 1.78744094903993
"826" 818 1.25423466257452 3.80532853955682 1.7878421904054
"827" 819 1.2543837174701 3.80715627912598 1.78824303168126
"828" 820 1.25450724083105 3.80898905811076 1.78864347375421
"829" 821 1.2546496346783 3.81081770900358 1.78904351750795
"830" 822 1.25480290588353 3.81264509239587 1.78944316382307
"831" 823 1.25495248036394 3.81447121070668 1.78984241357725
"832" 824 1.25511085476649 3.816291780023 1.79024126764512
"833" 825 1.25527292509466 3.81810997227993 1.79063972689833
"834" 826 1.25543509873031 3.81989855724004 1.79103779220552
"835" 827 1.25558675376941 3.82159570144095 1.79143546443241
"836" 828 1.25574268653437 3.82329300363937 1.7918327444418
"837" 829 1.25588628628488 3.82498797448066 1.79222963309346
"838" 830 1.25604745043294 3.8268368924974 1.79262613124433
"839" 831 1.25619039889852 3.82855025230168 1.79302223974842
"840" 832 1.25633694242039 3.83017509774733 1.79341795945685
"841" 833 1.25648361218954 3.83182986424057 1.79381329121781
"842" 834 1.25662814072347 3.83359413046255 1.79420823587672
"843" 835 1.256788948896 3.83535620872589 1.79460279427607
"844" 836 1.25693065300073 3.83711705713557 1.79499696725555
"845" 837 1.25706420077649 3.8389035617147 1.79539075565196
"846" 838 1.25720118242995 3.84064367627905 1.79578416029936
"847" 839 1.25734698102173 3.84239878171713 1.79617718202903
"848" 840 1.25749272991385 3.8441411443572 1.79656982166933
"849" 841 1.25763041133282 3.8458175776385 1.79696208004599
"850" 842 1.25776809859777 3.84747910071932 1.79735395798186
"851" 843 1.25791740962469 3.84919235701926 1.79774545629715
"852" 844 1.25806926530528 3.85090454901859 1.79813657580921
"853" 845 1.2582263358808 3.8525834743888 1.79852731733279
"854" 846 1.25837091012613 3.85429400326837 1.79891768167983
"855" 847 1.25849224438007 3.85603323424835 1.79930766965962
"856" 848 1.25861709044293 3.85776323567937 1.7996972820787
"857" 849 1.25875574719305 3.85944329010253 1.80008651974103
"858" 850 1.25889908444416 3.86118010989199 1.80047538344784
"859" 851 1.25904562485701 3.86288798734994 1.80086387399769
"860" 852 1.25917994526758 3.86454826743612 1.80125199218656
"861" 853 1.25930361028832 3.86620900507239 1.80163973880774
"862" 854 1.25943294965608 3.86786963513463 1.80202711465198
"863" 855 1.25957682600112 3.86955063324629 1.80241412050726
"864" 856 1.25972787855534 3.87118546147705 1.80280075715923
"865" 857 1.25986342456609 3.87290902286446 1.80318702539067
"866" 858 1.26001845895029 3.87464284154461 1.80357292598201
"867" 859 1.26014653956755 3.87640031893617 1.803958459711
"868" 860 1.26027023635982 3.87805596341794 1.80434362735286
"869" 861 1.26040248436248 3.87964037397182 1.80472842968033
"870" 862 1.26053597247675 3.88127675866825 1.80511286746358
"871" 863 1.26067267865855 3.88298039394512 1.80549694147021
"872" 864 1.26082763115424 3.88467703543737 1.80588065246542
"873" 865 1.26098398007192 3.8863289907488 1.8062640012119
"874" 866 1.26112593321618 3.88797971803055 1.80664698846977
"875" 867 1.26125109512599 3.88962929350349 1.80702961499677
"876" 868 1.26136137049233 3.89127771929837 1.80741188154811
"877" 869 1.26150639797555 3.8929249975399 1.80779378887669
"878" 870 1.26162986755411 3.89457113034558 1.80817533773272
"879" 871 1.26176946220969 3.89621611982765 1.80855652886426
"880" 872 1.2619087037705 3.89785467462981 1.80893736301677
"881" 873 1.26204549268413 3.89949112753342 1.8093178409334
"882" 874 1.26217038067504 3.90112644437404 1.80969796335478
"883" 875 1.26232339174164 3.90288106824937 1.81007773101935
"884" 876 1.26246707129869 3.90444694352363 1.81045714466297
"885" 877 1.26260320174045 3.90606197689762 1.81083620501929
"886" 878 1.26275257743377 3.90769709136647 1.81121491281949
"887" 879 1.26291218582215 3.90934097453012 1.81159326879252
"888" 880 1.26305665746409 3.91098373202722 1.81197127366489
"889" 881 1.26319855344938 3.91292414360473 1.81234892816082
"890" 882 1.26334589583303 3.91472910117242 1.81272623300231
"891" 883 1.26348130587455 3.91634183330042 1.8131031889089
"892" 884 1.26360856407483 3.91814022081272 1.81347979659792
"893" 885 1.26374024251156 3.91986843026335 1.81385605678443
"894" 886 1.26389676888759 3.92149888051422 1.81423197018114
"895" 887 1.26402090418119 3.92329180799687 1.81460753749862
"896" 888 1.26415519922614 3.92480649933499 1.81498275944509
"897" 889 1.26428637583355 3.92640608258573 1.8153576367265
"898" 890 1.26442598813776 3.92812039899889 1.81573217004669
"899" 891 1.26455828273752 3.92977742260183 1.81610636010713
"900" 892 1.26469937857474 3.93125907237503 1.81648020760714
"901" 893 1.26485199851686 3.93267973395249 1.81685371324389
"902" 894 1.26498388748963 3.93447848152893 1.81722687771228
"903" 895 1.26511960796675 3.9362715287033 1.817599701705
"904" 896 1.26524437405714 3.93808720216749 1.81797218591264
"905" 897 1.26539721577127 3.93989334413014 1.81834433102356
"906" 898 1.26554888124912 3.94155983083226 1.81871613772402
"907" 899 1.26566203841889 3.94321534923453 1.81908760669802
"908" 900 1.26580974711009 3.94485751268505 1.81945873862754
"909" 901 1.26593466017949 3.94649477697088 1.81982953419232
"910" 902 1.26606358736036 3.94802221128801 1.82019999407009
"911" 903 1.26621228458028 3.94950809737704 1.82057011893641
"912" 904 1.26634683789597 3.95110716832256 1.8209399094647
"913" 905 1.26647774275879 3.95285546806733 1.82130936632629
"914" 906 1.26662851187959 3.95461060573984 1.82167849019048
"915" 907 1.26676635866393 3.95629598353527 1.82204728172448
"916" 908 1.26689463631122 3.95787466278297 1.82241574159338
"917" 909 1.26702410244936 3.95958650211594 1.82278387046022
"918" 910 1.26715051450527 3.96125455803315 1.823151668986
"919" 911 1.26727183314317 3.96277554938232 1.82351913782969
"920" 912 1.26739819368396 3.96435871905898 1.82388627764821
"921" 913 1.2675242535591 3.96594325574311 1.82425308909646
"922" 914 1.26765095536164 3.96755098004539 1.8246195728273
"923" 915 1.2677889654492 3.9692157911069 1.82498572949158
"924" 916 1.26792699305324 3.97087953953445 1.8253515597382
"925" 917 1.26807747345382 3.97254222716521 1.82571706421401
"926" 918 1.26820915067512 3.9742030718996 1.82608224356387
"927" 919 1.26834256441361 3.9757957207154 1.82644709843072
"928" 920 1.26848385394313 3.97752394357128 1.82681162945545
"929" 921 1.26862751614831 3.97917844550082 1.82717583727708
"930" 922 1.26875056227895 3.98080340537906 1.8275397225326
"931" 923 1.26886160447425 3.98244383740767 1.82790328585705
"932" 924 1.26899195077438 3.98407522499772 1.82826652788369
"933" 925 1.26912058789888 3.98573624755278 1.82862944924359
"934" 926 1.26925129515741 3.98746955303927 1.82899205056614
"935" 927 1.2693725357098 3.98912314800406 1.82935433247865
"936" 928 1.26951054474204 3.99077637158258 1.82971629560668
"937" 929 1.26963739098818 3.99243206650975 1.83007794057368
"938" 930 1.26977803486235 3.99408114943291 1.83043926800144
"939" 931 1.26990095066113 3.99572919673918 1.83080027850971
"940" 932 1.27002780679795 3.99737062222874 1.83116097271643
"941" 933 1.27015655618112 3.9989845635803 1.83152135123769
"942" 934 1.27027915798432 4.00057350860251 1.83188141468766
"943" 935 1.27041365507536 4.002265365521 1.83224116367871
"944" 936 1.27054738930798 4.00381541142558 1.83260059882137
"945" 937 1.27068231893343 4.00542959709764 1.83295972072426
"946" 938 1.27081638496726 4.00703889954639 1.83331852999425
"947" 939 1.27094554546511 4.00864670477853 1.83367702723635
"948" 940 1.27105494143452 4.01025349340051 1.83403521305383
"949" 941 1.27116321298788 4.01185926713536 1.83439308804804
"950" 942 1.27130170079714 4.01346402770189 1.83475065281863
"951" 943 1.27143749293849 4.01522479233434 1.83510790796336
"952" 944 1.27157621965016 4.01689013940172 1.83546485407829
"953" 945 1.27170194115798 4.01840698099807 1.83582149175765
"954" 946 1.27184018011414 4.01992282776016 1.83617782159397
"955" 947 1.27196554839344 4.02147192277757 1.83653384417788
"956" 948 1.27209030690268 4.02307491582877 1.83688956009844
"957" 949 1.27221513294287 4.02475266898523 1.83724496994282
"958" 950 1.27233919273171 4.02642941596126 1.83760007429654
"959" 951 1.27246505087423 4.02794242794374 1.83795487374322
"960" 952 1.27260680933179 4.02944059574808 1.83830936886503
"961" 953 1.272741775808 4.03103364491378 1.83866356024209
"962" 954 1.27287013285584 4.03280985695051 1.83901744845312
"963" 955 1.27298420175911 4.03445792460777 1.83937103407491
"964" 956 1.27310541399712 4.03618861591063 1.83972431768263
"965" 957 1.27322637034004 4.03791762948556 1.84007729984975
"966" 958 1.27334475345623 4.03950452363617 1.84042998114812
"967" 959 1.27346757575795 4.04100892750226 1.84078236214779
"968" 960 1.27358834204669 4.04251184211871 1.84113444341721
"969" 961 1.2737084189034 4.0440050287148 1.84148622552316
"970" 962 1.27382394558486 4.04564086131651 1.84183770903075
"971" 963 1.27394666095058 4.04728290314384 1.84218889450337
"972" 964 1.2740691343336 4.04892396305422 1.84253978250287
"973" 965 1.27418895223625 4.05060093621661 1.84289037358947
"974" 966 1.27430864821641 4.05232726476883 1.84324066832165
"975" 967 1.27442855893552 4.05396277081915 1.84359066725628
"976" 968 1.27454797505574 4.05547841556054 1.84394037094867
"977" 969 1.27466242567252 4.05705686383926 1.84428977995253
"978" 970 1.27477222041248 4.05860918045546 1.8446388948199
"979" 971 1.27488942816155 4.06031573184591 1.84498771610121
"980" 972 1.27500741612372 4.06168458487378 1.84533624434536
"981" 973 1.27513453353777 4.06322877036616 1.84568448009956
"982" 974 1.27524265121751 4.06485523573602 1.84603242390956
"983" 975 1.2753581740738 4.06648065419573 1.84638007631951
"984" 976 1.27547961929245 4.06810511022926 1.84672743787184
"985" 977 1.27560659958587 4.06969924446819 1.84707450910762
"986" 978 1.27574377990084 4.071226037365 1.84742129056619
"987" 979 1.27587402659113 4.07275188256999 1.84776778278549
"988" 980 1.27600858550176 4.07427391249832 1.84811398630181
"989" 981 1.27613745314308 4.07578556262686 1.84845990164994
"990" 982 1.27625795985605 4.077296271475 1.84880552936311
"991" 983 1.27637821338236 4.07881407978178 1.84915086997302
"992" 984 1.27649299351593 4.08044638032476 1.84949592400993
"993" 985 1.27661178721095 4.08205062798366 1.84984069200244
"994" 986 1.27672408759627 4.0836511260777 1.85018517447772
"995" 987 1.27684404639307 4.08523984015106 1.85052937196152
"996" 988 1.27695295497118 4.086827612428 1.8508732849779
"997" 989 1.27706148239849 4.08841444441926 1.85121691404954
"998" 990 1.27717193321558 4.08999879852369 1.85156025969768
"999" 991 1.27729369104727 4.09150205623306 1.85190332244197
"1000" 992 1.27741252481856 4.0930850186393 1.8522461028007
"1001" 993 1.2775220552753 4.09449493761363 1.85258860129053
"1002" 994 1.27764995230696 4.09600995207453 1.85293081842679
"1003" 995 1.27778374419394 4.09735537300734 1.85327275472331
"1004" 996 1.27791817346775 4.09893587235366 1.85361441069247
"1005" 997 1.27803493036011 4.10058717380346 1.85395578684518
"1006" 998 1.27815337531312 4.10221964660518 1.85429688369092
"1007" 999 1.27828640734494 4.10370907670583 1.85463770173776
"1008" 1000 1.27840269486837 4.10522306844218 1.8549782414923
