"T" "IC_low" "IC_up" "x_ML"
"1" 1.1 0.774018983409435 0.799984683382438 0.784563737927833
"2" 1.2 0.784000109244639 0.816497670912826 0.797215106287509
"3" 1.3 0.793240722677624 0.831402895319445 0.808785139923393
"4" 1.4 0.801833933047573 0.844986813031801 0.819439467403641
"5" 1.5 0.809885838020002 0.857458101124482 0.829308672678422
"6" 1.6 0.817425926202552 0.868993263889059 0.83849749429128
"7" 1.7 0.82456463154997 0.879641391350654 0.847091197966625
"8" 1.8 0.831282193304103 0.889649752095912 0.85516010323403
"9" 1.9 0.837659867185767 0.899053009232744 0.862762869814524
"10" 2 0.843736144038407 0.907891489009912 0.869948929819388
"11" 3 0.891545629350225 0.975762627620976 0.925851280733627
"12" 4 0.925120711565523 1.02313145941769 0.964559904990519
"13" 5 0.950675111272513 1.06030520398373 0.994050490663184
"14" 6 0.971113327750538 1.09132850721868 1.01780521515454
"15" 7 0.988046792129887 1.11830577035972 1.03765352355313
"16" 8 1.00236990534489 1.14254018890972 1.05467401710783
"17" 9 1.01478340637486 1.16448759348405 1.06955519183734
"18" 10 1.02573690461025 1.18490446865304 1.08276291418246
"19" 11 1.03536940593905 1.20365680937922 1.09462682315649
"20" 12 1.0440501141176 1.22093330304227 1.10538857576408
"21" 13 1.05195315673005 1.23728015747465 1.11523050243249
"22" 14 1.0591552725627 1.25256147401784 1.12429349335038
"23" 15 1.06571615258625 1.26703537457728 1.13268862837303
"24" 16 1.07174744156696 1.28078709364351 1.14050500223406
"25" 17 1.07739901528866 1.29397453036279 1.1478151453196
"26" 18 1.08269658702768 1.30659379833773 1.15467887419328
"27" 19 1.08763767589247 1.3185757949394 1.16114608712602
"28" 20 1.0922657047795 1.33008160090236 1.16725883302014
"29" 21 1.09659180944279 1.34131552052867 1.17305286884685
"30" 22 1.10072772735139 1.35190892028865 1.1785588499738
"31" 23 1.10460826541264 1.3625027155167 1.18380325239529
"32" 24 1.10826108488048 1.3725103412586 1.18880909609276
"33" 25 1.11169936146348 1.38207585646535 1.19359651877981
"34" 26 1.11501659749815 1.39128890859962 1.19818323563253
"35" 27 1.11815877570845 1.40023626877582 1.20258491111074
"36" 28 1.12116686798665 1.40902236658039 1.20681546226602
"37" 29 1.12403949990036 1.41755289193325 1.21088730812206
"38" 30 1.12677296086859 1.42606758512186 1.214811576219
"39" 31 1.12937708507199 1.43411955000769 1.21859827484283
"40" 32 1.13190435024317 1.4420551161419 1.2222564375492
"41" 33 1.13441078473162 1.44968197393244 1.22579424515389
"42" 34 1.13674826849889 1.45725866165646 1.22921912927087
"43" 35 1.13896963824759 1.46461971846624 1.23253786064297
"44" 36 1.14117372756167 1.47168518762423 1.23575662486424
"45" 37 1.14327677025858 1.47884793743414 1.23888108758974
"46" 38 1.14534438447523 1.48563916851212 1.24191645093361
"47" 39 1.14730899300004 1.49229400842783 1.24486750244406
"48" 40 1.14923777241722 1.49886650613397 1.24773865779546
"49" 41 1.15107376426855 1.50543663797994 1.2505339981387
"50" 42 1.15290348429539 1.51177656013843 1.25325730289087
"51" 43 1.15465947933951 1.51806488915999 1.2559120786152
"52" 44 1.15632888269957 1.52414364750328 1.25850158453676
"53" 45 1.15794261040349 1.53029005154025 1.26102885515237
"54" 46 1.15956032253509 1.53625660711607 1.26349672032246
"55" 47 1.16113070801154 1.54197045923613 1.26590782317323
"56" 48 1.16263788216264 1.54787390939145 1.2682646360889
"57" 49 1.16408860731591 1.55364726289418 1.27056947503299
"58" 50 1.16553367277281 1.55934683278732 1.27282451240339
"59" 51 1.16694367547878 1.5646933320301 1.27503178859747
"60" 52 1.16830964080784 1.569948518291 1.27719322243907
"61" 53 1.16966280010149 1.57525953159902 1.27931062059905
"62" 54 1.17098160942839 1.58051021050188 1.28138568612345
"63" 55 1.17226171465121 1.58579487548143 1.28342002616863
"64" 56 1.1735106484243 1.59085355621291 1.28541515903011
"65" 57 1.17474009111543 1.59588636992676 1.28737252054094
"66" 58 1.1759256869662 1.60091849990464 1.28929346990611
"67" 59 1.17707239450027 1.60556633617582 1.29117929503155
"68" 60 1.17824324494732 1.61053122260297 1.29303121739922
"69" 61 1.1793678242956 1.61526228570875 1.29485039653377
"70" 62 1.18046317061015 1.61993037154127 1.29663793410122
"71" 63 1.18152448251446 1.62461733116485 1.29839487767517
"72" 64 1.18257002458372 1.62918519881263 1.30012222420254
"73" 65 1.18359320068699 1.63371287802634 1.30182092319683
"74" 66 1.18460034406889 1.63826735331703 1.30349187968449
"75" 67 1.18562191642507 1.64264111274747 1.30513595692659
"76" 68 1.18661981686273 1.64694696214363 1.30675397893617
"77" 69 1.18754111397922 1.65120807365783 1.30834673280943
"78" 70 1.18849577945216 1.65549685347983 1.30991497088676
"79" 71 1.18940056629841 1.65999761503081 1.31145941275855
"80" 72 1.19032679522973 1.66414612270775 1.31298074712879
"81" 73 1.19119830885671 1.66830928676519 1.31447963354828
"82" 74 1.19208257263094 1.67256877131196 1.31595670402853
"83" 75 1.19295678669126 1.6767604985711 1.31741256454565
"84" 76 1.19382487077317 1.68061281763974 1.31884779644346
"85" 77 1.19467279231335 1.68459019048702 1.32026295774349
"86" 78 1.19549246543836 1.68837438081443 1.32165858436944
"87" 79 1.19627847249555 1.69213488235659 1.32303519129251
"88" 80 1.19704241164891 1.69602764180289 1.32439327360369
"89" 81 1.19781890217471 1.69990567022912 1.32573330751861
"90" 82 1.19856572063988 1.70346132045179 1.32705575131984
"91" 83 1.19930487973073 1.7070876293674 1.32836104624134
"92" 84 1.20006880375189 1.71066071589642 1.32964961729916
"93" 85 1.20078926942602 1.71422909662752 1.3309218740724
"94" 86 1.20151498428839 1.71781480766974 1.3321782114378
"95" 87 1.20221967203468 1.72150575354017 1.33341901026134
"96" 88 1.20289364410517 1.72497289694775 1.33464463804974
"97" 89 1.2035853505435 1.72852751506489 1.33585544956464
"98" 90 1.20426372990273 1.73195726534062 1.33705178740207
"99" 91 1.20491130364609 1.73534796530034 1.33823398253935
"100" 92 1.20555395103507 1.73868714868369 1.33940235485184
"101" 93 1.20619018451316 1.74200357645894 1.3405572136012
"102" 94 1.20684417033551 1.74534224368599 1.34169885789736
"103" 95 1.2074899514694 1.74879400191964 1.34282757713558
"104" 96 1.20810198783158 1.75202978383671 1.34394365141035
"105" 97 1.20873114203317 1.75516912085795 1.34504735190762
"106" 98 1.20931019037057 1.7583943815949 1.3461389412765
"107" 99 1.20993971062744 1.76161598060287 1.34721867398198
"108" 100 1.21054106379788 1.76504465470124 1.34828679663956
"109" 101 1.21111277682076 1.76804251941558 1.3493435483331
"110" 102 1.21172245566086 1.77129250832714 1.35038916091672
"111" 103 1.21226961829764 1.77429668536022 1.35142385930183
"112" 104 1.21283475256529 1.7773555969873 1.35244786173007
"113" 105 1.21341262681916 1.78032527349934 1.35346138003298
"114" 106 1.21396227740241 1.78349756172906 1.35446461987932
"115" 107 1.21448958915557 1.78660053698689 1.35545778101044
"116" 108 1.21498428144079 1.78954064552175 1.35644105746469
"117" 109 1.2155088230201 1.79255545687085 1.35741463779129
"118" 110 1.21603460090559 1.79552760111954 1.35837870525432
"119" 111 1.21658000050078 1.79835688726856 1.35933343802734
"120" 112 1.21708188106991 1.80116189886845 1.36027900937912
"121" 113 1.21759329005126 1.804084557375 1.36121558785112
"122" 114 1.21808753489613 1.80696734844077 1.36214333742692
"123" 115 1.21857749548073 1.80966286044443 1.3630624176942
"124" 116 1.21907645843897 1.81259440242269 1.36397298399965
"125" 117 1.21956923939601 1.81544024570723 1.36487518759704
"126" 118 1.22004171503845 1.81823588069618 1.36576917578903
"127" 119 1.22047048715354 1.82109778125921 1.36665509206278
"128" 120 1.22096534362665 1.82391879347977 1.36753307621993
"129" 121 1.22142873201029 1.82662564886122 1.36840326450102
"130" 122 1.22188606300806 1.82931160370745 1.36926578970477
"131" 123 1.22233782190827 1.83209154872021 1.37012078130241
"132" 124 1.22279087193182 1.83484453188399 1.37096836554732
"133" 125 1.22321830054632 1.8375246795746 1.3718086655802
"134" 126 1.22365934033101 1.8401097706604 1.37264180153
"135" 127 1.22409887316622 1.84259207267243 1.37346789061078
"136" 128 1.22451737409086 1.84542735244977 1.37428704721477
"137" 129 1.22492715278727 1.84792250113159 1.37509938300172
"138" 130 1.22532480891309 1.85046035605728 1.37590500698475
"139" 131 1.22573850510968 1.85305219579854 1.3767040256129
"140" 132 1.22616900950422 1.85559020935944 1.37749654285043
"141" 133 1.22658804996116 1.85812652363301 1.37828266025322
"142" 134 1.22700608157092 1.86065225808772 1.37906247704206
"143" 135 1.22739692059864 1.86312982011668 1.3798360901734
"144" 136 1.22780040421909 1.8655754776338 1.38060359440732
"145" 137 1.22820044465876 1.86809105283138 1.38136508237296
"146" 138 1.22859469622345 1.87050502667413 1.38212064463167
"147" 139 1.228968321608 1.87296560641758 1.3828703697377
"148" 140 1.22935538086228 1.87545891833488 1.38361434429676
"149" 141 1.22973988997793 1.87765679602927 1.38435265302249
"150" 142 1.23010895388886 1.88010679834751 1.38508537879083
"151" 143 1.23046814966821 1.88250082036678 1.38581260269251
"152" 144 1.23082852152496 1.88481122523917 1.38653440408371
"153" 145 1.23121087398415 1.88748730809485 1.38725086063484
"154" 146 1.2315712434612 1.88969312278872 1.38796204837776
"155" 147 1.23194504287581 1.89190230282079 1.38866804175123
"156" 148 1.23230712476792 1.89420560605915 1.38936891364493
"157" 149 1.23265479272335 1.89667382045696 1.39006473544184
"158" 150 1.23300534988384 1.89900053399849 1.3907555770593
"159" 151 1.23334047167192 1.9013209943012 1.39144150698861
"160" 152 1.23367695422289 1.90353377724783 1.39212259233336
"161" 153 1.2340130425265 1.90590695450591 1.39279889884645
"162" 154 1.23433262399944 1.9081276715368 1.39347049096589
"163" 155 1.23465669354286 1.91040095155373 1.39413743184943
"164" 156 1.23499547197125 1.9125584863603 1.3947997834081
"165" 157 1.23533441339916 1.91480099329599 1.39545760633857
"166" 158 1.23566413773431 1.91696871384743 1.39611096015459
"167" 159 1.23598077405608 1.91901975598342 1.39675990321729
"168" 160 1.23630393441213 1.92118450590404 1.39740449276465
"169" 161 1.23662184993893 1.92344893062767 1.39804478493997
"170" 162 1.23695080346963 1.92568400610751 1.39868083481939
"171" 163 1.23727122900588 1.92779608977951 1.39931269643869
"172" 164 1.23756629634709 1.92990285089138 1.39994042281917
"173" 165 1.23785214542093 1.93202023620504 1.4005640659927
"174" 166 1.23815472850912 1.9340415255906 1.40118367702608
"175" 167 1.23844252583712 1.93612965084551 1.40179930604467
"176" 168 1.23873815370557 1.93824713202821 1.40241100225516
"177" 169 1.23903003139996 1.94028989068829 1.40301881396788
"178" 170 1.23931661931263 1.94248153287484 1.4036227886182
"179" 171 1.23960282844823 1.94447345802209 1.4042229727875
"180" 172 1.23989586120353 1.94652522036388 1.40481941222342
"181" 173 1.24018455180321 1.94850771415472 1.40541215185949
"182" 174 1.24047396470124 1.95050196568377 1.40600123583424
"183" 175 1.24076788287518 1.95244024627282 1.40658670750978
"184" 176 1.24103120348814 1.95440331478211 1.40716860948976
"185" 177 1.24130909323611 1.95625673834922 1.40774698363686
"186" 178 1.24158943696456 1.9582215748682 1.4083218710898
"187" 179 1.24186067420663 1.96014121946801 1.40889331227982
"188" 180 1.24212577607983 1.96202967411627 1.40946134694676
"189" 181 1.24238192725202 1.96396519747801 1.4100260141546
"190" 182 1.24266031080976 1.96605174196248 1.41058735230664
"191" 183 1.24293054714717 1.96787944783952 1.41114539916023
"192" 184 1.24320412972174 1.96984772481953 1.41170019184108
"193" 185 1.24343811996414 1.97174108726125 1.41225176685722
"194" 186 1.2437050393266 1.9737004065052 1.41280016011253
"195" 187 1.24396522266231 1.97573865844403 1.41334540691994
"196" 188 1.24421051498207 1.9776634578982 1.41388754201422
"197" 189 1.24444554091803 1.97960406290876 1.41442659956452
"198" 190 1.24469536705322 1.98148637453244 1.41496261318644
"199" 191 1.24494540800549 1.98329513301953 1.41549561595393
"200" 192 1.24520453645183 1.985167141731 1.41602564041078
"201" 193 1.24545343424379 1.98701685547516 1.41655271858178
"202" 194 1.24568369066367 1.98896940682911 1.4170768819837
"203" 195 1.24592218562411 1.99089029666053 1.41759816163588
"204" 196 1.24620504527074 1.99277047024923 1.41811658807061
"205" 197 1.24644388768857 1.9945510595683 1.41863219134318
"206" 198 1.24666425169061 1.99640530896843 1.41914500104175
"207" 199 1.24691683182308 1.99820352152719 1.4196550462969
"208" 200 1.24713696783462 2.00001783262678 1.42016235579099
"209" 201 1.24737157174842 2.0018508474106 1.42066695776721
"210" 202 1.24761823592047 2.00351390402137 1.42116888003851
"211" 203 1.24785706980632 2.00522718590713 1.4216681499962
"212" 204 1.24810113210019 2.00699467721754 1.42216479461841
"213" 205 1.24833245649067 2.00866988244661 1.42265884047829
"214" 206 1.24855835189301 2.01046048693039 1.42315031375205
"215" 207 1.24881392965961 2.01218593171864 1.42363924022677
"216" 208 1.24904371608364 2.01392735022557 1.42412564530803
"217" 209 1.2492555101778 2.01572187899528 1.42460955402737
"218" 210 1.24947845155488 2.01744187684753 1.42509099104955
"219" 211 1.24970037733826 2.01926261430528 1.42556998067962
"220" 212 1.24990761099253 2.02100866240852 1.42604654686989
"221" 213 1.25012918075069 2.02281365214433 1.42652071322664
"222" 214 1.25034896308605 2.02446038664383 1.42699250301671
"223" 215 1.25055766439402 2.02610621344761 1.42746193917401
"224" 216 1.25078442676714 2.02784401580697 1.42792904430572
"225" 217 1.25100639232809 2.02955497682377 1.42839384069847
"226" 218 1.25120484316144 2.03132322953251 1.42885635032437
"227" 219 1.25140954177945 2.0330097553142 1.4293165948468
"228" 220 1.25161495124659 2.03470685809908 1.4297745956262
"229" 221 1.25181487158811 2.03647929918349 1.43023037372561
"230" 222 1.25204313603994 2.03803846007497 1.43068394991616
"231" 223 1.25224583941003 2.03970436676557 1.43113534468241
"232" 224 1.25245707578346 2.04130900911731 1.43158457822757
"233" 225 1.25268000134878 2.04313037724219 1.43203167047858
"234" 226 1.25287574152913 2.04477711730985 1.4324766410911
"235" 227 1.25307093949661 2.04637058336893 1.43291950945442
"236" 228 1.25326908758211 2.04798178589792 1.43336029469618
"237" 229 1.25347612725057 2.04955148881536 1.43379901568706
"238" 230 1.25367015288581 2.05120340058008 1.4342356910453
"239" 231 1.25387122275919 2.05279684481779 1.43467033914121
"240" 232 1.25407547078525 2.05444224161455 1.43510297810149
"241" 233 1.25426951723629 2.05598569690456 1.4355336258135
"242" 234 1.25444639751196 2.05775054308689 1.43596229992944
"243" 235 1.25465035318606 2.05938609173413 1.43638901787043
"244" 236 1.25483969333982 2.06090736680915 1.4368137968305
"245" 237 1.25502619864212 2.0626158822703 1.43723665378048
"246" 238 1.25521836655328 2.06415908001171 1.43765760547188
"247" 239 1.25540157134533 2.06575096769082 1.43807666844057
"248" 240 1.25558272178618 2.06723392471326 1.43849385901045
"249" 241 1.25577509799891 2.06883339774603 1.43890919329711
"250" 242 1.25596212265454 2.07030566747188 1.43932268721123
"251" 243 1.25614997167007 2.07180972215944 1.43973435646212
"252" 244 1.25634537035464 2.07333288453119 1.44014421656101
"253" 245 1.25652052262986 2.07486070361205 1.4405522828244
"254" 246 1.25671404367141 2.07638014125463 1.44095857037726
"255" 247 1.25688815649867 2.07790776448672 1.44136309415618
"256" 248 1.2570564431032 2.07955380199796 1.44176586891252
"257" 249 1.25724484102794 2.0809058985002 1.44216690921537
"258" 250 1.25740824863696 2.08239910820682 1.4425662294546
"259" 251 1.25759430155077 2.0837331556882 1.44296384384372
"260" 252 1.25776367754256 2.08536460705746 1.44335976642273
"261" 253 1.2579392122736 2.08687135832144 1.44375401106096
"262" 254 1.25810358098403 2.08847640948265 1.44414659145978
"263" 255 1.25827946788803 2.08984406495102 1.44453752115527
"264" 256 1.25845723978703 2.09135582505624 1.44492681352091
"265" 257 1.25863555217862 2.09275577788707 1.44531448177009
"266" 258 1.25880603143061 2.09424378338443 1.44570053895868
"267" 259 1.2589783177017 2.09567226035947 1.44608499798752
"268" 260 1.25914992225457 2.09719987354512 1.44646787160481
"269" 261 1.25931384969059 2.09885368152011 1.44684917240855
"270" 262 1.25948253950673 2.10036700345034 1.44722891284881
"271" 263 1.25963972670083 2.10194389816184 1.4476071052301
"272" 264 1.25981192605408 2.10339276692663 1.44798376171354
"273" 265 1.25997049770759 2.10497998887361 1.44835889431913
"274" 266 1.26013317147199 2.10642610571036 1.44873251492789
"275" 267 1.26028789129882 2.1077367046906 1.44910463528395
"276" 268 1.26045900295192 2.10930311789017 1.4494752669967
"277" 269 1.26062452469045 2.11063194907064 1.44984442154277
"278" 270 1.2607843450109 2.11203436804884 1.45021211026808
"279" 271 1.26093997889009 2.11352952377241 1.45057834438976
"280" 272 1.26110012623834 2.11497818625919 1.45094313499814
"281" 273 1.26125250234388 2.11650408137498 1.45130649305858
"282" 274 1.2614146596767 2.11784612357974 1.45166842941338
"283" 275 1.261565022869 2.11927621713907 1.45202895478358
"284" 276 1.26172580485584 2.12070144237875 1.45238807977075
"285" 277 1.26187051099358 2.12214085584671 1.45274581485876
"286" 278 1.26202653181564 2.12358380177936 1.45310217041551
"287" 279 1.26218326919753 2.12492970352083 1.4534571566946
"288" 280 1.26233028445497 2.12613413436381 1.45381078383702
"289" 281 1.26247868035382 2.12753086737467 1.45416306187276
"290" 282 1.26261318162056 2.12884140049959 1.45451400072245
"291" 283 1.2627645159407 2.13022530725619 1.45486361019889
"292" 284 1.26291523144454 2.13166458490708 1.45521190000865
"293" 285 1.26305687066993 2.13299366503641 1.45555887975354
"294" 286 1.26320977897004 2.13438700244278 1.45590455893213
"295" 287 1.26336563526558 2.13586469485627 1.4562489469412
"296" 288 1.26350812173656 2.13714298692635 1.45659205307723
"297" 289 1.26365712224439 2.13847190787704 1.45693388653773
"298" 290 1.26380784745773 2.13993723024629 1.45727445642271
"299" 291 1.26394913777888 2.14139061999802 1.457613771736
"300" 292 1.26407781846899 2.14279973745884 1.45795184138662
"301" 293 1.26421406912482 2.14419162637969 1.45828867419007
"302" 294 1.264368224152 2.14548119867213 1.45862427886966
"303" 295 1.26451170513787 2.14684683229345 1.45895866405775
"304" 296 1.26465416756904 2.14812523789957 1.45929183829703
"305" 297 1.26479940896285 2.1494695144061 1.45962381004175
"306" 298 1.26493923777878 2.15078870162354 1.4599545876589
"307" 299 1.26509428087081 2.15218258880456 1.46028417942943
"308" 300 1.26524023638975 2.15350423766765 1.46061259354942
"309" 301 1.26537683919385 2.15482033622391 1.4609398381312
"310" 302 1.26553066584913 2.15621904575106 1.46126592120451
"311" 303 1.26566992190127 2.1575004542024 1.46159085071761
"312" 304 1.26579647641847 2.15879481057127 1.46191463453833
"313" 305 1.26593864293053 2.16019595389764 1.46223728045521
"314" 306 1.26607698205282 2.16159532885354 1.46255879617852
"315" 307 1.26622539978537 2.16291376250167 1.46287918934129
"316" 308 1.26636145231851 2.1642324294686 1.46319846750035
"317" 309 1.26649394547484 2.16547971858301 1.46351663813735
"318" 310 1.26662996439558 2.16670658403356 1.46383370865971
"319" 311 1.26677081002221 2.16793000379805 1.46414968640161
"320" 312 1.26690322594406 2.16913605861611 1.46446457862496
"321" 313 1.2670377878087 2.17041840342845 1.46477839252033
"322" 314 1.26717760021083 2.17171057070932 1.46509113520788
"323" 315 1.26731877907702 2.1730053053196 1.46540281373826
"324" 316 1.26744094005111 2.1742386768855 1.46571343509351
"325" 317 1.26756298906264 2.17544021300267 1.46602300618797
"326" 318 1.26769756592872 2.17663971676027 1.4663315338691
"327" 319 1.2678314323602 2.17792630228109 1.46663902491837
"328" 320 1.26796374853927 2.1791159051753 1.46694548605209
"329" 321 1.26808672442023 2.18042272175831 1.46725092392223
"330" 322 1.26821777386379 2.18167007552086 1.46755534511727
"331" 323 1.26834475683468 2.18290921520347 1.46785875616293
"332" 324 1.26848164684039 2.18415088751881 1.46816116352304
"333" 325 1.26860291912096 2.18545825726259 1.46846257360025
"334" 326 1.26872331659978 2.18673722330772 1.46876299273684
"335" 327 1.26884663221235 2.18804247819101 1.46906242721547
"336" 328 1.26896748408231 2.18930205241032 1.46936088325987
"337" 329 1.26909994284627 2.19047333201467 1.46965836703564
"338" 330 1.26921493130277 2.19168041195999 1.46995488465092
"339" 331 1.26934419806765 2.19287103402753 1.47025044215712
"340" 332 1.26945850659666 2.19402794942568 1.4705450455496
"341" 333 1.26958302737209 2.19520929999557 1.47083870076837
"342" 334 1.2697028504573 2.19638986228966 1.47113141369878
"343" 335 1.26982111130152 2.19756044372997 1.47142319017213
"344" 336 1.26995122007253 2.19878677941058 1.47171403596639
"345" 337 1.27006460569194 2.20003999048663 1.47200395680679
"346" 338 1.27017624508568 2.2012461430643 1.47229295836652
"347" 339 1.27028849556831 2.20238875782211 1.47258104626729
"348" 340 1.27039947130939 2.20350953850769 1.47286822607998
"349" 341 1.27050985115698 2.20462973164317 1.47315450332525
"350" 342 1.27063552051959 2.20587881849179 1.47343988347414
"351" 343 1.27075201192159 2.20709934948077 1.4737243719486
"352" 344 1.27085404577791 2.20830904730908 1.4740079741222
"353" 345 1.27096802684627 2.20948192900755 1.47429069532057
"354" 346 1.27108910887415 2.21063159060424 1.47457254082204
"355" 347 1.27120856213076 2.21167605548117 1.47485351585816
"356" 348 1.27133562058921 2.21283700261491 1.47513362561428
"357" 349 1.27145487248243 2.21392780988474 1.47541287523006
"358" 350 1.27157110524782 2.21503592239854 1.47569126980002
"359" 351 1.27168415063519 2.21621314563999 1.47596881437405
"360" 352 1.2717973802057 2.21747117252009 1.47624551395795
"361" 353 1.27190358090477 2.21857574018334 1.47652137351391
"362" 354 1.27201971582836 2.21972946819533 1.47679639796103
"363" 355 1.27211810495908 2.22084473796195 1.47707059217581
"364" 356 1.2722285884779 2.22194822120415 1.47734396099264
"365" 357 1.27234696977304 2.2230933922604 1.47761650920429
"366" 358 1.27246238441522 2.22419287741433 1.47788824156235
"367" 359 1.2725787632052 2.22543341718982 1.47815916277774
"368" 360 1.27268905018697 2.22653601668547 1.47842927752114
"369" 361 1.27279399008217 2.22774360380962 1.47869859042345
"370" 362 1.27290561549325 2.22889380759454 1.47896710607627
"371" 363 1.2730011958213 2.2300627376054 1.47923482903229
"372" 364 1.27310129302277 2.23127536042726 1.47950176380575
"373" 365 1.2732059515654 2.23245981290975 1.47976791487287
"374" 366 1.27330931929669 2.23363162516893 1.4800332866723
"375" 367 1.27340667220291 2.23472339108756 1.48029788360547
"376" 368 1.27352673961748 2.23585639617392 1.48056171003707
"377" 369 1.27362918400321 2.2369883682807 1.48082477029541
"378" 370 1.27373477463406 2.2380967248006 1.48108706867285
"379" 371 1.27383857228855 2.23929724270495 1.48134860942618
"380" 372 1.27394368579646 2.24035894031058 1.48160939677701
"381" 373 1.27404767479814 2.24158156221394 1.48186943491217
"382" 374 1.274148410648 2.24271042065882 1.48212872798404
"383" 375 1.27425466057341 2.2437990911136 1.48238728011102
"384" 376 1.27434363252768 2.24484264021121 1.48264509537779
"385" 377 1.27444499814937 2.24591715034648 1.48290217783575
"386" 378 1.2745443843096 2.24702006884109 1.48315853150332
"387" 379 1.27464391753942 2.24805314255358 1.48341416036638
"388" 380 1.27475093156196 2.24916263435682 1.48366906837851
"389" 381 1.27485158899977 2.25035730014822 1.48392325946144
"390" 382 1.27495138169696 2.25143236191207 1.48417673750529
"391" 383 1.27505763727065 2.25249251818832 1.48442950636902
"392" 384 1.27515868273022 2.25356548001719 1.48468156988063
"393" 385 1.27525951684058 2.25473549513223 1.48493293183762
"394" 386 1.27535679852272 2.25575987735782 1.48518359600721
"395" 387 1.27544843651708 2.25682853343974 1.48543356612669
"396" 388 1.27555128688462 2.25790028103446 1.48568284590378
"397" 389 1.27564735330957 2.25884991099964 1.48593143901686
"398" 390 1.27574688408065 2.25994333673044 1.48617934911534
"399" 391 1.27585414984298 2.26105879320522 1.48642657981993
"400" 392 1.27594929430358 2.26224928339961 1.48667313472297
"401" 393 1.27604438643145 2.26332956230556 1.48691901738866
"402" 394 1.27613105762611 2.2643813100394 1.48716423135344
"403" 395 1.27622463933501 2.265360294548 1.48740878012619
"404" 396 1.27632232332953 2.26648465420505 1.48765266718858
"405" 397 1.27642623251242 2.26763391094901 1.48789589599532
"406" 398 1.27651397257455 2.26866353645808 1.48813846997441
"407" 399 1.27661416903722 2.26966366999132 1.48838039252747
"408" 400 1.27671629432436 2.27062228137511 1.48862166702999
"409" 401 1.27680385727242 2.2717681307991 1.48886229683154
"410" 402 1.27690010499142 2.27277434257094 1.48910228525613
"411" 403 1.27699140779291 2.27391138944019 1.48934163560237
"412" 404 1.27709150282615 2.27502159489737 1.48958035114382
"413" 405 1.27718514785969 2.27613561611425 1.48981843512914
"414" 406 1.27727543898547 2.27714975682889 1.49005589078246
"415" 407 1.27737338837346 2.27818210835778 1.49029272130349
"416" 408 1.27747725221276 2.27928857842927 1.4905289298679
"417" 409 1.27757140739644 2.28023100631375 1.49076451962745
"418" 410 1.27765143676727 2.28133185563092 1.49099949371029
"419" 411 1.27773657981951 2.28240514120507 1.49123385522116
"420" 412 1.27783006589797 2.28346446544381 1.49146760724166
"421" 413 1.27792735799407 2.28450553891017 1.49170075283044
"422" 414 1.27800857634938 2.28549072912616 1.49193329502345
"423" 415 1.278108897463 2.28637741919218 1.49216523683413
"424" 416 1.27819625443306 2.28729508068664 1.4923965812537
"425" 417 1.27828467556185 2.28817763197371 1.49262733125128
"426" 418 1.2783746342356 2.28906331596985 1.4928574897742
"427" 419 1.27846635835691 2.29000673792403 1.49308705974814
"428" 420 1.27853938878036 2.29104986692349 1.49331604407739
"429" 421 1.2786256202438 2.29200748856379 1.49354444564502
"430" 422 1.27870493581117 2.29301567379967 1.49377226731311
"431" 423 1.27878667847663 2.29398952272556 1.49399951192295
"432" 424 1.27886167476169 2.29494055655292 1.49422618229521
"433" 425 1.27895492370356 2.29596568303317 1.49445228123019
"434" 426 1.27905617590412 2.29696652621163 1.49467781150796
"435" 427 1.27915136643981 2.29789822503471 1.4949027758886
"436" 428 1.27923902607258 2.29888531308415 1.49512717711234
"437" 429 1.27932313398167 2.2998708253778 1.49535101789982
"438" 430 1.2794112078138 2.30090434072152 1.49557430095219
"439" 431 1.27950269665362 2.30190492370423 1.49579702895137
"440" 432 1.279592148011 2.30278528521901 1.49601920456018
"441" 433 1.27967973017284 2.30368471795191 1.49624083042255
"442" 434 1.2797712083634 2.30465950707185 1.49646190916367
"443" 435 1.27986414162728 2.30566246291445 1.49668244339019
"444" 436 1.27994744073401 2.30658659469975 1.49690243569041
"445" 437 1.28001525252999 2.30750776754084 1.49712188863437
"446" 438 1.28010098332652 2.30842718514235 1.49734080477413
"447" 439 1.28019575970319 2.30934205569603 1.49755918664385
"448" 440 1.28027781374037 2.31025371621158 1.49777703676
"449" 441 1.28035586541307 2.31119914803377 1.49799435762152
"450" 442 1.28044118565987 2.31210192628622 1.49821115170995
"451" 443 1.28051145359698 2.31314997222313 1.49842742148963
"452" 444 1.2805926140337 2.31413314722567 1.49864316940784
"453" 445 1.28066944935932 2.31509054090627 1.49885839789496
"454" 446 1.28073943469551 2.31614306123838 1.49907310936462
"455" 447 1.28081556390248 2.31709386892577 1.49928730621384
"456" 448 1.28090143842331 2.31809568164142 1.49950099082321
"457" 449 1.28098510954107 2.31913629211644 1.49971416555703
"458" 450 1.28106609987309 2.32009758813109 1.49992683276344
"459" 451 1.28115352520915 2.32099378567398 1.50013899477458
"460" 452 1.28123634708988 2.32187896581554 1.50035065390675
"461" 453 1.28131307959969 2.32287760383611 1.50056181246049
"462" 454 1.28139837663751 2.32382510586639 1.50077247272082
"463" 455 1.281489644944 2.32481459426507 1.5009826369573
"464" 456 1.2815734557022 2.32577303345752 1.50119230742418
"465" 457 1.2816510374076 2.32669853465887 1.50140148636059
"466" 458 1.28172862115196 2.32765211866416 1.50161017599058
"467" 459 1.28181039773753 2.3286287812429 1.50181837852335
"468" 460 1.28189480867383 2.32952430818542 1.50202609615333
"469" 461 1.28197270807201 2.33038490283224 1.50223333106032
"470" 462 1.28204257516785 2.33131235899737 1.5024400854096
"471" 463 1.2821205483481 2.33223019756123 1.50264636135211
"472" 464 1.28219360944627 2.33308561063084 1.50285216102453
"473" 465 1.28227676833878 2.3340738692361 1.50305748654941
"474" 466 1.28235321456332 2.33497707467959 1.5032623400353
"475" 467 1.28243310338487 2.33591765391985 1.50346672357688
"476" 468 1.2825093205707 2.33683682638889 1.50367063925509
"477" 469 1.28258342231487 2.3377582480497 1.5038740891372
"478" 470 1.28265864319989 2.3387860560716 1.50407707527699
"479" 471 1.28273751007915 2.33963547416844 1.50427959971483
"480" 472 1.28280752311805 2.34059604861859 1.5044816644778
"481" 473 1.2828836469976 2.34140020853812 1.50468327157982
"482" 474 1.28295024683263 2.34229507305345 1.50488442302174
"483" 475 1.28303321486554 2.3431738766973 1.50508512079148
"484" 476 1.28311456424816 2.34404895804824 1.50528536686411
"485" 477 1.28318995071208 2.3449451675229 1.50548516320197
"486" 478 1.28327368198474 2.3458717295417 1.50568451175481
"487" 479 1.28334464163175 2.34684125810721 1.50588341445985
"488" 480 1.28342461619976 2.34772533265693 1.5060818732419
"489" 481 1.2834957926507 2.34855047882123 1.5062798900135
"490" 482 1.28357594248416 2.34945148417672 1.50647746667496
"491" 483 1.28365211735448 2.35040343057978 1.50667460511454
"492" 484 1.28372068431488 2.35132929125112 1.50687130720847
"493" 485 1.28379525331314 2.35222649474627 1.50706757482113
"494" 486 1.28387437788737 2.35315055513077 1.50726340980506
"495" 487 1.28394586988486 2.35407834962012 1.50745881400116
"496" 488 1.2840285881755 2.35492957339651 1.5076537892387
"497" 489 1.28409439706175 2.35585594359247 1.50784833733549
"498" 490 1.28417072715776 2.35669903853344 1.50804246009791
"499" 491 1.28423803572272 2.35755578285186 1.50823615932105
"500" 492 1.28431206490995 2.35844925958234 1.50842943678876
"501" 493 1.28438435935548 2.35928869459174 1.50862229427382
"502" 494 1.284460907352 2.36020161251513 1.50881473353793
"503" 495 1.28453449465259 2.36116629405701 1.50900675633187
"504" 496 1.28460715329181 2.36208811552871 1.5091983643956
"505" 497 1.28468327939003 2.3628718393799 1.50938955945828
"506" 498 1.28475124616806 2.363824996908 1.50958034323843
"507" 499 1.28481346466839 2.36481172208174 1.50977071744397
"508" 500 1.28488126448704 2.36563111593352 1.50996068377232
"509" 501 1.28494613132775 2.36660525041071 1.51015024391051
"510" 502 1.28502322772955 2.36752820395402 1.51033939953522
"511" 503 1.28508240302216 2.3683919510313 1.51052815231288
"512" 504 1.2851549510869 2.36930001948541 1.5107165038998
"513" 505 1.28522977301693 2.37015606623881 1.51090445594217
"514" 506 1.28530733163598 2.37098015439364 1.5110920100762
"515" 507 1.28538590880355 2.37189074239642 1.51127916792817
"516" 508 1.28546354409493 2.37275275741281 1.51146593111454
"517" 509 1.28554100468837 2.37376861441041 1.51165230124199
"518" 510 1.28561770845016 2.37477809747271 1.51183827990754
"519" 511 1.28568976864832 2.37563125903852 1.51202386869859
"520" 512 1.28575880668546 2.37636533317471 1.51220906919303
"521" 513 1.28583705197207 2.37727694672108 1.51239388295927
"522" 514 1.28591516409587 2.37819295546826 1.51257831155637
"523" 515 1.28598170155485 2.37911483051503 1.51276235653408
"524" 516 1.28605406204632 2.38003008950247 1.5129460194329
"525" 517 1.28611147967558 2.3808896734814 1.51312930178421
"526" 518 1.2861836144011 2.38183224838874 1.51331220511026
"527" 519 1.28625161481716 2.38262123948302 1.51349473092435
"528" 520 1.28631957228923 2.38338622268594 1.51367688073076
"529" 521 1.28639118300306 2.38428895433485 1.51385865602495
"530" 522 1.28644985467774 2.38511880753555 1.51404005829358
"531" 523 1.2865259722772 2.3860130205548 1.51422108901452
"532" 524 1.28659494125565 2.3867905021587 1.51440174965705
"533" 525 1.28666506830031 2.38753562957601 1.51458204168179
"534" 526 1.28673440779413 2.38826271632211 1.51476196654085
"535" 527 1.28681430551222 2.38902902969857 1.51494152567786
"536" 528 1.28687740588572 2.38986177512071 1.51512072052808
"537" 529 1.28694676983762 2.39067171499199 1.51529955251839
"538" 530 1.28701856767805 2.39157544430337 1.51547802306743
"539" 531 1.2870864704699 2.39234162558356 1.51565613358561
"540" 532 1.28714606886586 2.39308050073458 1.51583388547521
"541" 533 1.28722486980423 2.39389788639781 1.5160112801304
"542" 534 1.28729378551482 2.39471200141889 1.51618831893736
"543" 535 1.28736126324597 2.39549252080333 1.51636500327428
"544" 536 1.28743904587829 2.39627293804099 1.51654133451147
"545" 537 1.28750702784407 2.39704848739437 1.51671731401137
"546" 538 1.28758024066993 2.39788493451945 1.51689294312868
"547" 539 1.28763994338275 2.39865904112164 1.51706822321035
"548" 540 1.28771111934607 2.3994558989935 1.51724315559565
"549" 541 1.28776845490626 2.40028687793266 1.51741774161627
"550" 542 1.28783133439918 2.40105673358048 1.51759198259635
"551" 543 1.28789740178163 2.40187469910109 1.51776587985252
"552" 544 1.28795628703079 2.40267196312353 1.51793943469399
"553" 545 1.2880196524359 2.40345668182308 1.51811264842256
"554" 546 1.28809151914122 2.40422866402887 1.51828552233274
"555" 547 1.28815712629588 2.40496321848103 1.51845805771175
"556" 548 1.28822026795659 2.40583805050451 1.51863025583958
"557" 549 1.2882794129728 2.40669415310154 1.51880211798907
"558" 550 1.28833175619053 2.40758497113987 1.51897364542596
"559" 551 1.28839680521939 2.40839078826381 1.5191448394089
"560" 552 1.28845498949476 2.40924618620552 1.51931570118957
"561" 553 1.28851486961175 2.41019420419749 1.51948623201266
"562" 554 1.28858170506438 2.41102081759276 1.51965643311598
"563" 555 1.28865516353658 2.41179687818055 1.51982630573047
"564" 556 1.28871979390866 2.41260098755185 1.51999585108029
"565" 557 1.28878259430341 2.4133702294448 1.52016507038283
"566" 558 1.28884980810965 2.41413534804825 1.52033396484876
"567" 559 1.28891984566215 2.41494968666131 1.52050253568214
"568" 560 1.2889838074794 2.41577025438495 1.52067078408038
"569" 561 1.28903778611858 2.41657426355561 1.52083871123435
"570" 562 1.28910980687234 2.41726812016501 1.52100631832841
"571" 563 1.28918001081069 2.41801001761701 1.52117360654045
"572" 564 1.28924060969462 2.41881474808494 1.52134057704195
"573" 565 1.28929990943943 2.41960881716332 1.521507230998
"574" 566 1.28937762485029 2.42042316108991 1.5216735695674
"575" 567 1.28944302482339 2.42124992836059 1.52183959390263
"576" 568 1.28950543500392 2.42204366160921 1.52200530514997
"577" 569 1.2895769765643 2.42276410138669 1.52217070444948
"578" 570 1.2896402436897 2.42356040544895 1.5223357929351
"579" 571 1.28970725545636 2.42425780654501 1.52250057173464
"580" 572 1.28976822326747 2.42507026589507 1.52266504196989
"581" 573 1.28983718892083 2.42587853141397 1.52282920475658
"582" 574 1.28989249738334 2.42668841631721 1.52299306120451
"583" 575 1.2899525372974 2.42743850491444 1.5231566124175
"584" 576 1.29002160498212 2.42818930954578 1.52331985949354
"585" 577 1.29007509557998 2.42891029852357 1.52348280352472
"586" 578 1.29013392396858 2.4296448185982 1.52364544559737
"587" 579 1.29020266429066 2.43037885415946 1.52380778679201
"588" 580 1.2902625844949 2.43116419304281 1.52396982818345
"589" 581 1.29031510828603 2.43197172669727 1.52413157084086
"590" 582 1.29037526584669 2.43286446716695 1.5242930158277
"591" 583 1.29043971778551 2.43369220492387 1.52445416420186
"592" 584 1.29049495713296 2.43438450789968 1.52461501701566
"593" 585 1.29055048276751 2.43519350265175 1.52477557531589
"594" 586 1.29061438036244 2.43602503350811 1.52493584014385
"595" 587 1.29067735682689 2.4367309005675 1.52509581253538
"596" 588 1.29073817384657 2.43745566088055 1.52525549352094
"597" 589 1.2908057437771 2.43826509214722 1.52541488412557
"598" 590 1.29086326077763 2.43905930349794 1.52557398536901
"599" 591 1.29091448840639 2.43979005147031 1.52573279826567
"600" 592 1.29098520801765 2.44040669526588 1.52589132382471
"601" 593 1.29105110059206 2.44115268055144 1.52604956305007
"602" 594 1.291107025136 2.44185959818952 1.52620751694046
"603" 595 1.29117112820524 2.44268485214847 1.52636518648948
"604" 596 1.29122943449649 2.44351028797498 1.52652257268557
"605" 597 1.29128229229202 2.44427442079484 1.5266796765121
"606" 598 1.29133624338607 2.44493050105247 1.52683649894739
"607" 599 1.29140318325629 2.44572549436686 1.52699304096473
"608" 600 1.2914554790931 2.44650160609578 1.52714930353244
"609" 601 1.29151635284016 2.44724748053014 1.52730528761387
"610" 602 1.29157394439661 2.44797216101678 1.52746099416748
"611" 603 1.29163120574503 2.44867360800291 1.52761642414681
"612" 604 1.29168731425249 2.44934319898601 1.52777157850058
"613" 605 1.29174608324025 2.45001619581212 1.52792645817269
"614" 606 1.29180405848531 2.45079724703121 1.52808106410222
"615" 607 1.29185421030764 2.45154024993781 1.52823539722355
"616" 608 1.2919075430584 2.45233763730169 1.52838945846629
"617" 609 1.29196701898933 2.45310545786124 1.5285432487554
"618" 610 1.29201920633808 2.45380535729545 1.52869676901114
"619" 611 1.292069668867 2.45461022046976 1.52885002014917
"620" 612 1.29213367228877 2.4553245040269 1.52900300308055
"621" 613 1.29218791988217 2.45606136883419 1.52915571871177
"622" 614 1.29223818316737 2.45675084642558 1.52930816794476
"623" 615 1.29229236384102 2.45745590434352 1.52946035167701
"624" 616 1.29235430911583 2.45814195353298 1.52961227080145
"625" 617 1.2924087720809 2.45884041042656 1.52976392620662
"626" 618 1.29245883781962 2.45952007981023 1.52991531877662
"627" 619 1.29251244361304 2.46029648142821 1.53006644939118
"628" 620 1.29257398542362 2.46098311244483 1.53021731892564
"629" 621 1.29262546375387 2.46165029886498 1.53036792825104
"630" 622 1.29267884865124 2.4623793349951 1.53051827823411
"631" 623 1.29273161224 2.46309195237729 1.53066836973727
"632" 624 1.29278328691066 2.46372337107571 1.53081820361875
"633" 625 1.29283424601418 2.46440671178182 1.53096778073252
"634" 626 1.29288437007657 2.46508229308288 1.53111710192838
"635" 627 1.29294156987069 2.46571021976978 1.53126616805196
"636" 628 1.29300222776478 2.46636003793132 1.53141497994474
"637" 629 1.29304570272737 2.46710019694528 1.53156353844411
"638" 630 1.29309820115037 2.46779896128473 1.53171184438336
"639" 631 1.29315190612953 2.46855193606599 1.53185989859172
"640" 632 1.29320052798571 2.46936632483559 1.53200770189442
"641" 633 1.29326305508217 2.47008283864958 1.53215525511265
"642" 634 1.29330645004077 2.47081167448632 1.53230255906362
"643" 635 1.29335735393 2.47157459236852 1.53244961456061
"644" 636 1.2934130780528 2.47232537004084 1.53259642241296
"645" 637 1.29346772582791 2.47309030382809 1.5327429834261
"646" 638 1.29352077607455 2.47376015359032 1.5328892984016
"647" 639 1.2935744811034 2.47448467294218 1.53303536813714
"648" 640 1.29362837160811 2.47523689455711 1.53318119342661
"649" 641 1.29369485056154 2.47602920380735 1.53332677506006
"650" 642 1.29374567704107 2.47676481011076 1.5334721138238
"651" 643 1.29379792955663 2.47747551099464 1.53361721050034
"652" 644 1.293851745688 2.47814802879086 1.53376206586847
"653" 645 1.29390011178767 2.47886802728316 1.5339066807033
"654" 646 1.29394683024267 2.4795963843817 1.53405105577622
"655" 647 1.29399689361995 2.48031875893805 1.53419519185496
"656" 648 1.29405278437189 2.48106033921255 1.53433908970362
"657" 649 1.2941041810639 2.4817624013444 1.53448275008268
"658" 650 1.29415558294696 2.48245200675259 1.53462617374902
"659" 651 1.29420833755688 2.48319561478614 1.53476936145596
"660" 652 1.29425596513414 2.48393617568694 1.53491231395325
"661" 653 1.29430652164324 2.48461154028742 1.53505503198713
"662" 654 1.29435859771916 2.48528319637362 1.53519751630033
"663" 655 1.29440701568001 2.48596933278019 1.53533976763209
"664" 656 1.29446169411889 2.48661728574704 1.53548178671821
"665" 657 1.29451334151413 2.48726291440947 1.535623574291
"666" 658 1.29456430887174 2.48796066236686 1.53576513107941
"667" 659 1.29461933735505 2.48868202025526 1.53590645780895
"668" 660 1.29466843277835 2.48931106744107 1.53604755520176
"669" 661 1.29472265386202 2.49000856144336 1.53618842397665
"670" 662 1.29476373254942 2.49079095187384 1.53632906484906
"671" 663 1.29481019166301 2.49153037752789 1.53646947853113
"672" 664 1.29485436402317 2.49227352792593 1.53660966573169
"673" 665 1.29490824148999 2.49295458862791 1.53674962715634
"674" 666 1.2949612307305 2.49355656112878 1.53688936350736
"675" 667 1.29501057618904 2.49428961851357 1.53702887548385
"676" 668 1.29505530153893 2.49492928476058 1.53716816378165
"677" 669 1.29510911578173 2.49561726529857 1.53730722909344
"678" 670 1.29515040893021 2.49632289264796 1.53744607210872
"679" 671 1.29521428738536 2.49709658731571 1.53758469351381
"680" 672 1.29527027235712 2.49778358619147 1.53772309399191
"681" 673 1.29531612489421 2.49846129786144 1.5378612742231
"682" 674 1.29537319111097 2.49909630071795 1.53799923488435
"683" 675 1.29542542042245 2.49972527227327 1.53813697664955
"684" 676 1.29546926373532 2.5004036791437 1.53827450018954
"685" 677 1.29552547732329 2.50115269021153 1.53841180617212
"686" 678 1.29557461032359 2.50186252550312 1.53854889526202
"687" 679 1.2956210106311 2.50251870839056 1.53868576812103
"688" 680 1.29566596116021 2.50324167267235 1.53882242540789
"689" 681 1.29571131568015 2.50397816135139 1.5389588677784
"690" 682 1.29576754139255 2.50470555699066 1.53909509588539
"691" 683 1.29581296779375 2.50536998104277 1.53923111037877
"692" 684 1.29586136932328 2.50611236550463 1.53936691190553
"693" 685 1.29590992838446 2.50680934207842 1.53950250110972
"694" 686 1.2959567172041 2.50743337910172 1.53963787863257
"695" 687 1.29600967540169 2.50797080016315 1.53977304511239
"696" 688 1.29606130186415 2.5085185574756 1.53990800118465
"697" 689 1.29610973672006 2.50915374338386 1.54004274748201
"698" 690 1.29615190235106 2.5098151706684 1.54017728463429
"699" 691 1.2962075225068 2.51054610562193 1.54031161326852
"700" 692 1.29626069756172 2.51119775622 1.54044573400893
"701" 693 1.29630633048175 2.51186197347212 1.54057964747701
"702" 694 1.29635640201005 2.51241585921415 1.54071335429148
"703" 695 1.29639728020882 2.51301598452186 1.54084685506832
"704" 696 1.29644426348407 2.51361749219719 1.54098015042081
"705" 697 1.29649200598754 2.51429933154619 1.54111324095951
"706" 698 1.29654135584967 2.51500798986307 1.54124612729231
"707" 699 1.29659386498961 2.5157128048014 1.5413788100244
"708" 700 1.29663977458117 2.51631557681125 1.54151128975834
"709" 701 1.296680225921 2.51698553594725 1.54164356709404
"710" 702 1.29672912938259 2.51759606550682 1.54177564262878
"711" 703 1.29677208791829 2.51823122116376 1.54190751695724
"712" 704 1.29682163967614 2.51892647406698 1.54203919067151
"713" 705 1.29686779741681 2.51957149713561 1.54217066436106
"714" 706 1.29690907594724 2.52019777447882 1.54230193861285
"715" 707 1.29695846602198 2.52076130752167 1.54243301401124
"716" 708 1.29701455946942 2.52131692977142 1.54256389113809
"717" 709 1.29705845352923 2.52184377656402 1.54269457057274
"718" 710 1.29710708211385 2.52242612263345 1.54282505289199
"719" 711 1.29716427679045 2.52302205502015 1.54295533867016
"720" 712 1.29720915883934 2.52370678412158 1.54308542847912
"721" 713 1.29725197512463 2.52435212577625 1.54321532288824
"722" 714 1.29729509251116 2.52499202446307 1.54334502246446
"723" 715 1.2973395050126 2.52559227939237 1.54347452777228
"724" 716 1.2973810857589 2.52617574610714 1.54360383937377
"725" 717 1.29742648769012 2.52676266472791 1.5437329578286
"726" 718 1.29747226928222 2.52734075608206 1.54386188369404
"727" 719 1.2975124373669 2.52792797141327 1.54399061752499
"728" 720 1.29757412810866 2.52851344164139 1.54411915987396
"729" 721 1.29761678026614 2.52914393108999 1.54424751129114
"730" 722 1.29766061133192 2.52974641234494 1.54437567232434
"731" 723 1.29770388014303 2.53027220865467 1.54450364351908
"732" 724 1.29775217824748 2.53084844157012 1.54463142541852
"733" 725 1.29778876497835 2.53147320936797 1.54475901856357
"734" 726 1.29783524011795 2.53213485741742 1.54488642349281
"735" 727 1.29788733912593 2.53288489655502 1.54501364074256
"736" 728 1.29792745137587 2.53357095920558 1.54514067084688
"737" 729 1.29796947328811 2.53417309211462 1.54526751433758
"738" 730 1.29801239654006 2.53477453552912 1.54539417174421
"739" 731 1.29805101668706 2.53540743600423 1.54552064359414
"740" 732 1.29809583507436 2.53605723601518 1.54564693041247
"741" 733 1.29814391514562 2.53671160527405 1.54577303272214
"742" 734 1.29819870574184 2.53733274775387 1.54589895104388
"743" 735 1.29824256368353 2.53796677770735 1.54602468589627
"744" 736 1.29827935696825 2.53858915725014 1.54615023779569
"745" 737 1.2983230124884 2.53920968779763 1.5462756072564
"746" 738 1.29836664689022 2.53982711058732 1.5464007947905
"747" 739 1.298408970989 2.54040541841972 1.54652580090794
"748" 740 1.29844781095055 2.54099472912117 1.54665062611662
"749" 741 1.29848673491975 2.54167838665884 1.54677527092226
"750" 742 1.29853257006557 2.54229903446297 1.54689973582853
"751" 743 1.29857655374668 2.54284992615496 1.54702402133701
"752" 744 1.29862477984809 2.54347108464617 1.5471481279472
"753" 745 1.29866924627288 2.5440570815422 1.54727205615654
"754" 746 1.29871717552613 2.54475601436807 1.54739580646043
"755" 747 1.29876258682859 2.54537706133833 1.54751937935222
"756" 748 1.29880824248595 2.54602587564924 1.54764277532327
"757" 749 1.29885315623795 2.54665751908059 1.54776599486288
"758" 750 1.29888892069161 2.54722989064054 1.54788903845835
"759" 751 1.2989221296881 2.54786738974831 1.54801190659502
"760" 752 1.29897099428528 2.54858519588541 1.54813459975622
"761" 753 1.29900345922503 2.54930227767965 1.54825711842331
"762" 754 1.29905059431201 2.5499652872841 1.54837946307569
"763" 755 1.29909319453941 2.55055548762808 1.54850163419083
"764" 756 1.29913234079421 2.55124295082605 1.54862363224422
"765" 757 1.29917061950977 2.55192529872548 1.54874545770947
"766" 758 1.29921710890002 2.55245470287089 1.54886711105822
"767" 759 1.29925638520904 2.55298155913648 1.54898859276024
"768" 760 1.29930268429973 2.55365509607819 1.54910990328337
"769" 761 1.29933884008836 2.55436305895778 1.54923104309359
"770" 762 1.29938636625746 2.55502213799514 1.54935201265497
"771" 763 1.29943362506907 2.55576932998919 1.54947281242975
"772" 764 1.29948461789192 2.55641809208331 1.5495934428783
"773" 765 1.2995318868495 2.55694754381051 1.54971390445909
"774" 766 1.29957789229313 2.55748198819993 1.54983419762883
"775" 767 1.29961769379186 2.55801303582827 1.54995432284234
"776" 768 1.29965054451413 2.55854348511505 1.55007428055267
"777" 769 1.29969244813193 2.55907209310622 1.55019407121102
"778" 770 1.2997426776154 2.55959874301466 1.5503136952668
"779" 771 1.29977452418659 2.56012480064491 1.55043315316764
"780" 772 1.29980302963638 2.5606656605077 1.55055244535938
"781" 773 1.29985326790146 2.56130844512854 1.5506715722861
"782" 774 1.299895480653 2.56197376249522 1.55079053439009
"783" 775 1.2999414020792 2.56261417571639 1.55090933211192
"784" 776 1.29998091996917 2.56309745301086 1.55102796589041
"785" 777 1.3000080207426 2.56360438775257 1.55114643616261
"786" 778 1.30004585140889 2.56422305024099 1.55126474336387
"787" 779 1.30009255732888 2.5648945403444 1.55138288792785
"788" 780 1.30012922208844 2.56550624973016 1.55150087028646
"789" 781 1.30017656843446 2.56623752362176 1.55161869086992
"790" 782 1.300215429562 2.56685633074722 1.55173635010677
"791" 783 1.30025175497411 2.56737990598099 1.55185384842386
"792" 784 1.30029188807888 2.56795111253331 1.55197118624639
"793" 785 1.30032776044177 2.56847072077426 1.55208836399786
"794" 786 1.30036878167712 2.56900421771502 1.55220538210014
"795" 787 1.30041250599148 2.56970557913923 1.55232224097344
"796" 788 1.30044861286514 2.57040520645973 1.55243894103634
"797" 789 1.30048426131814 2.57094465790618 1.5525554827058
"798" 790 1.30052635005032 2.57144083537383 1.55267186639714
"799" 791 1.30055788830889 2.57211589406607 1.55278809252405
"800" 792 1.30059262864289 2.5726742693486 1.55290416149868
"801" 793 1.30062965195603 2.57323156186277 1.55302007373151
"802" 794 1.30067536790126 2.57377639843785 1.55313582963148
"803" 795 1.30071717793275 2.57437073763993 1.55325142960592
"804" 796 1.30075945432761 2.57502190591901 1.55336687406061
"805" 797 1.30080235503729 2.57568306019826 1.55348216339977
"806" 798 1.30084113325643 2.57633228902815 1.55359729802603
"807" 799 1.30088274031448 2.57699184451531 1.55371227834051
"808" 800 1.30092084959861 2.5776459558311 1.55382710474276
"809" 801 1.30095841406898 2.57822158277481 1.55394177763081
"810" 802 1.30098885999881 2.57871584252705 1.55405629740119
"811" 803 1.30102979020705 2.5792095632082 1.55417066444886
"812" 804 1.30107187634181 2.57977587326357 1.55428487916732
"813" 805 1.30110279534392 2.58040023964883 1.55439894194853
"814" 806 1.30113889610076 2.5810627899598 1.55451285318299
"815" 807 1.30117566617602 2.58178475867069 1.5546266132597
"816" 808 1.30121832722372 2.58231910401594 1.55474022256616
"817" 809 1.30125910918824 2.5828958494881 1.55485368148844
"818" 810 1.30129838812593 2.58352150992726 1.55496699041111
"819" 811 1.30134568525097 2.58412016338768 1.55508014971728
"820" 812 1.30139060465707 2.5847676494775 1.55519315978867
"821" 813 1.30143150860186 2.58537404365603 1.55530602100548
"822" 814 1.30147200622471 2.58592828744918 1.55541873374652
"823" 815 1.30151386357145 2.58648780085937 1.55553129838917
"824" 816 1.30155460142651 2.58703744657249 1.55564371530937
"825" 817 1.30159495273065 2.58766484989571 1.55575598488165
"826" 818 1.30164458382449 2.58828987201488 1.55586810747917
"827" 819 1.3016780577343 2.58893712369021 1.55598008347363
"828" 820 1.30172285773598 2.58944015034837 1.55609191323539
"829" 821 1.30176156927901 2.58992673622084 1.5562035971334
"830" 822 1.3017995491277 2.59041280367341 1.55631513553523
"831" 823 1.30183810660581 2.59089835388804 1.55642652880708
"832" 824 1.30188102235432 2.59142979975442 1.55653777731378
"833" 825 1.30192526989604 2.59205357985928 1.55664888141883
"834" 826 1.30196693417676 2.59257639740952 1.55675984148434
"835" 827 1.30200735535247 2.59325915496549 1.55687065787109
"836" 828 1.30204464083988 2.59394064377288 1.55698133093854
"837" 829 1.30208546523219 2.59461336932768 1.55709186104479
"838" 830 1.30212434484369 2.59513545370131 1.55720224854662
"839" 831 1.30215517619375 2.59564320540158 1.5573124937995
"840" 832 1.30218004108904 2.59618503891989 1.55742259715759
"841" 833 1.30221026826619 2.59680061184113 1.55753255897374
"842" 834 1.30224988069674 2.59741560359361 1.55764237959949
"843" 835 1.30228465765341 2.59801098535444 1.5577520593851
"844" 836 1.30231256944597 2.59856757396993 1.55786159867953
"845" 837 1.30235900620691 2.5991861244684 1.55797099783049
"846" 838 1.30239412892869 2.59980771415016 1.55808025718435
"847" 839 1.30242125816741 2.60042767003922 1.5581893770863
"848" 840 1.30245782498465 2.6010463359637 1.55829835788019
"849" 841 1.30249469519439 2.60168168675079 1.55840719990867
"850" 842 1.30252391389436 2.60234736367597 1.5585159035131
"851" 843 1.30255741082183 2.6029611706981 1.55862446903362
"852" 844 1.30259899390399 2.60351525038326 1.55873289680911
"853" 845 1.30263931387664 2.60413104774176 1.55884118717725
"854" 846 1.30267006803718 2.6047455022961 1.55894934047447
"855" 847 1.30271269553138 2.60535634522348 1.55905735703597
"856" 848 1.30274622250232 2.60587595280713 1.55916523719579
"857" 849 1.30278832932931 2.60637516647551 1.55927298128667
"858" 850 1.3028166919279 2.6069002982705 1.55938058964024
"859" 851 1.30284449549035 2.60751877835504 1.55948806258688
"860" 852 1.3028762395021 2.60812810560508 1.5595954004558
"861" 853 1.30291046988288 2.608615136841 1.559702603575
"862" 854 1.30294358748636 2.6091894359994 1.55980967227133
"863" 855 1.30297454363329 2.60982005384244 1.55991660687044
"864" 856 1.30300276624103 2.61036997873433 1.56002340769684
"865" 857 1.30304090818336 2.61091283718254 1.56013007507384
"866" 858 1.30307493293232 2.61140569119015 1.56023660932363
"867" 859 1.30312224938998 2.61195072327343 1.56034301076722
"868" 860 1.30315547929577 2.61252512871688 1.56044927972449
"869" 861 1.30318846827797 2.6131337020066 1.56055541651417
"870" 862 1.30321943814557 2.61365821281225 1.56066142145385
"871" 863 1.30326135853199 2.61424606605832 1.56076729486002
"872" 864 1.30330062798455 2.61483849756679 1.56087303704798
"873" 865 1.30334073526626 2.61540287655089 1.56097864833199
"874" 866 1.30335513672938 2.61593884150684 1.56108412902514
"875" 867 1.30340904597746 2.61661254594732 1.56118947943943
"876" 868 1.30344207672319 2.6172028170835 1.56129469988574
"877" 869 1.30347643329996 2.61778657906026 1.56139979067388
"878" 870 1.30350838742342 2.61836798793427 1.56150475211255
"879" 871 1.30353874538363 2.61894886546357 1.56160958450935
"880" 872 1.30357092243044 2.61952921274301 1.56171428817081
"881" 873 1.30360411927856 2.62010805618994 1.5618188634024
"882" 874 1.30363482966651 2.62068832091406 1.56192331050846
"883" 875 1.30366395238155 2.6212606182125 1.56202762979233
"884" 876 1.3036960872889 2.62176350728077 1.56213182155622
"885" 877 1.30373101781583 2.62227619912157 1.56223588610134
"886" 878 1.30376288613318 2.62287898778311 1.56233982372781
"887" 879 1.30379967496296 2.62349940517599 1.56244363473472
"888" 880 1.30383504642816 2.62411718386792 1.56254731942011
"889" 881 1.3038687699363 2.62472365698782 1.56265087808096
"890" 882 1.30390015454928 2.62525546274018 1.56275431101326
"891" 883 1.30393155519095 2.62578051718942 1.56285761851193
"892" 884 1.30396333057794 2.62636377731356 1.56296080087086
"893" 885 1.30399513625567 2.62696446023167 1.56306385838298
"894" 886 1.3040346457732 2.62749455309529 1.56316679134014
"895" 887 1.30407986961578 2.62801289207765 1.56326960003321
"896" 888 1.30411180694316 2.62857905541756 1.56337228475204
"897" 889 1.30414686612022 2.62917776754854 1.56347484578549
"898" 890 1.30417570852138 2.62975695519555 1.56357728342142
"899" 891 1.30420940683141 2.6302195400113 1.56367959794669
"900" 892 1.30423934169677 2.63067358869491 1.5637817896472
"901" 893 1.30427853435479 2.63112685484603 1.56388385880781
"902" 894 1.3043089912062 2.63160587126938 1.56398580571247
"903" 895 1.3043389117042 2.63209468530429 1.5640876306441
"904" 896 1.30436681787033 2.63262732662289 1.56418933388467
"905" 897 1.30439437660807 2.63318191493914 1.56429091571519
"906" 898 1.30442180414056 2.63376715940923 1.56439237641572
"907" 899 1.30445845805246 2.6343993537805 1.56449371626533
"908" 900 1.30449199098084 2.63494617781819 1.56459493554216
"909" 901 1.30452214149292 2.6354343515801 1.56469603452339
"910" 902 1.30454963385428 2.63593538112273 1.56479701348528
"911" 903 1.30458493037853 2.63643594509419 1.56489787270312
"912" 904 1.304610159026 2.6369892282304 1.56499861245127
"913" 905 1.30463912105501 2.63752133105887 1.56509923300318
"914" 906 1.30467274628468 2.63808950789656 1.56519973463136
"915" 907 1.30469904368497 2.6387617076154 1.56530011760739
"916" 908 1.30472525057711 2.63936540603319 1.56540038220195
"917" 909 1.30476806777443 2.63995039604839 1.56550052868476
"918" 910 1.30479817815988 2.6404732376007 1.5656005573247
"919" 911 1.30483495645336 2.64098862450156 1.56570046838968
"920" 912 1.30487461542 2.6414812358757 1.56580026214674
"921" 913 1.30491317338711 2.64200534784658 1.56589993886203
"922" 914 1.30494263085763 2.64253707792988 1.56599949880077
"923" 915 1.30497651617698 2.64297358366613 1.56609894222733
"924" 916 1.30500873134958 2.64339508123974 1.56619826940514
"925" 917 1.30503756726713 2.64392642270154 1.56629748059682
"926" 918 1.30506802548288 2.64453087803325 1.56639657606404
"927" 919 1.30510273963354 2.64511356716207 1.56649555606765
"928" 920 1.30513382647069 2.64560893379127 1.5665944208676
"929" 921 1.30516541171222 2.6461417503396 1.56669317072298
"930" 922 1.30520543868541 2.64670968592163 1.566791805892
"931" 923 1.30523515421396 2.64727628432892 1.56689032663205
"932" 924 1.30526405263009 2.64783475610434 1.56698873319963
"933" 925 1.30529245381902 2.64832739393453 1.5670870258504
"934" 926 1.30532073523919 2.64883238017165 1.56718520483917
"935" 927 1.3053534958814 2.64938469686045 1.56728327041991
"936" 928 1.30538260723497 2.64987657788087 1.56738122284575
"937" 929 1.30540605445476 2.65035623140282 1.56747906236898
"938" 930 1.30544594505674 2.65082497200917 1.56757678924104
"939" 931 1.30547997214815 2.65129328295364 1.56767440371258
"940" 932 1.3055122147212 2.65181002153093 1.56777190603338
"941" 933 1.30554463115585 2.65230875168823 1.56786929645243
"942" 934 1.30557430141553 2.65288385567704 1.56796657521787
"943" 935 1.30560810471494 2.65340406388817 1.56806374257708
"944" 936 1.30564116744904 2.65392387647806 1.56816079877657
"945" 937 1.30567321906125 2.65450474584128 1.56825774406204
"946" 938 1.30570545677474 2.6550815647125 1.56835457867845
"947" 939 1.30573515527842 2.65559775220852 1.56845130286991
"948" 940 1.30576524847325 2.65606543799982 1.56854791687972
"949" 941 1.3057992328958 2.65653263709498 1.56864442095042
"950" 942 1.30582326742505 2.65699321781374 1.56874081532374
"951" 943 1.30585589813048 2.65759585454839 1.56883710024063
"952" 944 1.30588687853477 2.65814780062619 1.56893327594126
"953" 945 1.30591155411419 2.65858666875513 1.569029342665
"954" 946 1.30594176006309 2.65908859521981 1.56912530065047
"955" 947 1.30597773292049 2.6596436976966 1.56922115013548
"956" 948 1.30600633153959 2.66022111442504 1.56931689135712
"957" 949 1.3060363798713 2.66079806114708 1.56941252455166
"958" 950 1.30606918980018 2.66137453873988 1.56950804995463
"959" 951 1.30610186346792 2.66195054807832 1.56960346780083
"960" 952 1.30613549601386 2.66252477886108 1.56969877832422
"961" 953 1.30617158253647 2.66311835657334 1.56979398175811
"962" 954 1.30620380851915 2.66368395761989 1.56988907833496
"963" 955 1.30623827334092 2.66428181908278 1.56998406828656
"964" 956 1.30626806649805 2.66490222295765 1.57007895184391
"965" 957 1.30629691998223 2.66550610581772 1.57017372923729
"966" 958 1.30633047575577 2.66600691478182 1.57026840069622
"967" 959 1.30636944145828 2.66653021016756 1.57036296644951
"968" 960 1.30639614042772 2.6670963734927 1.57045742672523
"969" 961 1.30642627654669 2.66766179099779 1.57055178175071
"970" 962 1.30645863062974 2.66819125073394 1.57064603175255
"971" 963 1.30648621831476 2.66866591607096 1.57074017695665
"972" 964 1.30651682134055 2.66912316854556 1.57083421758819
"973" 965 1.30655418034404 2.66958001738807 1.5709281538716
"974" 966 1.30658756284211 2.67011811989008 1.57102198603064
"975" 967 1.30661913752385 2.67059874164841 1.57111571428833
"976" 968 1.30665511168284 2.67106435222084 1.57120933886697
"977" 969 1.30669002732694 2.67154358374333 1.5713028599882
"978" 970 1.30672085691056 2.67203976393153 1.57139627787292
"979" 971 1.30675046162184 2.67251296996627 1.57148959274136
"980" 972 1.30677582766178 2.67297322720258 1.57158280481303
"981" 973 1.30680368258213 2.67347757852666 1.57167591430675
"982" 974 1.30682848624302 2.67396114701706 1.57176892144066
"983" 975 1.30686455942611 2.67450945972342 1.57186182643221
"984" 976 1.30689588329355 2.67509311800842 1.57195462949815
"985" 977 1.30692054797616 2.67566416804054 1.57204733085458
"986" 978 1.30695312488093 2.6761454115454 1.57213993071691
"987" 979 1.3069869185606 2.67662593605786 1.57223242929983
"988" 980 1.30701327020694 2.67710086257583 1.57232482681744
"989" 981 1.30704193063887 2.67757475223939 1.5724171234831
"990" 982 1.30707028023731 2.67806521077956 1.57250931950952
"991" 983 1.30709641325853 2.67864288522644 1.57260141510879
"992" 984 1.30712240405847 2.67917518183919 1.57269341049225
"993" 985 1.30714907497108 2.6796415436495 1.57278530587067
"994" 986 1.3071764165912 2.68010432574428 1.5728771014541
"995" 987 1.30720532979636 2.68056671337531 1.57296879745197
"996" 988 1.3072359531106 2.68107660633724 1.57306039407306
"997" 989 1.30725536816102 2.68161919492543 1.57315189152548
"998" 990 1.30729322547447 2.68220340329138 1.5732432900167
"999" 991 1.30732118593207 2.68270867405361 1.57333458975357
"1000" 992 1.30735320683145 2.68328676237852 1.57342579094226
"1001" 993 1.30738479828017 2.683795253406 1.57351689378835
"1002" 994 1.30740893658629 2.68434007662844 1.57360789849674
"1003" 995 1.30743122535537 2.68488082295326 1.57369880527172
"1004" 996 1.30745706573901 2.68542114435794 1.57378961431696
"1005" 997 1.30748929271324 2.68592027663288 1.57388032583546
"1006" 998 1.30751607726195 2.68641637321503 1.57397094002966
"1007" 999 1.30754054221238 2.68687899793844 1.5740614571013
"1008" 1000 1.30756287550681 2.68730431432083 1.57415187725158
