"T" "IC_low" "IC_up" "x_ML"
"1" 1.1 0.630650273951644 0.644345247972038 0.635932548516996
"2" 1.2 0.63640050942316 0.656945857589473 0.644323010083772
"3" 1.3 0.64192396890025 0.668768636344364 0.65225244053192
"4" 1.4 0.647232812052611 0.679937727987024 0.659778910659421
"5" 1.5 0.652335565986403 0.690521703743403 0.666949625211702
"6" 1.6 0.657248931465889 0.700612088531512 0.673803534370546
"7" 1.7 0.661977990749814 0.710307999421416 0.680373195593535
"8" 1.8 0.66655742695601 0.719605832623079 0.686686131992522
"9" 1.9 0.670988318534305 0.728619767339333 0.692765843519461
"10" 2 0.675276503924283 0.737338725440111 0.698632573121773
"11" 3 0.712010021338645 0.813746110355773 0.748592138849064
"12" 4 0.740763246625225 0.879096910811509 0.788221984679291
"13" 5 0.764596140137781 0.938822861414859 0.821598968353401
"14" 6 0.784785214104123 0.99516938689745 0.850712693976207
"15" 7 0.802447670398487 1.04930207180118 0.876701019312677
"16" 8 0.817945641759331 1.10169701475824 0.900282724043652
"17" 9 0.831975763670103 1.15276544370403 0.921944168909972
"18" 10 0.844620024632455 1.20287717645867 0.942031513362039
"19" 11 0.856299594881298 1.25179978928137 0.96080088276502
"20" 12 0.866993425319399 1.29950879483132 0.978447709899374
"21" 13 0.876982248986126 1.34608621373506 0.995124895925284
"22" 14 0.88635926334713 1.39187874422464 1.01095457540297
"23" 15 0.895048970238422 1.4377178947636 1.02603602940008
"24" 16 0.903348947493436 1.48215780542784 1.0404511779778
"25" 17 0.91113176756268 1.52625048732606 1.05426849601337
"26" 18 0.918560265522889 1.56936572931664 1.06754587014309
"27" 19 0.925638331655126 1.61160088331262 1.08033272548934
"28" 20 0.932381205856266 1.65309214312285 1.09267163703932
"29" 21 0.938760806783165 1.69427933404339 1.10459956982655
"30" 22 0.944902595334737 1.73536872373714 1.11614884685837
"31" 23 0.950833746290596 1.77692580180243 1.12734791409836
"32" 24 0.956418227201036 1.81750340657592 1.1382219519467
"33" 25 0.961790793087962 1.85726770964806 1.14879336907475
"34" 26 0.966951973126547 1.89705877444919 1.15908220500664
"35" 27 0.971982480509319 1.9364431150165 1.16910646114053
"36" 28 0.97686835519031 1.97589684770749 1.17888237508624
"37" 29 0.981607652329476 2.0145739110332 1.18842464968623
"38" 30 0.986111897025243 2.0527735572127 1.1977466454975
"39" 31 0.990528720819521 2.08993731440843 1.20686054357764
"40" 32 0.994789174707066 2.12804510181132 1.21577748395912
"41" 33 0.998927070108339 2.16568308049533 1.22450768408316
"42" 34 1.00290545415393 2.20242013137811 1.23306054060812
"43" 35 1.00689547477394 2.23852179167906 1.24144471734316
"44" 36 1.01078975416032 2.27593098740237 1.24966822153744
"45" 37 1.0144433799236 2.31242911145477 1.25773847034514
"46" 38 1.0181167271052 2.34846143507708 1.26566234896093
"47" 39 1.02172165741015 2.38407450309821 1.27344626166003
"48" 40 1.02516208865962 2.41995753147722 1.28109617676719
"49" 41 1.02850436768116 2.45558442004709 1.28861766640964
"50" 42 1.03184922089248 2.4915530738858 1.29601594177052
"51" 43 1.03509594243859 2.52699779101225 1.30329588444639
"52" 44 1.03828476197667 2.56226924572383 1.31046207441956
"53" 45 1.0413147724596 2.59747686915994 1.31751881507859
"54" 46 1.04433743336382 2.63229044473425 1.32447015565692
"55" 47 1.04730682804862 2.66727874552355 1.33131991140597
"56" 48 1.05022145504006 2.70209395293218 1.33807168177453
"57" 49 1.05312411430913 2.73554805227179 1.34472886682868
"58" 50 1.05589138284992 2.77009152828407 1.35129468211468
"59" 51 1.05861040921845 2.80397968682602 1.35777217214058
"60" 52 1.06131311022269 2.83862889822944 1.36416422262935
"61" 53 1.06396346534723 2.87210414775493 1.37047357167669
"62" 54 1.06651941870885 2.90611636266932 1.37670281993023
"63" 55 1.06899969711235 2.93924201932418 1.38285443989246
"64" 56 1.0715335818944 2.97194193619408 1.38893078443711
"65" 57 1.07395752038061 3.0050544217499 1.39493409461845
"66" 58 1.07640293767011 3.0374504867831 1.40086650684339
"67" 59 1.07884361791596 3.07009961378781 1.40673005946858
"68" 60 1.0812661470615 3.10283362471985 1.41252669887727
"69" 61 1.08359154815331 3.13461991073552 1.41825828508517
"70" 62 1.0858338108038 3.16591984189564 1.42392659691875
"71" 63 1.08800438004517 3.1992849794173 1.42953333680488
"72" 64 1.09017013609127 3.23213468200294 1.43508013520687
"73" 65 1.09231001677022 3.26400580894603 1.44056855473787
"74" 66 1.09444197867041 3.29660831524085 1.44600009397979
"75" 67 1.09654622543544 3.32912252909112 1.45137619103301
"76" 68 1.09864438148353 3.3611753492195 1.45669822681939
"77" 69 1.10075183280085 3.3921787504773 1.46196752815929
"78" 70 1.10281871195531 3.42380222109826 1.46718537064093
"79" 71 1.10481009740842 3.45408348287254 1.47235298129899
"80" 72 1.10684349490761 3.48541280058887 1.47747154111751
"81" 73 1.10886255455301 3.51642387616996 1.48254218737103
"82" 74 1.11085845238761 3.54737588072978 1.48756601581628
"83" 75 1.11271999898555 3.57843104624455 1.4925440827461
"84" 76 1.11460186765693 3.6097684980161 1.49747740691576
"85" 77 1.11642878934309 3.64027533251014 1.50236697135121
"86" 78 1.11826335753392 3.67067746676794 1.50721372504804
"87" 79 1.11999410806685 3.70127817007422 1.512018584569
"88" 80 1.1217194658569 3.7318980340081 1.5167824355472
"89" 81 1.12352535083761 3.76236385553172 1.52150613410198
"90" 82 1.12527500050047 3.79232194260083 1.52619050817322
"91" 83 1.12701856483928 3.82224529227886 1.53083635877987
"92" 84 1.12864276274433 3.85315887905268 1.53544446120793
"93" 85 1.13034055462237 3.88280815670993 1.54001556613239
"94" 86 1.13198086148703 3.91341570514015 1.54455040067785
"95" 87 1.13359783551466 3.94260928528379 1.54904966942151
"96" 88 1.13520781070271 3.9727380168175 1.55351405534259
"97" 89 1.13679900090515 4.00274881073927 1.55794422072137
"98" 90 1.13838964962222 4.03265143990504 1.5623408079912
"99" 91 1.1400124154119 4.06170615929336 1.56670444054646
"100" 92 1.14156612482783 4.09094844712946 1.57103572350899
"101" 93 1.14306329142148 4.11966901165371 1.57533524445585
"102" 94 1.14450497594604 4.14857746412493 1.57960357411052
"103" 95 1.14598573489999 4.17756913888674 1.58384126699987
"104" 96 1.14745643042975 4.2066052107181 1.58804886207889
"105" 97 1.14896820905583 4.23552392750245 1.59222688332504
"106" 98 1.15049043791649 4.26340375015934 1.59637584030414
"107" 99 1.1519228208561 4.29275561607368 1.60049622870926
"108" 100 1.15337042793789 4.32237367593437 1.60458853087423
"109" 101 1.15482222881016 4.35058971050415 1.60865321626331
"110" 102 1.15621948145073 4.37977680270311 1.61269074193812
"111" 103 1.15766181899838 4.40842616973257 1.61670155300336
"112" 104 1.15902888518676 4.4369235161655 1.62068608303227
"113" 105 1.16044972101726 4.46584720273148 1.62464475447303
"114" 106 1.16180277785789 4.4939617860801 1.62857797903717
"115" 107 1.16315312481834 4.52230460203331 1.6324861580708
"116" 108 1.16442865268916 4.55151401653222 1.63636968290976
"117" 109 1.16567574336167 4.57953371765309 1.64022893521939
"118" 110 1.16696488877934 4.60750703691782 1.64406428731972
"119" 111 1.16824255929709 4.63574629449125 1.647876102497
"120" 112 1.16950585666417 4.66317869991928 1.651664735302
"121" 113 1.17076766122313 4.6917259450815 1.655430531836
"122" 114 1.17207581850325 4.7188690640857 1.6591738300249
"123" 115 1.17335872907771 4.74647397489752 1.66289495988217
"124" 116 1.1746187462269 4.77443954804994 1.66659424376112
"125" 117 1.17584957315299 4.80216067693077 1.67027199659702
"126" 118 1.17707552182343 4.82984648363847 1.67392852613955
"127" 119 1.17826792992745 4.85885412530111 1.67756413317613
"128" 120 1.17946159296549 4.88572558902412 1.68117911174641
"129" 121 1.18064453870277 4.91301131118433 1.6847737493485
"130" 122 1.18183761451134 4.93991422977311 1.68834832713719
"131" 123 1.18302066845904 4.9686154709919 1.69190312011462
"132" 124 1.18414045774968 4.99529529051867 1.69543839731373
"133" 125 1.18532700725684 5.02204288518525 1.6989544219748
"134" 126 1.18645514485134 5.05013187565298 1.70245145171537
"135" 127 1.18760421869094 5.07726454984233 1.70592973869392
"136" 128 1.18875318683005 5.10422114621701 1.70938952976752
"137" 129 1.18990326228117 5.13126505572222 1.7128310666437
"138" 130 1.19101071191862 5.15790495380823 1.71625458602688
"139" 131 1.19211839102205 5.18529388039229 1.71966031975952
"140" 132 1.1932289460266 5.2118617149862 1.72304849495825
"141" 133 1.19436048285229 5.23893781273016 1.72641933414516
"142" 134 1.19545108107507 5.26638750169735 1.72977305537453
"143" 135 1.19652155768334 5.29367763365072 1.73310987235515
"144" 136 1.19755937905715 5.32105441605903 1.73642999456832
"145" 137 1.19860047532861 5.34873408491786 1.73973362738194
"146" 138 1.19973290354004 5.37616924295224 1.74302097216062
"147" 139 1.20076487089306 5.40297131696722 1.74629222637207
"148" 140 1.20181505920455 5.42998322335923 1.74954758368997
"149" 141 1.20290655818142 5.45537216725777 1.7527872340934
"150" 142 1.2039397835483 5.48195871861982 1.75601136396291
"151" 143 1.20496163986535 5.50885177422802 1.75922015617351
"152" 144 1.20597613680987 5.53438811789923 1.76241379018462
"153" 145 1.20701462976645 5.56049380710376 1.76559244212709
"154" 146 1.20801847180008 5.58754722155657 1.76875628488735
"155" 147 1.20910847057971 5.61425769866895 1.77190548818902
"156" 148 1.21011081490694 5.64239037903694 1.77504021867179
"157" 149 1.21106958513572 5.66866125650987 1.77816063996791
"158" 150 1.21200792742831 5.69596336773398 1.78126691277619
"159" 151 1.21297563330469 5.72235448694209 1.78435919493381
"160" 152 1.21392979014989 5.74966075157691 1.78743764148581
"161" 153 1.21488789744688 5.77592047184329 1.79050240475249
"162" 154 1.21585421076813 5.80112665486554 1.79355363439479
"163" 155 1.21681355671526 5.82773770876419 1.7965914774776
"164" 156 1.21771238806986 5.85344760679004 1.79961607853125
"165" 157 1.21860809064873 5.88016704793187 1.80262757961108
"166" 158 1.21952283248725 5.90598761602641 1.80562612035537
"167" 159 1.22047325894934 5.93304457956656 1.80861183804138
"168" 160 1.22141784817545 5.95871473448317 1.81158486763987
"169" 161 1.22231290843832 5.98460543060222 1.81454534186805
"170" 162 1.22324224580546 6.01038161144226 1.81749339124083
"171" 163 1.22412299861905 6.03535871454259 1.82042914412082
"172" 164 1.22501799069919 6.06113826084105 1.82335272676671
"173" 165 1.22591485466178 6.08706835127278 1.82626426338039
"174" 166 1.22677875359536 6.11221577694199 1.82916387615264
"175" 167 1.22763543497103 6.13771915493029 1.83205168530767
"176" 168 1.22847163810815 6.1630826927653 1.83492780914625
"177" 169 1.22933351313359 6.18839679462774 1.83779236408779
"178" 170 1.23015020345188 6.21434337510216 1.84064546471115
"179" 171 1.23098228741708 6.23961461976932 1.8434872237944
"180" 172 1.23182764565122 6.26406377873619 1.84631775235345
"181" 173 1.23269021809857 6.28963812389889 1.84913715967968
"182" 174 1.23353188398407 6.31403399603664 1.85194555337646
"183" 175 1.23432535154129 6.33900092589574 1.85474303939483
"184" 176 1.2352196763626 6.36500339755908 1.85752972206812
"185" 177 1.23603133429199 6.38985502003255 1.86030570414565
"186" 178 1.23678713451368 6.41402271158481 1.86307108682565
"187" 179 1.23760799799712 6.43945531975124 1.86582596978714
"188" 180 1.23843492608354 6.46459270001535 1.8685704512212
"189" 181 1.23925359580038 6.49002784631778 1.87130462786121
"190" 182 1.24000989305731 6.51501822197673 1.87402859501247
"191" 183 1.24085245506143 6.54024992954137 1.87674244658096
"192" 184 1.24168158927307 6.56392420608275 1.87944627510143
"193" 185 1.24243134570907 6.58941070879292 1.88214017176476
"194" 186 1.24324128551723 6.61479479268386 1.88482422644458
"195" 187 1.24403576298412 6.63949052429434 1.88749852772332
"196" 188 1.24488835169091 6.66418987905747 1.89016316291752
"197" 189 1.24569395406523 6.68957394978735 1.89281821810255
"198" 190 1.24649690048099 6.71306289945599 1.8954637781367
"199" 191 1.24725426668957 6.73737534535135 1.89809992668477
"200" 192 1.24800947732666 6.76167346693203 1.9007267462409
"201" 193 1.24878565801566 6.78583894640587 1.90334431815099
"202" 194 1.24953680322216 6.80993538580046 1.90595272263458
"203" 195 1.25027792446981 6.83388025469447 1.90855203880613
"204" 196 1.25101762688006 6.85989534782219 1.9111423446958
"205" 197 1.25175511775122 6.88365329827205 1.91372371726978
"206" 198 1.25255183685958 6.90810589769519 1.91629623245014
"207" 199 1.25327731077147 6.93157765038748 1.91885996513416
"208" 200 1.25398644962683 6.95715246184547 1.92141498921321
"209" 201 1.25462953484853 6.98151110622371 1.92396137759128
"210" 202 1.25539176206598 7.0065630089103 1.92649920220294
"211" 203 1.25620920558301 7.0323235424988 1.92902853403102
"212" 204 1.25690403872847 7.0559985868759 1.93154944312378
"213" 205 1.25762487564585 7.08264838538952 1.93406199861175
"214" 206 1.25835260122519 7.10672263605071 1.93656626872413
"215" 207 1.25905189608425 7.12957496514938 1.93906232080492
"216" 208 1.25973491209407 7.15480861379324 1.94155022132853
"217" 209 1.26042937214464 7.17987411955893 1.94403003591522
"218" 210 1.26117127905855 7.20446342477245 1.94650182934604
"219" 211 1.26186304014504 7.22745097525005 1.94896566557752
"220" 212 1.26254906059765 7.25281239227318 1.95142160775601
"221" 213 1.26325931940444 7.27675913671778 1.95386971823174
"222" 214 1.26391338938826 7.30046875740477 1.9563100585725
"223" 215 1.264644988853 7.32508123199628 1.95874268957709
"224" 216 1.26528076898182 7.34937946112874 1.96116767128843
"225" 217 1.26599522501646 7.3734611746711 1.96358506300645
"226" 218 1.26667390846152 7.39689838267055 1.9659949233006
"227" 219 1.2673930757962 7.42133501910949 1.96839731002221
"228" 220 1.2680459459905 7.44439729363973 1.9707922803165
"229" 221 1.26872466268777 7.46572285780243 1.97317989063436
"230" 222 1.26938942004134 7.48920940077601 1.97556019674391
"231" 223 1.27007070956969 7.51341647199789 1.97793325374174
"232" 224 1.27071436262167 7.53916105713462 1.98029911606403
"233" 225 1.27133436567208 7.56467475534262 1.98265783749736
"234" 226 1.27199085852623 7.58863266494894 1.98500947118925
"235" 227 1.27265836123922 7.61187236946803 1.98735406965864
"236" 228 1.2733185723934 7.6345620049469 1.98969168480598
"237" 229 1.27391926693421 7.6569935403144 1.99202236792322
"238" 230 1.27460067906633 7.68054635957378 1.99434616970355
"239" 231 1.27525508398189 7.70432869215022 1.996663140251
"240" 232 1.27588094148907 7.72757414123118 1.99897332908976
"241" 233 1.2765659800738 7.75210956115617 2.00127678517339
"242" 234 1.27722525565537 7.77483442807008 2.00357355689376
"243" 235 1.27779594342586 7.79936860896836 2.00586369208992
"244" 236 1.27846720560816 7.82129937690586 2.00814723805675
"245" 237 1.27910912424852 7.84467055378764 2.01042424155332
"246" 238 1.27972071112977 7.8685153655044 2.01269474881137
"247" 239 1.28038110114896 7.89233732218915 2.01495880554321
"248" 240 1.28106884068923 7.91587427431458 2.01721645694997
"249" 241 1.28170728614542 7.93968831599338 2.01946774772917
"250" 242 1.28233255601526 7.96409649239214 2.02171272208257
"251" 243 1.2829454552089 7.98695793465517 2.02395142372362
"252" 244 1.2835543006818 8.0113147226713 2.02618389588482
"253" 245 1.28415216044894 8.03499428343378 2.02841018132503
"254" 246 1.28477475286838 8.05843695017325 2.03063032233649
"255" 247 1.28532831109326 8.08133467812553 2.03284436075182
"256" 248 1.28589583515609 8.10362032909711 2.03505233795087
"257" 249 1.28652331342467 8.12705798716803 2.0372542948674
"258" 250 1.28709549490916 8.14994206720068 2.03945027199568
"259" 251 1.28769051025996 8.17403076722132 2.0416403093969
"260" 252 1.28828029656261 8.19769486608571 2.04382444670555
"261" 253 1.28887384735003 8.2186656725386 2.04600272313565
"262" 254 1.28943614247118 8.24114045369148 2.04817517748681
"263" 255 1.28997072087966 8.26395409195993 2.05034184815022
"264" 256 1.29052615349924 8.28941965727109 2.05250277311461
"265" 257 1.29112589649999 8.3127348190796 2.05465798997189
"266" 258 1.29172129335785 8.33590977492175 2.05680753592296
"267" 259 1.29228740868676 8.35848800903296 2.05895144778315
"268" 260 1.29286782369331 8.38048348680996 2.06108976198781
"269" 261 1.29344912820676 8.40428695389587 2.06322251459759
"270" 262 1.29401228896778 8.42795775323129 2.06534974130371
"271" 263 1.29460976298755 8.45092413666136 2.06747147743319
"272" 264 1.29519286517824 8.47312100615646 2.06958775795394
"273" 265 1.29573400817934 8.49601947553795 2.07169861747966
"274" 266 1.29631882006206 8.51968795232598 2.07380409027488
"275" 267 1.2968195554709 8.5431858808623 2.07590421025966
"276" 268 1.29738044672596 8.56479046470644 2.07799901101441
"277" 269 1.29787914381471 8.58711222014218 2.08008852578455
"278" 270 1.2984165300324 8.60891470310919 2.08217278748499
"279" 271 1.29898499069367 8.63164878287441 2.08425182870474
"280" 272 1.29953162808029 8.65360776903721 2.08632568171121
"281" 273 1.30010435098055 8.67732228492848 2.0883943784547
"282" 274 1.30064928428288 8.70032751711384 2.09045795057253
"283" 275 1.30121825839713 8.72306142061089 2.09251642939329
"284" 276 1.30175105433101 8.74601193852163 2.09456984594096
"285" 277 1.3022722607696 8.76853940947691 2.09661823093899
"286" 278 1.302821055589 8.79260699148844 2.09866161481421
"287" 279 1.30334648188835 8.81428197010074 2.10070002770086
"288" 280 1.30384543504325 8.83715155540261 2.10273349944431
"289" 281 1.30439670909948 8.85927271185325 2.10476205960495
"290" 282 1.30490496761741 8.88100713603237 2.10678573746193
"291" 283 1.30545356627185 8.9035394321183 2.10880456201669
"292" 284 1.30599630044966 8.9256162638687 2.11081856199667
"293" 285 1.30648711810308 8.94842460611346 2.11282776585891
"294" 286 1.30701312805506 8.97028242814957 2.11483220179334
"295" 287 1.30750052940769 8.9946201395656 2.11683189772641
"296" 288 1.30802755033871 9.01750994535783 2.11882688132437
"297" 289 1.30850555854949 9.04077710067248 2.12081717999654
"298" 290 1.30904297004487 9.06334217139955 2.12280282089872
"299" 291 1.3095908361247 9.08534678872384 2.12478383093623
"300" 292 1.31007432243954 9.10690083974207 2.12676023676721
"301" 293 1.31056124474646 9.13033487338407 2.12873206480568
"302" 294 1.31107465857768 9.15356739354373 2.13069934122452
"303" 295 1.3116265964681 9.1759990587511 2.13266209195865
"304" 296 1.31209316328622 9.19881664477148 2.13462034270785
"305" 297 1.31260266133266 9.22162615174337 2.13657411893973
"306" 298 1.31309168631793 9.24359956953796 2.13852344589262
"307" 299 1.31359300411679 9.26637142149584 2.14046834857832
"308" 300 1.31406187343573 9.28910222817287 2.14240885178503
"309" 301 1.31456551377462 9.31248181907726 2.14434498007991
"310" 302 1.31507274057438 9.33534551722533 2.14627675781189
"311" 303 1.31555746080635 9.3583044739798 2.14820420911432
"312" 304 1.31597337028849 9.38088349207661 2.15012735790752
"313" 305 1.31643559253851 9.40218345969988 2.15204622790142
"314" 306 1.3169342772663 9.42296505975921 2.15396084259807
"315" 307 1.31739846495964 9.44506982168905 2.15587122529411
"316" 308 1.3179252863471 9.4678858755881 2.15777739908328
"317" 309 1.31837530478122 9.4902251197748 2.1596793868588
"318" 310 1.31880181749071 9.51276859605732 2.16157721131571
"319" 311 1.31931121748957 9.53519532562761 2.16347089495336
"320" 312 1.31979403814928 9.55842854428673 2.16536046007759
"321" 313 1.3202545840723 9.58104873191091 2.16724592880306
"322" 314 1.32075289816041 9.60366561640501 2.16912732305545
"323" 315 1.32123901804586 9.62615823630696 2.17100466457375
"324" 316 1.32171161369103 9.64885421730932 2.17287797491238
"325" 317 1.32220437079059 9.67140138261727 2.17474727544333
"326" 318 1.32268266696204 9.69342078790909 2.17661258735833
"327" 319 1.32310422224187 9.71560538585956 2.17847393167082
"328" 320 1.32360686317113 9.73737964804935 2.18033132921819
"329" 321 1.32406700196707 9.7595994255788 2.18218480066358
"330" 322 1.32455787276227 9.78227412507539 2.18403436649804
"331" 323 1.3250352260295 9.80533680217946 2.18588004704244
"332" 324 1.32547036640093 9.82682771181034 2.18772186244935
"333" 325 1.32592508668496 9.84899306693276 2.18955983270503
"334" 326 1.32639047240459 9.87075829936869 2.19139397763128
"335" 327 1.32687850443166 9.89299803509236 2.19322431688733
"336" 328 1.32729082256248 9.91343790074694 2.19505086997152
"337" 329 1.32777540494695 9.93670722473805 2.19687365622333
"338" 330 1.32821274509592 9.95752676646629 2.19869269482495
"339" 331 1.32868027445925 9.97894274795158 2.20050800480317
"340" 332 1.3291996553871 9.99955821327557 2.20231960503099
"341" 333 1.32963106636016 10.0213541383999 2.20412751422941
"342" 334 1.33006723579461 10.0434065611584 2.20593175096909
"343" 335 1.33053518759049 10.0653924752522 2.20773233367199
"344" 336 1.33094624228337 10.0864266884315 2.20952928061296
"345" 337 1.33140114822842 10.1074060452642 2.21132260992146
"346" 338 1.33188326019807 10.1296807236123 2.21311233958297
"347" 339 1.3323390834701 10.1515608145629 2.21489848744077
"348" 340 1.3327986053161 10.1717530382687 2.21668107119732
"349" 341 1.33320343478863 10.1924819925913 2.21846010841579
"350" 342 1.33367712413629 10.2139027520763 2.22023561652167
"351" 343 1.33414165845878 10.2355528327668 2.22200761280415
"352" 344 1.33457419870011 10.2597088889473 2.22377611441762
"353" 345 1.33498215665903 10.2803106806618 2.22554113838309
"354" 346 1.33544313961842 10.3023598006907 2.22730270158963
"355" 347 1.33590228283552 10.3238937643737 2.22906082079573
"356" 348 1.33630978485725 10.3450940460734 2.23081551263075
"357" 349 1.3367776770075 10.3648334084571 2.23256679359625
"358" 350 1.33720244983499 10.386581542463 2.23431468006729
"359" 351 1.33768841439653 10.4095061204915 2.23605918829385
"360" 352 1.33806681802509 10.4301705241388 2.23780033440205
"361" 353 1.33856337865524 10.4507455150511 2.23953813439547
"362" 354 1.33898852526846 10.4718853820553 2.2412726041565
"363" 355 1.33945178111722 10.4945742788382 2.24300375944746
"364" 356 1.33991399449806 10.5172013566533 2.24473161591198
"365" 357 1.34037248142789 10.5385328379918 2.24645618907612
"366" 358 1.34079247970711 10.5594994343701 2.24817749434963
"367" 359 1.34117939050736 10.5817093641515 2.24989554702714
"368" 360 1.34157258252667 10.6016838215645 2.25161036228934
"369" 361 1.34203609186635 10.6220372612705 2.25332195520408
"370" 362 1.34246837518198 10.6429187936165 2.25503034072769
"371" 363 1.34286098102399 10.6637031527578 2.2567355337059
"372" 364 1.34328779557808 10.6852164705917 2.25843754887505
"373" 365 1.34367975553009 10.7058499317287 2.26013640086325
"374" 366 1.34407446405338 10.7261805324587 2.26183210419139
"375" 367 1.34446285341387 10.747549276318 2.26352467327424
"376" 368 1.34487720137775 10.7698633611096 2.26521412242157
"377" 369 1.3453081414033 10.7916069064167 2.26690046583906
"378" 370 1.3457454138305 10.8120680180326 2.26858371762946
"379" 371 1.3461500015194 10.8334533070064 2.27026389179362
"380" 372 1.34654355418199 10.8543714825892 2.27194100223136
"381" 373 1.34698994883943 10.8745351019752 2.27361506274265
"382" 374 1.34738658063147 10.8951177868559 2.27528608702842
"383" 375 1.3478009647532 10.9159586063279 2.2769540886917
"384" 376 1.34818497583022 10.9370360809407 2.27861908123842
"385" 377 1.34853975883121 10.9579466896678 2.28028107807847
"386" 378 1.3489281626428 10.9786227711471 2.28194009252662
"387" 379 1.34930004027934 11.0005801623722 2.28359613780341
"388" 380 1.34968951235597 11.0230211806315 2.28524922703604
"389" 381 1.35008729313079 11.0449478908611 2.28689937325932
"390" 382 1.35044558421558 11.064775369979 2.28854658941662
"391" 383 1.35084154642805 11.0840734266926 2.29019088836063
"392" 384 1.3512139313646 11.1035205033824 2.29183228285426
"393" 385 1.35162556930336 11.1241692639368 2.29347078557155
"394" 386 1.35197145914359 11.1442134794905 2.29510640909848
"395" 387 1.35235604445768 11.1648381275418 2.29673916593383
"396" 388 1.35278102218444 11.184698999546 2.29836906848995
"397" 389 1.35309274207447 11.205323050974 2.29999612909364
"398" 390 1.3534355247385 11.2266485093176 2.301620359987
"399" 391 1.35383110009417 11.2476721412714 2.3032417733281
"400" 392 1.3542071446813 11.2683386634969 2.30486038119186
"401" 393 1.35460301382366 11.2900140162006 2.30647619557078
"402" 394 1.35497364334371 11.3119084045055 2.30808922837575
"403" 395 1.35534811335419 11.3334852555091 2.30969949143687
"404" 396 1.35574639447815 11.3544738229843 2.311306996504
"405" 397 1.3561533833896 11.3746290188457 2.31291175524774
"406" 398 1.356518242735 11.3944521616444 2.31451377926001
"407" 399 1.35683749915219 11.417571148731 2.31611308005481
"408" 400 1.35722402431813 11.4395028456015 2.31770966906904
"409" 401 1.35760609898188 11.4607324928756 2.31930355766296
"410" 402 1.35796879023838 11.481375564437 2.32089475712121
"411" 403 1.35832237190514 11.503175396926 2.32248327865329
"412" 404 1.3586823672609 11.5260023155646 2.32406913339421
"413" 405 1.35906481922644 11.5490126909544 2.32565233240541
"414" 406 1.3594410390001 11.5689759023284 2.32723288667517
"415" 407 1.35978713320153 11.5899958188635 2.32881080711936
"416" 408 1.36015970262139 11.6100936547798 2.3303861045822
"417" 409 1.36053203038044 11.6312028239361 2.33195878983674
"418" 410 1.36091060593612 11.651658294983 2.3335288735856
"419" 411 1.36126108937158 11.6723956675278 2.33509636646154
"420" 412 1.36161149588749 11.6934606410485 2.3366612790282
"421" 413 1.36198504748198 11.7131779530757 2.33822362178052
"422" 414 1.36237091712671 11.7332243431951 2.33978340514558
"423" 415 1.3627547975671 11.7539602704749 2.34134063948301
"424" 416 1.36317218944244 11.7757321574543 2.34289533508566
"425" 417 1.36353935915097 11.7969757574646 2.34444750218029
"426" 418 1.36388151709749 11.8172196519222 2.34599715092799
"427" 419 1.36424552273298 11.8374113821982 2.34754429142475
"428" 420 1.36460783305995 11.8576789438322 2.34908893370226
"429" 421 1.36500624790652 11.8790785488593 2.35063108772825
"430" 422 1.36539805809437 11.8988573073293 2.35217076340706
"431" 423 1.36572206125649 11.9185189604724 2.35370797058032
"432" 424 1.36611668777253 11.9403148309333 2.35524271902743
"433" 425 1.36650550228004 11.9593238707216 2.35677501846599
"434" 426 1.36685939351443 11.9800140960663 2.35830487855259
"435" 427 1.36718712578244 12.0001850136584 2.35983230888305
"436" 428 1.36752645767601 12.0204867598295 2.36135731899318
"437" 429 1.36785949428683 12.0409648250508 2.3628799183591
"438" 430 1.36820419651771 12.0620852971751 2.36440011639786
"439" 431 1.36853385983761 12.0831395893617 2.36591792246801
"440" 432 1.36885745171879 12.1041833840334 2.36743334586989
"441" 433 1.36921049319556 12.1256955156933 2.36894639584635
"442" 434 1.36953051942438 12.1461503071708 2.37045708158311
"443" 435 1.36990197432426 12.1673753509604 2.37196541220927
"444" 436 1.37023684975495 12.1882293957695 2.37347139679777
"445" 437 1.37053429912912 12.2091626309595 2.37497504436588
"446" 438 1.37088985201473 12.2295677106495 2.3764763638757
"447" 439 1.37120699151524 12.248868846093 2.3779753642346
"448" 440 1.3715443121792 12.2688674185495 2.3794720542957
"449" 441 1.37188094486029 12.2887118149009 2.38096644285814
"450" 442 1.37223934081192 12.3088336180712 2.38245853866792
"451" 443 1.37258634883195 12.3278767862933 2.38394835041789
"452" 444 1.37295709606948 12.3474424212942 2.38543588674856
"453" 445 1.3733013856241 12.36693862827 2.38692115624834
"454" 446 1.37363080653804 12.3864230228557 2.38840416745393
"455" 447 1.37393207169082 12.4065466269616 2.38988492885094
"456" 448 1.37426335474381 12.4274235007131 2.39136344887415
"457" 449 1.37460350948965 12.4463801309471 2.39283973590796
"458" 450 1.37490370077341 12.4664112699108 2.39431379828684
"459" 451 1.37525499530647 12.4871539572789 2.3957856442957
"460" 452 1.37557588095467 12.5068270622234 2.39725528217034
"461" 453 1.37591600357324 12.5273470755703 2.39872272009775
"462" 454 1.37625112218325 12.5482548418811 2.40018796621666
"463" 455 1.37657542787855 12.5686495415482 2.40165102861773
"464" 456 1.37690314402727 12.5881259754461 2.40311191534417
"465" 457 1.37722286105091 12.6074272066152 2.40457063439195
"466" 458 1.37755273498283 12.6266210134384 2.40602719371024
"467" 459 1.37791504287595 12.6460383622069 2.40748160120175
"468" 460 1.37826184657833 12.6666313447881 2.40893386472318
"469" 461 1.37856461660317 12.688758197357 2.4103839920855
"470" 462 1.378883204031 12.7109317156508 2.41183199105441
"471" 463 1.3791878488651 12.731652161327 2.41327786935055
"472" 464 1.37946847308021 12.7513303950919 2.41472163465001
"473" 465 1.37982266283904 12.7730177258867 2.41616329458468
"474" 466 1.3801272719061 12.7947893794699 2.4176028567424
"475" 467 1.38046667509927 12.8140100181042 2.41904032866759
"476" 468 1.38078827864036 12.8344891218799 2.42047571786139
"477" 469 1.38111790716026 12.8544784273771 2.42190903178205
"478" 470 1.38143074238263 12.8739058444675 2.42334027784529
"479" 471 1.3817588862675 12.8927913592244 2.42476946342459
"480" 472 1.38202382299296 12.9141230056342 2.42619659585165
"481" 473 1.38234671488196 12.9340938927338 2.42762168241653
"482" 474 1.38265485554913 12.954338637276 2.4290447303681
"483" 475 1.38301412967 12.9747788505817 2.4304657469142
"484" 476 1.38332280586339 12.9945161934152 2.43188473922229
"485" 477 1.38363245401035 13.0156858698255 2.43330171441938
"486" 478 1.38392700352866 13.0371310540581 2.43471667959252
"487" 479 1.38424996149667 13.0569739722487 2.43612964178919
"488" 480 1.38452061003364 13.0760808645554 2.43754060801743
"489" 481 1.38482049037115 13.0969549184489 2.43894958524624
"490" 482 1.38518087027598 13.1176951782536 2.44035658040584
"491" 483 1.38545558958401 13.1365104474462 2.44176160038808
"492" 484 1.38575316949013 13.1584632798215 2.44316465204649
"493" 485 1.3860733311041 13.1780676064012 2.44456574219683
"494" 486 1.3864020358194 13.197345549656 2.44596487761725
"495" 487 1.38670795487986 13.2168313099582 2.44736206504853
"496" 488 1.38702662567532 13.2381021984767 2.44875731119445
"497" 489 1.38734239078171 13.2583639023066 2.45015062272207
"498" 490 1.38764442442689 13.2786181709748 2.45154200626195
"499" 491 1.38793360807991 13.2967829184895 2.45293146840846
"500" 492 1.38823024158406 13.3173493946123 2.45431901572002
"501" 493 1.38855842183162 13.33785544043 2.45570465471939
"502" 494 1.38886727261125 13.358326627741 2.45708839189393
"503" 495 1.38917280222672 13.3773002348888 2.45847023369593
"504" 496 1.38945696239057 13.3962560040503 2.45985018654271
"505" 497 1.3897332077445 13.4151780241938 2.46122825681703
"506" 498 1.39005975230878 13.4340538075403 2.46260445086732
"507" 499 1.39038256212299 13.4546832932806 2.46397877500784
"508" 500 1.39064433789341 13.4766617932436 2.465351235519
"509" 501 1.39090944462856 13.4967719009153 2.4667218386477
"510" 502 1.391238666241 13.5157435798967 2.46809059060741
"511" 503 1.39154257686454 13.5342734995241 2.46945749757846
"512" 504 1.39183011009871 13.5524759100002 2.47082256570833
"513" 505 1.39211347233494 13.5732063952939 2.4721858011119
"514" 506 1.39238046265644 13.5929275726249 2.47354720987166
"515" 507 1.39269683927906 13.6123911137639 2.47490679803791
"516" 508 1.39299984220153 13.6321559176264 2.47626457162899
"517" 509 1.39333158113296 13.6527065243554 2.47762053663161
"518" 510 1.39366114694048 13.6732489489629 2.47897469900097
"519" 511 1.39397110766734 13.6937832107468 2.48032706466104
"520" 512 1.39427412869768 13.7141828701737 2.48167763950486
"521" 513 1.3945822135137 13.7345081313937 2.48302642939451
"522" 514 1.39489152908067 13.7533510246404 2.48437344016166
"523" 515 1.39519788575966 13.7748877105013 2.48571867760746
"524" 516 1.39549900222508 13.7934719013667 2.48706214750313
"525" 517 1.39577931743951 13.8119175095824 2.48840385558978
"526" 518 1.39608183959661 13.8313015004332 2.48974380757891
"527" 519 1.39640341511022 13.8507292218008 2.49108200915247
"528" 520 1.39665392598896 13.8718913973607 2.49241846596323
"529" 521 1.39692470278989 13.8915668923187 2.49375318363469
"530" 522 1.39721278152705 13.9114366132712 2.49508616776164
"531" 523 1.39755105683101 13.9298878135372 2.49641742391012
"532" 524 1.39779664370789 13.9496088424017 2.49774695761771
"533" 525 1.39806025864217 13.9697220559603 2.49907477439374
"534" 526 1.39836635992791 13.9896789106153 2.50040087971936
"535" 527 1.39866897010386 14.0094650728288 2.50172527904801
"536" 528 1.39896627696891 14.0302124213039 2.50304797780532
"537" 529 1.39926291473602 14.0499117233132 2.50436898138948
"538" 530 1.39956392326742 14.068779516631 2.50568829517134
"539" 531 1.39979059856265 14.0880962614024 2.50700592449467
"540" 532 1.4001281199636 14.10685898367 2.50832187467635
"541" 533 1.40039700776061 14.1250784459162 2.50963615100641
"542" 534 1.40068974715864 14.1438130118951 2.51094875874843
"543" 535 1.40100685774627 14.1635248399042 2.5122597031396
"544" 536 1.40129794441935 14.1822830092618 2.51356898939086
"545" 537 1.40156434992661 14.2014913334591 2.51487662268723
"546" 538 1.40184517320373 14.2202155716342 2.51618260818781
"547" 539 1.40214695238313 14.237943477799 2.51748695102612
"548" 540 1.40241219479277 14.2583179744193 2.51878965631014
"549" 541 1.40272334237428 14.2767800944806 2.52009072912256
"550" 542 1.40297651703398 14.2944995523708 2.52139017452096
"551" 543 1.40327431674897 14.3144747006016 2.5226879975379
"552" 544 1.40356374592924 14.3335266840126 2.52398420318127
"553" 545 1.40385256603808 14.3547227182162 2.52527879643411
"554" 546 1.40409925375319 14.3756860769866 2.52657178225523
"555" 547 1.40436283994418 14.3928923787291 2.52786316557897
"556" 548 1.40465093801261 14.4114776574042 2.52915295131567
"557" 549 1.40492556932388 14.4333181356058 2.53044114435157
"558" 550 1.40521179922726 14.4518371632753 2.53172774954916
"559" 551 1.40550199218439 14.4704184671384 2.53301277174735
"560" 552 1.40579088973 14.4909504421646 2.53429621576137
"561" 553 1.40604672101986 14.5114157856659 2.5355780863833
"562" 554 1.4063120542122 14.5318741059188 2.53685838838188
"563" 555 1.40660272937583 14.5522747439172 2.53813712650299
"564" 556 1.40689322427659 14.5716145390718 2.53941430546942
"565" 557 1.40712745769854 14.5895860211935 2.54068992998147
"566" 558 1.40741862423576 14.6097293888541 2.54196400471664
"567" 559 1.40770702302544 14.6298563078964 2.54323653433017
"568" 560 1.40794849622382 14.6499740648789 2.54450752345491
"569" 561 1.4081467509085 14.6689959662025 2.54577697670166
"570" 562 1.40840791113769 14.6877917347698 2.54704489865918
"571" 563 1.40870886340725 14.7068157179523 2.54831129389436
"572" 564 1.40898946768703 14.7257405579347 2.54957616695243
"573" 565 1.40926608816212 14.7446570266192 2.55083952235706
"574" 566 1.40956561526861 14.7656969386939 2.55210136461047
"575" 567 1.40981818634628 14.7829942164096 2.55336169819368
"576" 568 1.41002048537857 14.8022709082455 2.55462052756643
"577" 569 1.41031645466939 14.8221928613921 2.55587785716752
"578" 570 1.41057303032761 14.8421075766565 2.55713369141492
"579" 571 1.41082247360343 14.8611899145294 2.55838803470581
"580" 572 1.41108339911331 14.8799436692407 2.55964089141677
"581" 573 1.41136817068602 14.899879753604 2.56089226590388
"582" 574 1.41165582394587 14.9190359580889 2.56214216250301
"583" 575 1.41193023137894 14.9378191392876 2.56339058552966
"584" 576 1.41220788210269 14.9565237116038 2.56463753927935
"585" 577 1.41247820310396 14.9747148747435 2.5658830280276
"586" 578 1.41273177852308 14.9930158315876 2.5671270560301
"587" 579 1.41297952985027 15.0114250103868 2.56836962752284
"588" 580 1.41321121249393 15.0314763699518 2.56961074672233
"589" 581 1.41350434539306 15.0489333614261 2.57085041782551
"590" 582 1.41379422438982 15.067049989295 2.57208864500998
"591" 583 1.41407204849041 15.0843609133682 2.57332543243431
"592" 584 1.41429417518854 15.1028460968895 2.57456078423776
"593" 585 1.4145454534382 15.1204506574812 2.57579470454078
"594" 586 1.41484974730093 15.13904592961 2.57702719744495
"595" 587 1.4150943931843 15.1577280129832 2.57825826703305
"596" 588 1.41533167088 15.1768361799638 2.57948791736932
"597" 589 1.41554464187453 15.1965895089052 2.58071615249943
"598" 590 1.41580714509908 15.2164707084496 2.58194297645084
"599" 591 1.41607410782488 15.234164851715 2.58316839323258
"600" 592 1.41632774127324 15.2535650278809 2.58439240683554
"601" 593 1.41660398345017 15.2741085269289 2.58561502123265
"602" 594 1.41686596967295 15.294303929152 2.58683624037893
"603" 595 1.41713462160736 15.3153785360603 2.5880560682115
"604" 596 1.41736702231054 15.3356442622807 2.58927450864977
"605" 597 1.41763288356259 15.3551113311949 2.59049156559562
"606" 598 1.41790940554119 15.3742873116223 2.59170724293346
"607" 599 1.41814586055487 15.3921706562386 2.59292154453025
"608" 600 1.41838653018628 15.4109027093372 2.5941344742357
"609" 601 1.41863098383159 15.4305599022498 2.59534603588239
"610" 602 1.41889302319184 15.4490027922016 2.59655623328578
"611" 603 1.41918178049843 15.4674874201611 2.59776507024437
"612" 604 1.41944390496948 15.485907786769 2.59897255053988
"613" 605 1.41970585930334 15.504299944146 2.60017867793723
"614" 606 1.41996706888037 15.5224571765575 2.60138345618467
"615" 607 1.42023746567387 15.5402415233486 2.60258688901399
"616" 608 1.42048458079851 15.55801756454 2.60378898014031
"617" 609 1.42075017306796 15.5757853176653 2.6049897332627
"618" 610 1.42100848878558 15.5935448001901 2.6061891520638
"619" 611 1.42123132623096 15.6131997938675 2.60738724021009
"620" 612 1.42146373083824 15.6331975859965 2.60858400135207
"621" 613 1.42171046648668 15.6533249819916 2.60977943912422
"622" 614 1.42194913424167 15.6711292568004 2.61097355714519
"623" 615 1.42219176719062 15.6909599323095 2.61216635901782
"624" 616 1.42246575503456 15.7095504474745 2.61335784832937
"625" 617 1.42272073731551 15.7277313836002 2.61454802865136
"626" 618 1.42297520208519 15.7468770158998 2.61573690353997
"627" 619 1.42319400837266 15.7654078014161 2.61692447653598
"628" 620 1.42345888496447 15.7837179953833 2.61811075116474
"629" 621 1.42370824480162 15.8020216685411 2.61929573093646
"630" 622 1.42394012389392 15.8215453208319 2.62047941934623
"631" 623 1.42419544036982 15.8408425576916 2.62166181987416
"632" 624 1.42442958757673 15.8581945629931 2.62284293598528
"633" 625 1.42471089655714 15.876180177755 2.62402277112987
"634" 626 1.42498942662228 15.8949987889851 2.62520132874341
"635" 627 1.42523302040323 15.9137058136862 2.6263786122467
"636" 628 1.42548421229277 15.9316371417169 2.6275546250459
"637" 629 1.42573922222559 15.9495607368298 2.62872937053273
"638" 630 1.42599913151335 15.970004313644 2.6299028520844
"639" 631 1.42623294360001 15.9879293300008 2.63107507306381
"640" 632 1.42645412958583 16.0073490570419 2.63224603681966
"641" 633 1.42669653603508 16.0269254327482 2.63341574668643
"642" 634 1.42693387877763 16.046495619637 2.63458420598442
"643" 635 1.42716865875257 16.0666745991265 2.63575141802009
"644" 636 1.42739918139622 16.086343492344 2.6369173860858
"645" 637 1.42763059237818 16.1049662952456 2.63808211346014
"646" 638 1.42788531346087 16.1223780558834 2.63924560340798
"647" 639 1.42811155892847 16.1398723004985 2.64040785918032
"648" 640 1.42836065758358 16.1575932714631 2.64156888401479
"649" 641 1.42855731839608 16.1771412097752 2.64272868113533
"650" 642 1.42877407595046 16.1966830879472 2.64388725375238
"651" 643 1.42900081546149 16.2153145749256 2.6450446050631
"652" 644 1.42922036565762 16.2345909222872 2.64620073825137
"653" 645 1.42946759996811 16.2531218458379 2.64735565648776
"654" 646 1.42970527827651 16.2710140443931 2.64850936292967
"655" 647 1.42993158112939 16.2902338478981 2.6496618607215
"656" 648 1.43016210113418 16.3092247620477 2.65081315299462
"657" 649 1.4303722444659 16.3287429211557 2.65196324286743
"658" 650 1.43059833918683 16.3480454161145 2.65311213344553
"659" 651 1.43083958677968 16.3673417723493 2.65425982782176
"660" 652 1.43113258667169 16.3866320012379 2.65540632907608
"661" 653 1.43134035400983 16.4058076946297 2.65655164027604
"662" 654 1.43158422504362 16.4239357276852 2.65769576447649
"663" 655 1.43177520700599 16.4421802380789 2.65883870471976
"664" 656 1.43197255578302 16.4606669092668 2.65998046403577
"665" 657 1.4322166770389 16.4798064274017 2.66112104544221
"666" 658 1.43247908733273 16.49892101297 2.66226045194428
"667" 659 1.43273902169443 16.516947716113 2.66339868653508
"668" 660 1.43294944942122 16.5348718417607 2.6645357521956
"669" 661 1.43317799996973 16.5539985718017 2.66567165189455
"670" 662 1.43341712943469 16.5736654901995 2.66680638858882
"671" 663 1.43366600899523 16.5929960144458 2.66793996522328
"672" 664 1.43391566642084 16.6120306902825 2.66907238473091
"673" 665 1.43415973596714 16.6315077395497 2.67020365003292
"674" 666 1.43440175160224 16.6507008266223 2.6713337640386
"675" 667 1.43466520016531 16.6663418646118 2.67246272964573
"676" 668 1.43488760737687 16.6843690085609 2.67359054974038
"677" 669 1.43512166158307 16.7023892420837 2.67471722719714
"678" 670 1.43534405013874 16.7217615253844 2.67584276487902
"679" 671 1.43559427192306 16.7411746838445 2.67696716563764
"680" 672 1.43582840970185 16.7589931900263 2.67809043231323
"681" 673 1.43603201835353 16.7793949499951 2.67921256773468
"682" 674 1.43626034752222 16.7995897616968 2.68033357471966
"683" 675 1.43647476153454 16.8190513126369 2.68145345607471
"684" 676 1.43671189454311 16.8370114861934 2.68257221459512
"685" 677 1.43692650640443 16.8548679425039 2.68368985306528
"686" 678 1.4371115631319 16.873489068074 2.68480637425837
"687" 679 1.43730737037349 16.8924893087535 2.68592178093692
"688" 680 1.43750954045085 16.9114836300247 2.68703607585217
"689" 681 1.43773177849735 16.930472042439 2.68814926174494
"690" 682 1.43797324766092 16.9493273892341 2.68926134134501
"691" 683 1.43823577346471 16.9684751262071 2.69037231737151
"692" 684 1.43846113178649 16.987545507739 2.691482192533
"693" 685 1.43867746268421 17.0057451126304 2.69259096952741
"694" 686 1.43889522667602 17.0246092374736 2.69369865104205
"695" 687 1.43909973010128 17.0444116907152 2.69480523975386
"696" 688 1.43934010184205 17.0631021368253 2.69591073832928
"697" 689 1.43954909840606 17.0810697854673 2.69701514942433
"698" 690 1.43977447482564 17.101161236576 2.6981184756849
"699" 691 1.43996944923247 17.1205542526511 2.69922071974645
"700" 692 1.44019649526673 17.1394990233856 2.70032188423426
"701" 693 1.44038704404568 17.1575779894971 2.7014219717636
"702" 694 1.44059998009624 17.175356105997 2.70252098493943
"703" 695 1.44083587021962 17.1931274450015 2.70361892635673
"704" 696 1.4410670390936 17.2128526338394 2.70471579860065
"705" 697 1.44127799895613 17.2301979376101 2.70581160424622
"706" 698 1.44150092547024 17.2471259861912 2.70690634585859
"707" 699 1.44170343248761 17.2645005072914 2.70800002599323
"708" 700 1.44195979866407 17.2820928461044 2.70909264719563
"709" 701 1.44216027373628 17.2991117346863 2.71018421200168
"710" 702 1.44236575385242 17.3167781141907 2.71127472293755
"711" 703 1.44255055598141 17.3348200669832 2.71236418251978
"712" 704 1.44275635323943 17.3544071386286 2.71345259325538
"713" 705 1.44297632387282 17.3735747224195 2.71453995764175
"714" 706 1.44318573233948 17.3931424185365 2.71562627816686
"715" 707 1.44343108791791 17.4129665520789 2.71671155730925
"716" 708 1.44364893378325 17.4313787451354 2.71779579753803
"717" 709 1.44385119122479 17.4489511972405 2.71887900131308
"718" 710 1.44408536819235 17.4671211797483 2.71996117108489
"719" 711 1.44425822235039 17.4873581934153 2.72104230929472
"720" 712 1.44448543195888 17.5075059967021 2.7221224183747
"721" 713 1.44470467017707 17.5251278229707 2.72320150074786
"722" 714 1.44492916857217 17.5439966211513 2.72427955882809
"723" 715 1.44514981621683 17.5641683260344 2.7253565950201
"724" 716 1.44536340674456 17.584168367752 2.72643261171978
"725" 717 1.44554395417032 17.6039715230305 2.727507611314
"726" 718 1.44574235041789 17.6237700566497 2.7285815961808
"727" 719 1.4459077886611 17.6435460866314 2.7296545686892
"728" 720 1.44609994151338 17.661588624874 2.7307265311995
"729" 721 1.44634860519978 17.6808374902244 2.73179748606321
"730" 722 1.44656279780193 17.7007826893187 2.73286743562317
"731" 723 1.44675102417189 17.7185747566227 2.73393638221348
"732" 724 1.44699038296195 17.7361110292811 2.73500432815958
"733" 725 1.44726198700801 17.7532952454211 2.73607127577826
"734" 726 1.44745332023892 17.7704613296105 2.737137227378
"735" 727 1.44763705821798 17.787977821555 2.73820218525857
"736" 728 1.44781045501484 17.8049350952618 2.73926615171123
"737" 729 1.44800714338264 17.8219199943741 2.74032912901902
"738" 730 1.44822671154624 17.8390597253176 2.74139111945644
"739" 731 1.44841449383966 17.8561884381971 2.74245212528965
"740" 732 1.44865594874078 17.8734483391167 2.74351214877665
"741" 733 1.44884680346169 17.8917544291987 2.74457119216702
"742" 734 1.44906733107982 17.9083253129001 2.74562925770224
"743" 735 1.44930421024788 17.9263584138592 2.74668634761567
"744" 736 1.44955932356169 17.9447348057198 2.74774246413232
"745" 737 1.44976878253298 17.9635332162236 2.7487976094693
"746" 738 1.44997676333113 17.9812568380662 2.74985178583561
"747" 739 1.45015119502952 17.9988651887026 2.75090499543233
"748" 740 1.45032673162352 18.017245779896 2.75195724045232
"749" 741 1.45054458703933 18.0366503855225 2.75300852308081
"750" 742 1.45076153252948 18.0565989466405 2.75405884549492
"751" 743 1.4509744284223 18.076277552618 2.75510820986414
"752" 744 1.45116736703907 18.093931426374 2.75615661834983
"753" 745 1.45138139976974 18.1113079058696 2.75720407310589
"754" 746 1.4515667962366 18.1284738869204 2.75825057627827
"755" 747 1.451737777178 18.1462554792988 2.75929613000536
"756" 748 1.45193770278768 18.1636821981235 2.76034073641777
"757" 749 1.45214676931738 18.1809265729271 2.76138439763863
"758" 750 1.45233809757135 18.1981735521688 2.76242711578336
"759" 751 1.45251874575075 18.2162857329797 2.76346889295987
"760" 752 1.45275340852663 18.2350524132697 2.76450973126858
"761" 753 1.45295063694385 18.2547374534318 2.76554963280243
"762" 754 1.45314586585416 18.2739587512497 2.76658859964688
"763" 755 1.45336082510052 18.2927372751012 2.76762663388011
"764" 756 1.45360119225134 18.310540195726 2.76866373757275
"765" 757 1.45382610929474 18.3296310165333 2.76969991278823
"766" 758 1.45406551154796 18.346367092629 2.77073516158266
"767" 759 1.45426260622119 18.3626320058794 2.77176948600491
"768" 760 1.45446717700586 18.3787196035952 2.77280288809654
"769" 761 1.45467949263767 18.394800456016 2.77383536989211
"770" 762 1.4548669438577 18.4111639589872 2.77486693341877
"771" 763 1.45509445391563 18.4282260746869 2.77589758069672
"772" 764 1.45529694504165 18.4449010856112 2.77692731373907
"773" 765 1.45551133913317 18.4633757855617 2.77795613455176
"774" 766 1.45569514636851 18.4815719372246 2.77898404513398
"775" 767 1.45588055870921 18.5001707553698 2.78001104747751
"776" 768 1.45607603190177 18.5187481087142 2.78103714356768
"777" 769 1.45628532811995 18.5372606021804 2.7820623353824
"778" 770 1.4564769424884 18.5559682321737 2.78308662489315
"779" 771 1.45667917164244 18.5735738125586 2.78411001406422
"780" 772 1.45687833567762 18.5909672724213 2.78513250485333
"781" 773 1.45707916413259 18.6089765129685 2.78615409921124
"782" 774 1.45724303954513 18.6276944047714 2.78717479908196
"783" 775 1.45743841672177 18.6463490888705 2.78819460640288
"784" 776 1.45765780206192 18.6636599530839 2.78921352310473
"785" 777 1.45784030247247 18.6806313385655 2.79023155111142
"786" 778 1.458047697985 18.6991691221404 2.79124869234044
"787" 779 1.45821973595076 18.7177019937808 2.7922649487024
"788" 780 1.45840860750565 18.7362058979081 2.79328032210163
"789" 781 1.45860783883702 18.7546097692685 2.79429481443573
"790" 782 1.45880233625451 18.771801410417 2.79530842759598
"791" 783 1.45902192609584 18.7894395467055 2.79632116346703
"792" 784 1.45923309516281 18.8080303354795 2.79733302392718
"793" 785 1.45940886004268 18.8255494960468 2.79834401084821
"794" 786 1.45960450349243 18.84238621117 2.79935412609569
"795" 787 1.45976346776221 18.8592169488183 2.80036337152875
"796" 788 1.45992977336074 18.8760417187132 2.80137174900006
"797" 789 1.46014894529926 18.8934652249592 2.80237926035629
"798" 790 1.46035020038935 18.9118157789931 2.80338590743753
"799" 791 1.46054671755095 18.9301614356356 2.804391692078
"800" 792 1.46073472408233 18.9485022023916 2.80539661610529
"801" 793 1.46091884457106 18.9655452279375 2.80640068134114
"802" 794 1.46110914567147 18.9818056942842 2.80740388960111
"803" 795 1.46130981710632 18.9990407217389 2.80840624269441
"804" 796 1.46149521553364 19.0170480582765 2.80940774242444
"805" 797 1.46169030166985 19.0336996063601 2.81040839058839
"806" 798 1.4618509198122 19.050130387521 2.81140818897743
"807" 799 1.46207304041742 19.069100773098 2.81240713937678
"808" 800 1.46225351125963 19.0880668455031 2.81340524356549
"809" 801 1.46245879823931 19.1070165201016 2.81440250331699
"810" 802 1.46266293199623 19.123613958674 2.8153989203985
"811" 803 1.46283367362465 19.1398686154935 2.81639449657141
"812" 804 1.46304711240456 19.1571620267477 2.81738923359141
"813" 805 1.46326191498266 19.1751262977116 2.81838313320809
"814" 806 1.46347851941819 19.1939392197313 2.81937619716534
"815" 807 1.46366328194398 19.2127060482575 2.82036842720138
"816" 808 1.46386156016926 19.229676844605 2.82135982504843
"817" 809 1.46404746183469 19.247365058207 2.82235039243315
"818" 810 1.46421476893029 19.2664542527681 2.82334013107648
"819" 811 1.46441838221645 19.2860104201286 2.82432904269357
"820" 812 1.46462873329527 19.3055024943281 2.82531712899392
"821" 813 1.46481573869409 19.3212886377447 2.82630439168153
"822" 814 1.46499538085089 19.3374814798703 2.82729083245467
"823" 815 1.46516161465963 19.3554717196728 2.82827645300604
"824" 816 1.46533815356307 19.3744270878114 2.82926125502284
"825" 817 1.46549113745748 19.3937782713434 2.83024524018672
"826" 818 1.46565416429895 19.4120799264208 2.83122841017377
"827" 819 1.46584065310643 19.4289035878181 2.83221076665456
"828" 820 1.46603919249996 19.4457216456084 2.83319231129444
"829" 821 1.46621535381758 19.4633024914903 2.834173045753
"830" 822 1.46643714732704 19.4820487446481 2.83515297168473
"831" 823 1.46664560923357 19.500560456557 2.83613209073839
"832" 824 1.46680939885295 19.5180641350961 2.83711040455774
"833" 825 1.46698396433996 19.5355626927693 2.83808791478094
"834" 826 1.46713835692229 19.5530561372842 2.83906462304095
"835" 827 1.46734210104227 19.5709502333889 2.84004053096546
"836" 828 1.46755294079866 19.588840121163 2.84101564017673
"837" 829 1.4677503185834 19.6067191727519 2.84198995229204
"838" 830 1.46794039161066 19.6245934075057 2.8429634689233
"839" 831 1.46813025222881 19.6424628325223 2.84393619167709
"840" 832 1.46832114462962 19.6603274548853 2.84490812215509
"841" 833 1.468510005058 19.6781872816563 2.84587926195365
"842" 834 1.46869712360905 19.6957786494591 2.84684961266407
"843" 835 1.46889156258721 19.7128868768687 2.84781917587243
"844" 836 1.46906255945166 19.7300052882203 2.84878795315985
"845" 837 1.46923127927641 19.7484322555996 2.84975594610242
"846" 838 1.46940358387528 19.7660209435302 2.85072315627104
"847" 839 1.4695847558228 19.7833201448197 2.85168958523161
"848" 840 1.46976110419065 19.8005880979854 2.85265523454523
"849" 841 1.46993185557827 19.8178466800457 2.85362010576782
"850" 842 1.47012890453039 19.8349519153976 2.85458420045048
"851" 843 1.4703351679663 19.8502249517665 2.8555475201392
"852" 844 1.47053584419383 19.8663533769067 2.8565100663754
"853" 845 1.4707153912294 19.8833774941562 2.85747184069517
"854" 846 1.4708734924272 19.9004155243565 2.85843284463007
"855" 847 1.47103605217723 19.9188038982417 2.85939307970666
"856" 848 1.47126205919637 19.9375345073709 2.86035254744678
"857" 849 1.47142012264393 19.955351272862 2.86131124936744
"858" 850 1.4715875188735 19.9725599543023 2.86226918698079
"859" 851 1.47179300153622 19.9897060338086 2.86322636179426
"860" 852 1.47197218644312 20.0068470504775 2.86418277531053
"861" 853 1.47217105920335 20.0237806784895 2.86513842902763
"862" 854 1.47234344351349 20.0403738663638 2.86609332443886
"863" 855 1.47251866387796 20.0569617003789 2.86704746303279
"864" 856 1.47268603151319 20.0735441885222 2.86800084629337
"865" 857 1.47286274323229 20.0905654727582 2.86895347569985
"866" 858 1.47304033003492 20.1078221192059 2.86990535272705
"867" 859 1.47325386258757 20.1259874700277 2.87085647884488
"868" 860 1.47343379904756 20.1440229049448 2.87180685551894
"869" 861 1.47362642979235 20.1612042684494 2.8727564842102
"870" 862 1.47380993959604 20.178551310171 2.87370536637503
"871" 863 1.47397949523743 20.1956259919398 2.87465350346529
"872" 864 1.47413197672355 20.2124658885062 2.87560089692847
"873" 865 1.47426792595621 20.2284550051518 2.87654754820725
"874" 866 1.47444731181389 20.2456225957812 2.87749345874025
"875" 867 1.47462802621412 20.2628686214023 2.87843862996142
"876" 868 1.47480799120465 20.2800582661991 2.87938306330027
"877" 869 1.47499080597214 20.2973084276677 2.88032676018204
"878" 870 1.47519820437753 20.3148814458974 2.88126972202744
"879" 871 1.47533731120035 20.3321485238366 2.8822119502528
"880" 872 1.47547471739627 20.3492515832009 2.88315344627031
"881" 873 1.47563307364686 20.3663497685617 2.8840942114876
"882" 874 1.47581741667804 20.3834140975751 2.88503424730799
"883" 875 1.47596906208319 20.4004747513236 2.88597355513072
"884" 876 1.47615998613057 20.4174434158589 2.88691213635058
"885" 877 1.47634119804746 20.4348320741953 2.88784999235806
"886" 878 1.4765439021334 20.4520716413254 2.88878712453953
"887" 879 1.47671693261446 20.4693064805596 2.88972353427713
"888" 880 1.47688075800776 20.4869943851579 2.89065922294855
"889" 881 1.47703779810513 20.5063103103642 2.89159419192771
"890" 882 1.47719105181047 20.5220283699302 2.89252844258401
"891" 883 1.47737991795003 20.5381549600759 2.89346197628281
"892" 884 1.47751283464547 20.5554400203629 2.89439479438533
"893" 885 1.47769494345051 20.5741463927948 2.89532689824873
"894" 886 1.47787686250737 20.5928155836626 2.89625828922607
"895" 887 1.47805899877627 20.6112081296522 2.89718896866611
"896" 888 1.47824149454216 20.6299995656258 2.89811893791377
"897" 889 1.47840885252994 20.6484680606029 2.8990481983098
"898" 890 1.47855154510898 20.6668341325113 2.89997675119102
"899" 891 1.47873204810682 20.6833711091029 2.90090459789022
"900" 892 1.47890301876517 20.6996813808161 2.90183173973593
"901" 893 1.47909365166867 20.7178130440188 2.90275817805311
"902" 894 1.47926442717248 20.7339336694261 2.90368391416252
"903" 895 1.4794347138568 20.7487681623095 2.90460894938081
"904" 896 1.47963353791853 20.7645965768987 2.90553328502102
"905" 897 1.47981477128392 20.7822630244915 2.90645692239198
"906" 898 1.47997819657455 20.7979332783219 2.90737986279899
"907" 899 1.48014104819983 20.815998632716 2.90830210754292
"908" 900 1.48030835760832 20.832194745075 2.90922365792136
"909" 901 1.48045812153674 20.8483304856336 2.9101445152275
"910" 902 1.48063091315466 20.8655542089803 2.91106468075114
"911" 903 1.48081223876001 20.8834564612195 2.91198415577789
"912" 904 1.48098525413017 20.9004513116729 2.91290294158985
"913" 905 1.48116147282304 20.9166472464843 2.91382103946508
"914" 906 1.48132541454517 20.9341103543779 2.91473845067801
"915" 907 1.48148607752309 20.9524601725463 2.91565517649928
"916" 908 1.48164854225954 20.9707576455918 2.91657121819566
"917" 909 1.48183588131438 20.9870835686213 2.9174865770305
"918" 910 1.48202126683777 21.0029506970148 2.91840125426307
"919" 911 1.48219140360763 21.0196767677833 2.91931525114908
"920" 912 1.48236168753738 21.0362726580896 2.92022856894063
"921" 913 1.4825300743877 21.0525768094828 2.92114120888596
"922" 914 1.48269544184038 21.0688695419144 2.92205317222994
"923" 915 1.48284676168481 21.084594729793 2.92296446021348
"924" 916 1.48301248076347 21.1012904996802 2.92387507407412
"925" 917 1.4831803556268 21.1177684947062 2.92478501504551
"926" 918 1.48334340816465 21.1345587995346 2.92569428435803
"927" 919 1.48355368307875 21.152716966572 2.92660288323815
"928" 920 1.48375253051416 21.1719947719861 2.92751081290905
"929" 921 1.48391426806361 21.1912696571943 2.92841807459011
"930" 922 1.48410479682165 21.2101212191105 2.92932466949734
"931" 923 1.48430012415229 21.2273926060727 2.93023059884318
"932" 924 1.48448639515854 21.244627519741 2.93113586383637
"933" 925 1.4846702158284 21.2617608127739 2.93204046568256
"934" 926 1.48479493243368 21.2786350265544 2.93294440558348
"935" 927 1.48492844271116 21.2955047234059 2.93384768473761
"936" 928 1.48507153517828 21.3123699094091 2.93475030433998
"937" 929 1.48520509187397 21.3292305906294 2.93565226558211
"938" 930 1.48535336867971 21.3460867731152 2.93655356965201
"939" 931 1.48552186982854 21.3632306005407 2.93745421773452
"940" 932 1.48568931757391 21.3812763845126 2.93835421101082
"941" 933 1.48584928511483 21.3978797835139 2.93925355065879
"942" 934 1.4860160296519 21.4135563883789 2.94015223785297
"943" 935 1.48614578802376 21.4301799410442 2.94105027376449
"944" 936 1.48630615397972 21.4461343016837 2.94194765956106
"945" 937 1.48648001477612 21.4605647194162 2.94284439640736
"946" 938 1.48662363465991 21.4768849330543 2.94374048546423
"947" 939 1.48677671472775 21.4930862425615 2.94463592788968
"948" 940 1.48691306534633 21.5104420328081 2.94553072483822
"949" 941 1.48707445171099 21.5287875097107 2.94642487746096
"950" 942 1.48724728974524 21.5464089267583 2.94731838690592
"951" 943 1.4874221907454 21.5637768532725 2.94821125431771
"952" 944 1.4875645898529 21.5811155218339 2.94910348083793
"953" 945 1.48774344057645 21.5980022720854 2.94999506760473
"954" 946 1.48790472170036 21.6146891907997 2.95088601575301
"955" 947 1.48806068236591 21.6312406688862 2.95177632641454
"956" 948 1.48820797908889 21.6482925669778 2.952666000718
"957" 949 1.48835308771296 21.6650788502596 2.95355503978876
"958" 950 1.48852397812307 21.6833870988167 2.95444344474896
"959" 951 1.48868147576288 21.7020695352575 2.95533121671769
"960" 952 1.48886560543999 21.7199693824542 2.95621835681096
"961" 953 1.48902147165062 21.7373867195444 2.95710486614136
"962" 954 1.48917719280535 21.7548000880106 2.95799074581857
"963" 955 1.48934351110699 21.7722468084484 2.95887599694921
"964" 956 1.48950002717245 21.7903407914081 2.95976062063664
"965" 957 1.4896620625991 21.8066912636331 2.96064461798112
"966" 958 1.48982382970513 21.8240794115461 2.96152799008018
"967" 959 1.48999232863969 21.841384248506 2.96241073802768
"968" 960 1.49013825225854 21.858678022234 2.96329286291506
"969" 961 1.49028611104225 21.8759677987301 2.96417436583025
"970" 962 1.49042463324103 21.8932535830773 2.96505524785837
"971" 963 1.49056613364853 21.9105353803454 2.96593551008144
"972" 964 1.49072339263198 21.9278131955944 2.96681515357859
"973" 965 1.49087887795219 21.9464947850595 2.9676941794257
"974" 966 1.49105137344273 21.9655253728929 2.96857258869603
"975" 967 1.49118814908612 21.9827487124171 2.96945038245966
"976" 968 1.49132333209893 21.9999060617204 2.97032756178363
"977" 969 1.49146533354558 22.0169118000504 2.97120412773209
"978" 970 1.49163900831703 22.0339134407834 2.9720800813664
"979" 971 1.49178829142679 22.0517748172768 2.97295542374472
"980" 972 1.49193826917552 22.0688028366796 2.97383015592272
"981" 973 1.49216098263443 22.0850283642767 2.97470427895262
"982" 974 1.49231637204564 22.1020236897192 2.97557779388405
"983" 975 1.49246127347068 22.119014948169 2.97645070176389
"984" 976 1.49262963320616 22.1354210209739 2.97732300363588
"985" 977 1.49280144461408 22.1526789345307 2.97819470054102
"986" 978 1.49293928553917 22.1699877893921 2.97906579351736
"987" 979 1.49306518364425 22.1871319500919 2.9799362836003
"988" 980 1.4932105817249 22.2041681604078 2.98080617182225
"989" 981 1.49334256600711 22.2212003693238 2.98167545921281
"990" 982 1.49346390511312 22.2382285818591 2.98254414679887
"991" 983 1.4936059693178 22.2554096064891 2.98341223560438
"992" 984 1.49374843206719 22.2726235788013 2.9842797266506
"993" 985 1.49388257652247 22.2898336812046 2.98514662095614
"994" 986 1.49403387382735 22.3070399184933 2.98601291953653
"995" 987 1.49418115138354 22.3242422954544 2.98687862340472
"996" 988 1.49437142360503 22.3414408168659 2.98774373357101
"997" 989 1.49454180348544 22.3585915261169 2.98860825104283
"998" 990 1.49471848196044 22.3756677890787 2.98947217682474
"999" 991 1.49489318526033 22.3919653058367 2.99033551191904
"1000" 992 1.49504173876698 22.4082585062707 2.99119825732476
"1001" 993 1.49519563743035 22.4251548247194 2.99206041403881
"1002" 994 1.49532375324311 22.4420927638341 2.99292198305481
"1003" 995 1.49549053557969 22.4590267473967 2.99378296536425
"1004" 996 1.49569098691728 22.4759567803009 2.99464336195549
"1005" 997 1.49584526905622 22.4925670956703 2.99550317381466
"1006" 998 1.49595208057238 22.508986564211 2.99636240192506
"1007" 999 1.49607052054034 22.5254018285607 2.99722104726715
"1008" 1000 1.49624627622343 22.5418128940062 2.99807911081911
