"T" "IC_low" "IC_up" "x_ML"
"1" 1.1 0.680554818869416 0.698772985804045 0.688099194405375
"2" 1.2 0.688587928093667 0.712952614930214 0.698699179800714
"3" 1.3 0.696038157985424 0.725655011016684 0.708352613528048
"4" 1.4 0.702969695206327 0.737149757945163 0.717207710493812
"5" 1.5 0.709461496477808 0.747648014472559 0.725380870176079
"6" 1.6 0.715562836162068 0.757255816613936 0.732965116768951
"7" 1.7 0.72132063935801 0.766111664665167 0.740035924497248
"8" 1.8 0.726767118087958 0.774329661339968 0.746655341378109
"9" 1.9 0.731916282202278 0.781977894729137 0.752874973570534
"10" 2 0.736795285450501 0.78921400112164 0.75873818742256
"11" 3 0.775418898537743 0.843520290835566 0.803832912403895
"12" 4 0.802369726181532 0.8803371888231 0.834518619577049
"13" 5 0.822874712767133 0.908988898788083 0.857598826015377
"14" 6 0.839072598817285 0.932669775394792 0.876001677570183
"15" 7 0.852409024358923 0.953458519054865 0.89124889133662
"16" 8 0.863732793570273 0.971953912095689 0.904229745725631
"17" 9 0.873441828567823 0.988949208366771 0.915507668570376
"18" 10 0.881881254602784 1.00458258210371 0.925461442838119
"19" 11 0.889358729174367 1.01922559078132 0.934357562815821
"20" 12 0.896043336778876 1.03297495947356 0.942390397579567
"21" 13 0.902057214282912 1.04583513267057 0.949705920680998
"22" 14 0.907525922851843 1.0579335937858 0.956416451694957
"23" 15 0.912477460641036 1.06931518222101 0.962610199966933
"24" 16 0.916987226935739 1.08022164642753 0.968357660686533
"25" 17 0.92123489643677 1.09048565081318 0.973716029402078
"26" 18 0.925158552628278 1.10029552943278 0.978732327071665
"27" 19 0.928840544976139 1.10982161795822 0.983445661649937
"28" 20 0.932287567821691 1.11879200909286 0.987888896833878
"29" 21 0.935493478363629 1.12750017795569 0.99208990470595
"30" 22 0.93853990009986 1.13575556990539 0.996072520552653
"31" 23 0.941389689431286 1.14379212823541 0.999857280753194
"32" 24 0.94405633691509 1.1518347606853 1.00346200015346
"33" 25 0.946620750661002 1.15950281504678 1.00690222896563
"34" 26 0.948970446154468 1.16668141591214 1.01019161806759
"35" 27 0.951246567894707 1.17377002579789 1.0133422138279
"36" 28 0.953450622518756 1.18062551382567 1.01636469811923
"37" 29 0.955481847245999 1.187492254192 1.01926858527466
"38" 30 0.957456383508186 1.1940074003966 1.02206238490782
"39" 31 0.959345469376829 1.2005214743862 1.02475373743789
"40" 32 0.961154176771032 1.20678743083709 1.0273495276156
"41" 33 0.96288355705976 1.21281375548099 1.02985598018801
"42" 34 0.964543102281134 1.21864199813296 1.03227874096079
"43" 35 0.966168396625352 1.22446766965743 1.0346229458456
"44" 36 0.96773967504123 1.23001360856038 1.03689327996118
"45" 37 0.969239515890921 1.23555448240241 1.0390940284541
"46" 38 0.970717691163968 1.24083477633214 1.04122912038891
"47" 39 0.972094107290476 1.24602723627231 1.04330216680829
"48" 40 0.973460354485658 1.25129132714914 1.04531649386528
"49" 41 0.974715926458533 1.2560741530501 1.04727517177167
"50" 42 0.976034754402826 1.26114876585504 1.04918104017882
"51" 43 0.977248232060293 1.26609668644711 1.05103673050402
"52" 44 0.978436031519556 1.27109267745564 1.05284468563184
"53" 45 0.979569590118376 1.27571369847154 1.05460717735099
"54" 46 0.980685755824062 1.28029721462609 1.05632632183106
"55" 47 0.981771832547598 1.28493220441464 1.05800409339685
"56" 48 0.982787715034292 1.28949296962007 1.05964233681934
"57" 49 0.98376534027654 1.29384450788199 1.06124277831051
"58" 50 0.984728158403963 1.29816622843176 1.06280703538185
"59" 51 0.985669824596667 1.30251037061006 1.06433662570434
"60" 52 0.986626553557033 1.30670097769024 1.06583297508842
"61" 53 0.987555456792843 1.31076250830428 1.06729742468633
"62" 54 0.988444743155637 1.31477090760973 1.06873123750586
"63" 55 0.989322300551942 1.31863546280201 1.07013560431263
"64" 56 0.990159967766313 1.32261814796425 1.07151164898841
"65" 57 0.990979996169097 1.32660695597545 1.07286043340421
"66" 58 0.991800562851771 1.33061545626356 1.07418296185979
"67" 59 0.99259152603416 1.33431570375131 1.07548018513506
"68" 60 0.993336864408176 1.33812843621942 1.07675300419294
"69" 61 0.994079855873443 1.34188102764129 1.07800227356929
"70" 62 0.994823869270716 1.3455458555117 1.07922880448069
"71" 63 0.995545957616435 1.34918778135774 1.08043336767791
"72" 64 0.996234392866618 1.35265830398448 1.08161669606945
"73" 65 0.996926252259063 1.35605057707823 1.08277948713696
"74" 66 0.997602745796766 1.35955683012402 1.08392240516205
"75" 67 0.998263211002554 1.36280383936228 1.08504608328168
"76" 68 0.998876992001508 1.36616344845742 1.08615112538781
"77" 69 0.999496775576795 1.3695283271994 1.08723810788521
"78" 70 1.00008876918193 1.37287298675862 1.08830758131973
"79" 71 1.00069827888959 1.37624402041207 1.08936007188856
"80" 72 1.00129201233164 1.37953216905962 1.09039608284224
"81" 73 1.00186015308069 1.38275945775158 1.09141609578789
"82" 74 1.00243578637387 1.38605162315819 1.0924205719016
"83" 75 1.00298640338081 1.3891875818327 1.09340995305762
"84" 76 1.00354102680811 1.39222619340283 1.09438466288097
"85" 77 1.0040777140477 1.39538524658895 1.09534510772966
"86" 78 1.00460988453802 1.39851301025364 1.09629167761214
"87" 79 1.00511028210801 1.4015111064044 1.09722474704477
"88" 80 1.00561837228798 1.40454887656288 1.09814467585432
"89" 81 1.00613301876185 1.40760599945183 1.09905180992925
"90" 82 1.00663095505819 1.41055269471405 1.09994648192397
"91" 83 1.00712291399951 1.4134086114349 1.10082901191938
"92" 84 1.00761040867733 1.41624471365966 1.10169970804285
"93" 85 1.00807692568181 1.41919305730357 1.1025588670508
"94" 86 1.00855307489195 1.42205733172473 1.10340677487627
"95" 87 1.00901141316545 1.42485165846586 1.1042437071442
"96" 88 1.00947486132915 1.427703104893 1.10506992965651
"97" 89 1.00990280673267 1.43051556488807 1.10588569884919
"98" 90 1.01033525409502 1.43329003319225 1.10669126222319
"99" 91 1.0107631106834 1.43589234139828 1.10748685875101
"100" 92 1.01118151371948 1.43852819827369 1.10827271926047
"101" 93 1.01158065822914 1.44126055325833 1.10904906679735
"102" 94 1.01198389221448 1.44376103725016 1.1098161169681
"103" 95 1.01237542642112 1.44633546664944 1.11057407826404
"104" 96 1.01278883831694 1.44894444025239 1.11132315236815
"105" 97 1.01316457145085 1.45136934570929 1.1120635344456
"106" 98 1.01354430213396 1.45390294023558 1.11279541341908
"107" 99 1.01392934758634 1.45639582100783 1.11351897222975
"108" 100 1.01433446416161 1.4588315682251 1.11423438808482
"109" 101 1.01470152056345 1.46137414889254 1.11494183269248
"110" 102 1.01507335858858 1.46371091600089 1.11564147248505
"111" 103 1.01543884899687 1.46616615440559 1.11633346883092
"112" 104 1.01579431171806 1.46851844235373 1.11701797823607
"113" 105 1.01613857754338 1.47099291291397 1.11769515253566
"114" 106 1.0164867311765 1.47332286270911 1.11836513907636
"115" 107 1.01683460221404 1.47559774283808 1.11902808088993
"116" 108 1.01717178804328 1.47801844690767 1.11968411685853
"117" 109 1.01750681275356 1.48056273272849 1.1203333818722
"118" 110 1.01784408137035 1.48293145763036 1.12097600697901
"119" 111 1.01815152123374 1.48525511249799 1.12161211952826
"120" 112 1.0184681211848 1.48763297601016 1.1222418433071
"121" 113 1.01879689290596 1.48997227179259 1.12286529867091
"122" 114 1.01909329294159 1.49231348364597 1.12348260266784
"123" 115 1.01939923026874 1.49445523355503 1.12409386915776
"124" 116 1.01970041271479 1.49668086223543 1.12469920892596
"125" 117 1.02000992879208 1.49891913898496 1.12529872979181
"126" 118 1.02029875894512 1.50099931207863 1.12589253671275
"127" 119 1.02060460242708 1.50325194997916 1.12648073188373
"128" 120 1.02090420716933 1.50526060899854 1.12706341483242
"129" 121 1.0211885178951 1.50737833935532 1.1276406825104
"130" 122 1.0214614259217 1.50948319581088 1.12821262938045
"131" 123 1.02174010137757 1.51162277432181 1.12877934750025
"132" 124 1.02200923252926 1.51380943261033 1.12934092660255
"133" 125 1.02227053174702 1.51590337921491 1.12989745417214
"134" 126 1.02253715453137 1.5179155559931 1.13044901551954
"135" 127 1.02279881370744 1.51985846897659 1.13099569385189
"136" 128 1.02305181428669 1.5218885818418 1.13153757034079
"137" 129 1.0233159495212 1.52389011261904 1.13207472418762
"138" 130 1.02357131800848 1.52601481800508 1.13260723268617
"139" 131 1.02382397136995 1.52795120677444 1.13313517128284
"140" 132 1.02407813856998 1.52989513608569 1.13365861363451
"141" 133 1.02432231926688 1.53178984529133 1.13417763166418
"142" 134 1.02457526653961 1.53373523253707 1.13469229561441
"143" 135 1.02480978504068 1.5356781565245 1.13520267409887
"144" 136 1.02506634100658 1.53773182354126 1.13570883415174
"145" 137 1.0253057600586 1.53971343685423 1.13621084127547
"146" 138 1.02552760611593 1.54174223185838 1.13670875948659
"147" 139 1.02576255499107 1.54373169047015 1.13720265135995
"148" 140 1.02599536808182 1.54565139371433 1.13769257807125
"149" 141 1.02622160922294 1.54767347286834 1.13817859943806
"150" 142 1.02644708913505 1.54947327348206 1.13866077395939
"151" 143 1.02666664736868 1.55137600309953 1.13913915885373
"152" 144 1.02690624162605 1.55326056500605 1.1396138100959
"153" 145 1.02714084384408 1.55504572046552 1.14008478245238
"154" 146 1.02737629318822 1.55679479655537 1.14055212951564
"155" 147 1.02758052669087 1.55881241934486 1.14101590373706
"156" 148 1.02779724416624 1.56044072578486 1.14147615645882
"157" 149 1.02801514578502 1.56224648068043 1.14193293794468
"158" 150 1.02822421609308 1.56407216812909 1.14238629740966
"159" 151 1.02842483463896 1.56593455869334 1.14283628304879
"160" 152 1.02864274908247 1.56765472756566 1.14328294206477
"161" 153 1.0288497987297 1.56947751366565 1.14372632069486
"162" 154 1.02904462136631 1.57129586175519 1.1441664642367
"163" 155 1.02924470534159 1.57304188891763 1.14460341707341
"164" 156 1.0294488156234 1.57499073062728 1.14503722269781
"165" 157 1.02965710936389 1.57685231705015 1.14546792373584
"166" 158 1.02985427265246 1.57843729767782 1.14589556196924
"167" 159 1.03003948653083 1.58001389330081 1.14632017835746
"168" 160 1.0302177895608 1.58164848180363 1.14674181305895
"169" 161 1.03040342057133 1.5835158201842 1.14716050545167
"170" 162 1.03058883970625 1.58521169812552 1.14757629415299
"171" 163 1.03076703296253 1.58695324039039 1.14798921703903
"172" 164 1.03095562036363 1.58863499923284 1.14839931126325
"173" 165 1.03112847912291 1.59033329412248 1.14880661327463
"174" 166 1.03131292258988 1.59200149576551 1.14921115883512
"175" 167 1.03149629657462 1.59367215355311 1.14961298303671
"176" 168 1.03166990143296 1.59536154267435 1.15001212031785
"177" 169 1.03184560227211 1.59682308117487 1.15040860447947
"178" 170 1.03203520837637 1.59838313965874 1.15080246870044
"179" 171 1.03221812766042 1.59999908203084 1.15119374555259
"180" 172 1.0323937372203 1.6016323110109 1.15158246701535
"181" 173 1.03257716257587 1.60328845308291 1.15196866448981
"182" 174 1.03274492305901 1.60485648350331 1.15235236881253
"183" 175 1.03293489874158 1.60642964318377 1.15273361026881
"184" 176 1.03309644595634 1.60792497378862 1.15311241860567
"185" 177 1.03326295822194 1.60944376439621 1.15348882304435
"186" 178 1.0334204709334 1.61100001592879 1.1538628522926
"187" 179 1.03359444931477 1.61261451234504 1.15423453455645
"188" 180 1.033769374702 1.61416223837423 1.15460389755177
"189" 181 1.0339196198516 1.61574866274261 1.15497096851543
"190" 182 1.03407509342542 1.61732085738999 1.15533577421619
"191" 183 1.03424313337843 1.6188853767306 1.15569834096526
"192" 184 1.0343849004264 1.6203864514393 1.15605869462655
"193" 185 1.03452264079056 1.62191203997204 1.15641686062669
"194" 186 1.03468243560241 1.62344585273469 1.15677286396472
"195" 187 1.03484305390953 1.62481125364444 1.15712672922155
"196" 188 1.03500332276045 1.62633358801592 1.15747848056911
"197" 189 1.03516031584788 1.62781611939499 1.15782814177933
"198" 190 1.03531828296808 1.62931921884376 1.15817573623281
"199" 191 1.03547175332335 1.63071485079223 1.15852128692728
"200" 192 1.03563189444972 1.63223031598941 1.15886481648587
"201" 193 1.03578268804846 1.6336352957033 1.15920634716506
"202" 194 1.03592360315732 1.63503231990018 1.15954590086256
"203" 195 1.03607245769085 1.6363483043944 1.15988349912485
"204" 196 1.03622605250946 1.63773360232092 1.16021916315462
"205" 197 1.03636900582729 1.63921685664672 1.16055291381795
"206" 198 1.03651800373963 1.64075646364009 1.16088477165134
"207" 199 1.03667197844453 1.64220004871982 1.16121475686854
"208" 200 1.036809525031 1.64349633653469 1.16154288936726
"209" 201 1.03696112107087 1.6449105032442 1.16186918873558
"210" 202 1.03710108650244 1.64619257422339 1.16219367425836
"211" 203 1.03722881609183 1.64763547727832 1.16251636492337
"212" 204 1.03736746063627 1.6491559989746 1.16283727942729
"213" 205 1.03750584610242 1.65056926516698 1.16315643618162
"214" 206 1.03764374979636 1.65187090655727 1.16347385331834
"215" 207 1.03777688993244 1.65321009480967 1.16378954869554
"216" 208 1.03790507256259 1.65454893157864 1.1641035399028
"217" 209 1.03804146640618 1.65586861082361 1.16441584426657
"218" 210 1.03816629681332 1.65721438525153 1.16472647885526
"219" 211 1.03830164179178 1.65868144153815 1.16503546048435
"220" 212 1.03842367586741 1.6601061425796 1.16534280572129
"221" 213 1.0385547312228 1.66158103331705 1.16564853089032
"222" 214 1.03867601292238 1.66290125101113 1.16595265207716
"223" 215 1.03881261088402 1.66434898536168 1.16625518513356
"224" 216 1.03893485910537 1.66576571051856 1.16655614568183
"225" 217 1.03905399985567 1.66713458787298 1.16685554911917
"226" 218 1.03917402296868 1.66838450181863 1.16715341062194
"227" 219 1.03930146950818 1.66965664869239 1.16744974514979
"228" 220 1.03942615229783 1.67098469745322 1.1677445674498
"229" 221 1.03953789162719 1.6723417555686 1.1680378920604
"230" 222 1.03966407413821 1.67368332336648 1.16832973331525
"231" 223 1.03978070905554 1.67503207281615 1.16862010534705
"232" 224 1.03990500335363 1.67629363468706 1.16890902209122
"233" 225 1.04003081169546 1.67759213588603 1.16919649728957
"234" 226 1.04015711681563 1.67885982525085 1.16948254449376
"235" 227 1.04027080532772 1.68012804019343 1.16976717706883
"236" 228 1.04038359774688 1.68143882590942 1.17005040819655
"237" 229 1.040495677625 1.68269549154707 1.1703322508787
"238" 230 1.04061284550585 1.68393452116915 1.17061271794034
"239" 231 1.04072838278159 1.6851639209459 1.17089182203297
"240" 232 1.04083832311785 1.68642212718583 1.17116957563756
"241" 233 1.04094393693286 1.68765734070413 1.17144599106765
"242" 234 1.04106168673391 1.68893188227429 1.17172108047225
"243" 235 1.04117292265282 1.69021087510654 1.17199485583875
"244" 236 1.04128044237316 1.69139249897942 1.17226732899574
"245" 237 1.04138811118857 1.69271166520151 1.17253851161577
"246" 238 1.04149180179722 1.69390667327847 1.1728084152181
"247" 239 1.04160283935733 1.69502241199031 1.17307705117128
"248" 240 1.04171428291477 1.69626226594303 1.17334443069579
"249" 241 1.04182518562181 1.69735878611359 1.17361056486657
"250" 242 1.04193461748364 1.69857075928803 1.17387546461546
"251" 243 1.04203846009744 1.6997642105021 1.17413914073372
"252" 244 1.04214457194968 1.70102650130565 1.17440160387431
"253" 245 1.04224135459644 1.70231267517084 1.17466286455427
"254" 246 1.04234236873419 1.70353899817133 1.17492293315703
"255" 247 1.04245453003059 1.70475345826343 1.17518181993457
"256" 248 1.04256656255869 1.70613247946948 1.17543953500965
"257" 249 1.04265330904823 1.70723768424202 1.17569608837797
"258" 250 1.04276678001101 1.70841664953194 1.17595148991021
"259" 251 1.04286848442795 1.70957203770279 1.17620574935417
"260" 252 1.04297000760915 1.71073502627399 1.17645887633669
"261" 253 1.04306491202511 1.71196527069306 1.1767108803657
"262" 254 1.04315739816835 1.71327792449974 1.17696177083208
"263" 255 1.04326246793932 1.71442432117508 1.17721155701164
"264" 256 1.04336313293865 1.71566118880435 1.17746024806691
"265" 257 1.04345805250441 1.7169733278129 1.17770785304898
"266" 258 1.0435515248052 1.71832042519368 1.17795438089927
"267" 259 1.04365212761975 1.7194636405008 1.17819984045131
"268" 260 1.04375293822319 1.72055791349358 1.17844424043242
"269" 261 1.04384453359224 1.72175604927041 1.17868758946542
"270" 262 1.0439341035981 1.72288096163195 1.17892989607023
"271" 263 1.04402609636649 1.72403636061449 1.17917116866553
"272" 264 1.04411037620681 1.72512186310861 1.17941141557034
"273" 265 1.04420897053159 1.72615830584568 1.17965064500552
"274" 266 1.04430236968793 1.7272866906001 1.17988886509537
"275" 267 1.04440633073436 1.72832278421509 1.18012608386907
"276" 268 1.04450019294985 1.72935526729237 1.18036230926215
"277" 269 1.04459642531118 1.73045917421602 1.18059754911794
"278" 270 1.04468701405624 1.73168888284862 1.18083181118899
"279" 271 1.0447797423045 1.73285543938777 1.18106510313841
"280" 272 1.04487863422321 1.73397091319005 1.18129743254128
"281" 273 1.04496743097462 1.73506166302688 1.18152880688595
"282" 274 1.04505948645213 1.73607510886476 1.18175923357533
"283" 275 1.04515180802329 1.73713351429298 1.18198871992823
"284" 276 1.0452389166226 1.7381084926669 1.18221727318055
"285" 277 1.0453272326649 1.73916399707585 1.18244490048657
"286" 278 1.04541255198587 1.74030705422851 1.18267160892012
"287" 279 1.04550445989548 1.74138267362903 1.1828974054758
"288" 280 1.04558963905724 1.74242807312363 1.18312229707013
"289" 281 1.04567436213706 1.74354667976333 1.18334629054271
"290" 282 1.04576458936482 1.74460682309258 1.18356939265734
"291" 283 1.04585407905769 1.74568128079893 1.18379161010311
"292" 284 1.0459451742771 1.74674221087054 1.18401294949551
"293" 285 1.04603209072723 1.74779620297894 1.18423341737749
"294" 286 1.04612161246112 1.74890602598817 1.18445302022049
"295" 287 1.04620388563591 1.74999416656002 1.18467176442549
"296" 288 1.04629130760777 1.75099141793362 1.184889656324
"297" 289 1.04637091631695 1.7519715582685 1.18510670217908
"298" 290 1.04645094498827 1.7529823817169 1.18532290818629
"299" 291 1.04653174749634 1.75400481375924 1.18553828047463
"300" 292 1.04660758546019 1.75511559511979 1.18575282510753
"301" 293 1.04668280899604 1.75619594218111 1.18596654808374
"302" 294 1.04675948510812 1.75723804291238 1.18617945533824
"303" 295 1.04684092094942 1.7582641655359 1.18639155274315
"304" 296 1.0469190783619 1.75928256675059 1.18660284610859
"305" 297 1.04698969032033 1.76039116496561 1.18681334118352
"306" 298 1.04707766875622 1.76138915598194 1.18702304365665
"307" 299 1.04716368966124 1.76240854125729 1.18723195915722
"308" 300 1.04723865353624 1.76351548549409 1.18744009325582
"309" 301 1.04731856591997 1.76450513251943 1.1876474514652
"310" 302 1.04739337381166 1.76558553954487 1.18785403924111
"311" 303 1.04746746018396 1.76654087114154 1.18805986198298
"312" 304 1.04754493494081 1.76750117731016 1.18826492503476
"313" 305 1.04762146903693 1.76844573170156 1.18846923368565
"314" 306 1.04769863993578 1.76957618106516 1.18867279317083
"315" 307 1.04778007105036 1.77058201535269 1.18887560867219
"316" 308 1.04785665651604 1.77155592737233 1.18907768531905
"317" 309 1.04793669448902 1.77249844428319 1.18927902818886
"318" 310 1.04801365300507 1.77347011085112 1.18947964230788
"319" 311 1.04808795618888 1.77438052871013 1.18967953265187
"320" 312 1.04815674205581 1.77532029008606 1.18987870414676
"321" 313 1.04822253203685 1.77630136885064 1.19007716166929
"322" 314 1.04828611933168 1.77729083042593 1.19027491004769
"323" 315 1.04836571616432 1.77827578652271 1.19047195406227
"324" 316 1.0484406668505 1.77925783065833 1.19066829844608
"325" 317 1.04851364471107 1.78023700594687 1.19086394788551
"326" 318 1.04859034716983 1.78121477266918 1.19105890702091
"327" 319 1.04867080580867 1.78219000369056 1.19125318044717
"328" 320 1.04874653758321 1.78316273851971 1.19144677271432
"329" 321 1.04881830336082 1.78418583363878 1.19163968832807
"330" 322 1.0488845254575 1.78509955692796 1.19183193175044
"331" 323 1.04894915898305 1.78606273019061 1.19202350740027
"332" 324 1.04902645354444 1.7870243776838 1.19221441965379
"333" 325 1.04909651376772 1.78793338333575 1.19240467284513
"334" 326 1.04916526087026 1.78893929250863 1.19259427126692
"335" 327 1.04924630227831 1.78985656281856 1.19278321917074
"336" 328 1.04931838435952 1.7907697295212 1.19297152076768
"337" 329 1.04937873824998 1.79176703665753 1.19315918022884
"338" 330 1.04944626287237 1.7927280873139 1.19334620168581
"339" 331 1.04951471939847 1.79361889156145 1.19353258923119
"340" 332 1.0495864763418 1.79458225150365 1.19371834691907
"341" 333 1.04964376708673 1.79551800679403 1.19390347876547
"342" 334 1.04970127670837 1.79651309488649 1.19408798874889
"343" 335 1.0497682430339 1.79745504710568 1.19427188081067
"344" 336 1.04983876908967 1.79843326651763 1.19445515885554
"345" 337 1.04991222403681 1.79933224594885 1.194637826752
"346" 338 1.04997400015154 1.8003772372846 1.19481988833281
"347" 339 1.05002860326969 1.80133644712356 1.19500134739538
"348" 340 1.0500936315732 1.80229714320757 1.19518220770223
"349" 341 1.05016047001037 1.80322064205559 1.19536247298143
"350" 342 1.05022920477932 1.8040929642374 1.19554214692696
"351" 343 1.05029241549472 1.80507033740426 1.19572123319918
"352" 344 1.05034863267904 1.80603468500944 1.19589973542516
"353" 345 1.05041779630324 1.80701607118711 1.19607765719917
"354" 346 1.0504794094995 1.8078199454069 1.19625500208299
"355" 347 1.05053949048783 1.80872182104637 1.19643177360636
"356" 348 1.05059582752936 1.80972366402001 1.19660797526729
"357" 349 1.05066134786986 1.81057779535738 1.19678361053251
"358" 350 1.05073109460949 1.81146360944331 1.19695868283779
"359" 351 1.05078750391707 1.81239393312591 1.19713319558831
"360" 352 1.05084758957674 1.81334436806446 1.19730715215903
"361" 353 1.05091375370194 1.81426268510426 1.19748055589505
"362" 354 1.05097934620836 1.81517618781917 1.19765341011194
"363" 355 1.05103924135095 1.81585549537976 1.19782571809607
"364" 356 1.05109915829247 1.81685683618007 1.19799748310501
"365" 357 1.05115632353608 1.81766612211483 1.19816870836779
"366" 358 1.05123133867444 1.81862782501906 1.19833939708526
"367" 359 1.05130165777909 1.81956794983393 1.19850955243042
"368" 360 1.05135900107171 1.82039771789485 1.19867917754875
"369" 361 1.05142788642933 1.82122669404 1.19884827555848
"370" 362 1.05148391909447 1.82212332398799 1.19901684955095
"371" 363 1.05154473552369 1.82294144503603 1.19918490259088
"372" 364 1.05159892221358 1.82377092850571 1.19935243771669
"373" 365 1.05165539318311 1.8247064049616 1.19951945794079
"374" 366 1.05171640450156 1.82552839770138 1.19968596624988
"375" 367 1.05177558859319 1.82638742432132 1.19985196560524
"376" 368 1.05183268009635 1.82732685497465 1.200017458943
"377" 369 1.05189078397481 1.82819578146719 1.20018244917443
"378" 370 1.05195438954023 1.829063370534 1.20034693918622
"379" 371 1.05201803673562 1.82989850725159 1.20051093184077
"380" 372 1.05208669529158 1.83066413795638 1.20067442997641
"381" 373 1.0521498016917 1.83150649669868 1.20083743640772
"382" 374 1.05221334008554 1.83229577386109 1.20099995392576
"383" 375 1.0522730214139 1.83310378876561 1.20116198529833
"384" 376 1.05233231298027 1.83392221098195 1.20132353327026
"385" 377 1.05239035801749 1.83468167820575 1.20148460056361
"386" 378 1.05244286829927 1.8354270866793 1.20164518987793
"387" 379 1.05249887024546 1.83629835775908 1.20180530389057
"388" 380 1.05255349763963 1.8373171635088 1.20196494525681
"389" 381 1.05260800936749 1.83823100362226 1.2021241166102
"390" 382 1.05267312274465 1.83907595480101 1.20228282056272
"391" 383 1.05273094063523 1.83991682912464 1.20244105970508
"392" 384 1.05279439049563 1.84081219284878 1.20259883660688
"393" 385 1.05284711079252 1.84170868125487 1.2027561538169
"394" 386 1.05289623000473 1.84260263138438 1.20291301386325
"395" 387 1.0529541374573 1.84328827591578 1.20306941925369
"396" 388 1.05301743111068 1.84413789478845 1.20322537247573
"397" 389 1.05306607299493 1.84498171796562 1.20338087599695
"398" 390 1.05311660373939 1.84588397490129 1.20353593226513
"399" 391 1.05317719626945 1.84667801808428 1.20369054370852
"400" 392 1.05323393852727 1.84745976122402 1.20384471273599
"401" 393 1.05328586015481 1.84822683401309 1.2039984417373
"402" 394 1.05334943389155 1.84902653576885 1.20415173308322
"403" 395 1.05340663460309 1.84984297212981 1.20430458912581
"404" 396 1.05346890106673 1.85066359435259 1.20445701219854
"405" 397 1.05352904201137 1.85147889576272 1.20460900461654
"406" 398 1.05357769164074 1.85228890674177 1.20476056867678
"407" 399 1.05362054931916 1.85314086972141 1.2049117066582
"408" 400 1.05367622499851 1.85392877473664 1.20506242082199
"409" 401 1.05372697563533 1.85471403947741 1.20521271341171
"410" 402 1.05377136372611 1.85543126349486 1.20536258665347
"411" 403 1.05383039890077 1.85632571378293 1.20551204275614
"412" 404 1.05388796834447 1.85712836088649 1.20566108391152
"413" 405 1.05394254741146 1.85792884334867 1.20580971229448
"414" 406 1.05398118736464 1.85873105260383 1.20595793006317
"415" 407 1.05402936171535 1.85955435658519 1.20610573935917
"416" 408 1.0540810542295 1.86037092876683 1.20625314230768
"417" 409 1.05414099996278 1.86126870396436 1.20640014101763
"418" 410 1.05419456404546 1.86202042097034 1.20654673758193
"419" 411 1.05423722402353 1.86290576803839 1.20669293407756
"420" 412 1.05428028703573 1.86378945307286 1.20683873256574
"421" 413 1.05432411487259 1.86458449965816 1.20698413509212
"422" 414 1.05436702421975 1.86541783446416 1.2071291436869
"423" 415 1.05442301780196 1.86629822270101 1.20727376036502
"424" 416 1.05447230965819 1.86699790523065 1.20741798712626
"425" 417 1.05451558476376 1.86780053770903 1.20756182595544
"426" 418 1.05456109915674 1.86866068980911 1.20770527882254
"427" 419 1.05460353542794 1.86944923084998 1.20784834768287
"428" 420 1.05465303909229 1.87029143367342 1.20799103447717
"429" 421 1.05470690200166 1.87102399574059 1.2081333411318
"430" 422 1.05475028230023 1.87186764070822 1.20827526955885
"431" 423 1.05480867083664 1.87266453820241 1.2084168216563
"432" 424 1.05485681035631 1.87338846385509 1.20855799930814
"433" 425 1.05490095721132 1.87416478339288 1.20869880438451
"434" 426 1.05494634451638 1.87497538953047 1.20883923874184
"435" 427 1.05498692112895 1.87574833405891 1.20897930422299
"436" 428 1.05504299034379 1.87660190944746 1.20911900265737
"437" 429 1.05508992751065 1.87731157670433 1.20925833586104
"438" 430 1.05513482070011 1.87802617361384 1.2093973056369
"439" 431 1.05517941924691 1.87874751737791 1.20953591377478
"440" 432 1.05522865778975 1.87950098847354 1.20967416205155
"441" 433 1.05528839731373 1.88027343396477 1.20981205223128
"442" 434 1.05533838853447 1.8810209434276 1.20994958606533
"443" 435 1.05538421598574 1.88162879489408 1.21008676529249
"444" 436 1.05543618122034 1.88233664805533 1.2102235916391
"445" 437 1.05548907251653 1.88322108147363 1.21036006681916
"446" 438 1.05554421414638 1.88407045338508 1.21049619253443
"447" 439 1.05558774356046 1.88478730472639 1.21063197047458
"448" 440 1.05562616120576 1.88549614785752 1.21076740231727
"449" 441 1.05567243577368 1.88620413314118 1.21090248972828
"450" 442 1.0557152768335 1.88692083273901 1.21103723436164
"451" 443 1.05576142378881 1.88759680611215 1.21117163785969
"452" 444 1.05580730478802 1.88827935463698 1.21130570185323
"453" 445 1.05585178591905 1.88902427993839 1.21143942796161
"454" 446 1.0558966190612 1.88978453640325 1.21157281779284
"455" 447 1.0559499653645 1.89048031534081 1.21170587294368
"456" 448 1.05599153357216 1.8911995463388 1.21183859499979
"457" 449 1.05603979108104 1.89195986564487 1.21197098553576
"458" 450 1.05608980398931 1.89269910654226 1.21210304611529
"459" 451 1.05613667773181 1.89343352960154 1.21223477829121
"460" 452 1.05617965128928 1.89414925535053 1.21236618360565
"461" 453 1.05622426576101 1.89497731607147 1.2124972635901
"462" 454 1.05626455124072 1.89566877994429 1.2126280197655
"463" 455 1.0563084879081 1.89635851996002 1.21275845364236
"464" 456 1.0563511994386 1.89715769194052 1.21288856672085
"465" 457 1.05640314425632 1.89799930128505 1.21301836049088
"466" 458 1.05644509920076 1.89875783040698 1.21314783643219
"467" 459 1.05648035620364 1.89949926824091 1.21327699601446
"468" 460 1.05652325901781 1.90012786503429 1.21340584069739
"469" 461 1.05656682108421 1.90093299507691 1.2135343719308
"470" 462 1.0566085112982 1.90168816512142 1.21366259115469
"471" 463 1.05665581928719 1.90246399150514 1.21379049979935
"472" 464 1.05669863621659 1.90312300252945 1.21391809928545
"473" 465 1.05673866628055 1.90383764618856 1.21404539102411
"474" 466 1.05678634411832 1.90461812833715 1.21417237641701
"475" 467 1.05683162046698 1.90540794474758 1.21429905685642
"476" 468 1.05687270275724 1.906140526241 1.21442543372535
"477" 469 1.05691373306029 1.90685933325559 1.21455150839759
"478" 470 1.0569551521426 1.90754712728501 1.21467728223779
"479" 471 1.05700026065589 1.90826883736224 1.21480275660157
"480" 472 1.05704394363847 1.90900615185619 1.21492793283556
"481" 473 1.05709235315705 1.90978652498137 1.21505281227751
"482" 474 1.05713137640324 1.9104478510729 1.21517739625636
"483" 475 1.05717241904435 1.91118528964134 1.21530168609229
"484" 476 1.05721990496432 1.9119215563842 1.21542568309684
"485" 477 1.05726319678007 1.91257455728122 1.21554938857295
"486" 478 1.05730222578762 1.91330692730221 1.21567280381505
"487" 479 1.05734039007306 1.9140180321727 1.21579593010913
"488" 480 1.05737868076051 1.91466176482739 1.21591876873281
"489" 481 1.05741271037166 1.91537767070111 1.21604132095542
"490" 482 1.05745534646122 1.91614955162876 1.21616358803805
"491" 483 1.057497739033 1.91690960116027 1.21628557123366
"492" 484 1.0575416797674 1.91767458394213 1.2164072717871
"493" 485 1.05757920093941 1.91830026043328 1.21652869093522
"494" 486 1.05762037542561 1.91907607893899 1.21664982990691
"495" 487 1.05767133922633 1.91981994299065 1.2167706899232
"496" 488 1.05771460314534 1.92048664971305 1.21689127219726
"497" 489 1.05775053781237 1.92116578733056 1.21701157793457
"498" 490 1.05778626222832 1.92182950139746 1.21713160833287
"499" 491 1.05782044820908 1.9226363042913 1.21725136458234
"500" 492 1.05785737401028 1.92329502398164 1.21737084786554
"501" 493 1.05789192161513 1.92397052873136 1.2174900593576
"502" 494 1.05792283700102 1.92468506671349 1.21760900022617
"503" 495 1.05796961717477 1.92535783453625 1.21772767163157
"504" 496 1.05800752380535 1.92608316666898 1.21784607472679
"505" 497 1.05805198287096 1.92667979873808 1.21796421065758
"506" 498 1.05809533078366 1.92740270791067 1.21808208056252
"507" 499 1.05812920645629 1.92811057627845 1.21819968557303
"508" 500 1.05816184614831 1.92872158596195 1.21831702681351
"509" 501 1.05819866349579 1.9294060915343 1.2184341054013
"510" 502 1.05823984974306 1.9301012444829 1.21855092244683
"511" 503 1.05827841089566 1.93079053665687 1.21866747905361
"512" 504 1.05831448054457 1.93148293041962 1.21878377631832
"513" 505 1.05835071536526 1.93216732706658 1.21889981533085
"514" 506 1.05838731866055 1.93285353609395 1.21901559717439
"515" 507 1.0584217478954 1.93347539833112 1.21913112292542
"516" 508 1.05845344172787 1.93420009114493 1.21924639365383
"517" 509 1.05849277748105 1.93490600819945 1.21936141042293
"518" 510 1.05853743579206 1.93558939174217 1.21947617428953
"519" 511 1.0585756970437 1.9362116460018 1.21959068630396
"520" 512 1.05861023848876 1.93680182369299 1.21970494751017
"521" 513 1.05864786707409 1.93743422596622 1.21981895894574
"522" 514 1.05868586360806 1.93805216540162 1.21993272164195
"523" 515 1.05871564565826 1.93878696758678 1.22004623662381
"524" 516 1.05874331121328 1.93938970906987 1.22015950491016
"525" 517 1.0587745499622 1.94010365806306 1.22027252751366
"526" 518 1.05881779280288 1.94072086196824 1.22038530544086
"527" 519 1.05885623481474 1.94141109113135 1.22049783969227
"528" 520 1.05889157481677 1.942093842728 1.22061013126238
"529" 521 1.05893202400562 1.94274609015352 1.22072218113972
"530" 522 1.05897094959699 1.94346927034225 1.22083399030692
"531" 523 1.05901180312097 1.94414342973412 1.22094555974072
"532" 524 1.0590435309798 1.94482979882622 1.22105689041206
"533" 525 1.05908306354532 1.94554439614735 1.22116798328608
"534" 526 1.05911698917514 1.94620647081956 1.22127883932221
"535" 527 1.05914872233273 1.94688581061132 1.22138945947418
"536" 528 1.05918412792068 1.94750709094957 1.2214998446901
"537" 529 1.05921916259081 1.94816430410465 1.22160999591246
"538" 530 1.05924817188724 1.94879885903883 1.22171991407821
"539" 531 1.05928789697135 1.94946050805357 1.22182960011878
"540" 532 1.05931918619156 1.95019341099067 1.22193905496013
"541" 533 1.05935963337464 1.95091211855926 1.22204827952282
"542" 534 1.05939634287191 1.95162737700394 1.22215727472199
"543" 535 1.05943014286627 1.9523003762572 1.22226604146746
"544" 536 1.05946204655111 1.95295237678972 1.22237458066375
"545" 537 1.05949851308328 1.95352304548193 1.22248289321011
"546" 538 1.05953132690961 1.95408969054435 1.22259098000057
"547" 539 1.05957013959675 1.95461775947408 1.22269884192399
"548" 540 1.05960980423954 1.95522624379611 1.22280647986409
"549" 541 1.05964481232165 1.9558512452493 1.22291389469946
"550" 542 1.05968360965879 1.95649881289642 1.22302108730368
"551" 543 1.05971935184522 1.95717526115644 1.22312805854525
"552" 544 1.05975346793215 1.95776864197443 1.22323480928772
"553" 545 1.05978955845754 1.95838650212368 1.22334134038968
"554" 546 1.05982232868697 1.95908676611889 1.22344765270481
"555" 547 1.05985241630171 1.95969017843478 1.22355374708192
"556" 548 1.05988852617527 1.96034156516063 1.22365962436497
"557" 549 1.05992693614269 1.96098576037441 1.22376528539314
"558" 550 1.05996484341137 1.96164502719605 1.22387073100083
"559" 551 1.06000286545684 1.96230012354801 1.22397596201772
"560" 552 1.06003937488913 1.96301334881264 1.22408097926878
"561" 553 1.06007990222305 1.96361587432775 1.22418578357433
"562" 554 1.06012033920401 1.96424487405517 1.22429037575007
"563" 555 1.06015396972635 1.96489856581567 1.22439475660712
"564" 556 1.06018510729253 1.96555063791652 1.22449892695203
"565" 557 1.06022140001058 1.96616284563988 1.22460288758681
"566" 558 1.06025961729547 1.96675718118544 1.22470663930902
"567" 559 1.06028925691497 1.96735906913094 1.22481018291174
"568" 560 1.06032146244991 1.96795637387787 1.22491351918363
"569" 561 1.06035003493996 1.96854827562414 1.22501664890897
"570" 562 1.06037982681996 1.96906563839235 1.22511957286767
"571" 563 1.06041709908275 1.96974506589456 1.22522229183532
"572" 564 1.0604470565892 1.97039195661153 1.22532480658322
"573" 565 1.06048314898689 1.97094015898196 1.22542711787839
"574" 566 1.0605118002008 1.97161609270614 1.22552922648363
"575" 567 1.06055213737104 1.97224704020606 1.22563113315755
"576" 568 1.0605921200611 1.97305359133544 1.22573283865457
"577" 569 1.06062673169426 1.97377059399723 1.22583434372497
"578" 570 1.06066088746585 1.9743778231334 1.22593564911494
"579" 571 1.06068998676337 1.97491262237491 1.22603675556656
"580" 572 1.06072564063066 1.97549965172557 1.22613766381789
"581" 573 1.06075650035309 1.976140364757 1.22623837460294
"582" 574 1.060787220901 1.97679959864099 1.22633888865173
"583" 575 1.0608189256969 1.97737775959612 1.22643920669035
"584" 576 1.0608511283431 1.97794751095468 1.2265393294409
"585" 577 1.06088487635048 1.97859664387598 1.22663925762161
"586" 578 1.06091771055712 1.97915393451762 1.22673899194682
"587" 579 1.06096172157282 1.97970100851693 1.22683853312701
"588" 580 1.06098921765268 1.98025197747584 1.22693788186884
"589" 581 1.06102418010404 1.98080824224493 1.22703703887518
"590" 582 1.06105070666879 1.9814341357418 1.22713600484511
"591" 583 1.06108641826438 1.98197331174551 1.22723478047398
"592" 584 1.06111746705306 1.98272926523892 1.22733336645342
"593" 585 1.0611485187892 1.9834222724429 1.22743176347136
"594" 586 1.06117722108071 1.98408282862225 1.22752997221208
"595" 587 1.06121101283209 1.98479468569416 1.2276279933562
"596" 588 1.06124475144855 1.98550011462317 1.22772582758074
"597" 589 1.06127907016467 1.98603131936094 1.22782347555912
"598" 590 1.06130447407809 1.98663865014081 1.22792093796121
"599" 591 1.06133760974606 1.98715672225914 1.22801821545332
"600" 592 1.06137081400683 1.98778931989772 1.22811530869826
"601" 593 1.06141201126551 1.98849424395592 1.22821221835535
"602" 594 1.06144571669935 1.9891404730105 1.22830894508044
"603" 595 1.06147910127242 1.98962343973127 1.22840548952594
"604" 596 1.06151265412244 1.9901193274706 1.22850185234083
"605" 597 1.06153844083087 1.99073844293381 1.22859803417072
"606" 598 1.061570710947 1.99135673458933 1.22869403565782
"607" 599 1.06159460034705 1.99191108756802 1.22878985744101
"608" 600 1.06161937453745 1.99253208455574 1.22888550015585
"609" 601 1.06164708893178 1.99312604308936 1.22898096443458
"610" 602 1.06167105675909 1.99363118516905 1.22907625090617
"611" 603 1.06169597368668 1.99421196549458 1.22917136019633
"612" 604 1.06172036458528 1.99479188371757 1.22926629292754
"613" 605 1.061754996617 1.99541701786455 1.22936104971906
"614" 606 1.0617852459895 1.99604133877096 1.22945563118696
"615" 607 1.0618200539013 1.99665201284489 1.22955003794415
"616" 608 1.0618487806482 1.99710386716575 1.22964427060039
"617" 609 1.06187729564098 1.99772715949002 1.2297383297623
"618" 610 1.06190706774696 1.99834277097735 1.22983221603341
"619" 611 1.0619326428084 1.99897822762171 1.22992593001415
"620" 612 1.06195766037525 1.99953916436002 1.2300194723019
"621" 613 1.06198351829968 2.0000290092817 1.230112843491
"622" 614 1.06200901673965 2.00062199810084 1.23020604417275
"623" 615 1.0620390441761 2.0011622341839 1.23029907493545
"624" 616 1.06206746045225 2.00170764465311 1.23039193636444
"625" 617 1.06209913810121 2.00224719125933 1.23048462904209
"626" 618 1.06213554472845 2.00278600587374 1.23057715354779
"627" 619 1.06216452100755 2.00333995170481 1.23066951045806
"628" 620 1.06219328242535 2.00393157590157 1.23076170034649
"629" 621 1.06222793878001 2.00452582853457 1.23085372378378
"630" 622 1.06225883892339 2.00512680090438 1.23094558133779
"631" 623 1.06228911490385 2.00570356565413 1.23103727357351
"632" 624 1.06231404792433 2.00621933566631 1.2311288010531
"633" 625 1.06233612769688 2.00676993703112 1.23122016433594
"634" 626 1.06236871845795 2.0073301828989 1.23131136397858
"635" 627 1.06239522206238 2.00784107923455 1.23140240053485
"636" 628 1.06242518867303 2.00838665946547 1.23149327455576
"637" 629 1.06245151011993 2.0089827353229 1.23158398658965
"638" 630 1.06248472688085 2.00952178817753 1.23167453718209
"639" 631 1.06251535376226 2.01000852166849 1.231764926876
"640" 632 1.06254557871642 2.01057784032377 1.23185515621156
"641" 633 1.06256988516755 2.01114890644326 1.23194522572634
"642" 634 1.06259402839055 2.01171707422448 1.23203513595521
"643" 635 1.06262608390347 2.01225822183088 1.23212488743047
"644" 636 1.06265319306587 2.01280573687367 1.23221448068176
"645" 637 1.06267924601729 2.01334524569229 1.23230391623613
"646" 638 1.06270664338755 2.01385738871484 1.23239319461807
"647" 639 1.0627351359872 2.01439776326571 1.23248231634948
"648" 640 1.06275998586651 2.01496009563361 1.23257128194975
"649" 641 1.06278629424981 2.01554023932693 1.23266009193571
"650" 642 1.06281283190083 2.01617536517797 1.23274874682167
"651" 643 1.06284269363058 2.01680759676889 1.23283724711948
"652" 644 1.06287483627405 2.01737634559749 1.23292559333847
"653" 645 1.06290045493835 2.01793875399897 1.23301378598553
"654" 646 1.06292666411548 2.01855868967222 1.23310182556509
"655" 647 1.06295174129465 2.01916696690247 1.23318971257913
"656" 648 1.06297992938527 2.01961998237433 1.23327744752724
"657" 649 1.06300129017286 2.02017324600722 1.23336503090659
"658" 650 1.06302732869575 2.02074405343455 1.23345246321196
"659" 651 1.06305074667282 2.02133776688534 1.23353974493577
"660" 652 1.0630744087698 2.02193076523463 1.23362687656807
"661" 653 1.06309962977185 2.02252297651762 1.23371385859656
"662" 654 1.06312588321129 2.02307375200128 1.23380069150662
"663" 655 1.06315201026294 2.02358957031353 1.23388737578133
"664" 656 1.0631807077573 2.02413542187058 1.23397391190145
"665" 657 1.0632097933193 2.02471195347617 1.23406030034547
"666" 658 1.06323864688149 2.02528778960507 1.23414654158959
"667" 659 1.06326745113715 2.02582400446583 1.23423263610777
"668" 660 1.06329129808978 2.02636806228982 1.23431858437172
"669" 661 1.06332165876188 2.02685903291463 1.23440438685094
"670" 662 1.06334790603173 2.02738247931502 1.23449004401268
"671" 663 1.06337322648264 2.02796628145131 1.23457555632202
"672" 664 1.06340500414617 2.02856613037037 1.23466092424184
"673" 665 1.0634274391101 2.02916528027023 1.23474614823285
"674" 666 1.06345640722199 2.02976373301485 1.2348312287536
"675" 667 1.06348327268282 2.03035482956396 1.23491616626049
"676" 668 1.06350643256269 2.03092372140535 1.2350009612078
"677" 669 1.06353145928879 2.03146195225541 1.23508561404766
"678" 670 1.0635600522835 2.03205621049752 1.23517012523012
"679" 671 1.06358959293425 2.03262470388771 1.23525449520314
"680" 672 1.06361636390429 2.03319074459588 1.23533872441256
"681" 673 1.06363967344828 2.03381060425653 1.2354228133022
"682" 674 1.06367083270627 2.03433120031188 1.23550676231379
"683" 675 1.06369755753919 2.03487878419319 1.23559057188703
"684" 676 1.06372442361816 2.03544150922121 1.2356742424596
"685" 677 1.06374951801515 2.03599823876278 1.23575777446712
"686" 678 1.06377007710976 2.03649272999883 1.23584116834325
"687" 679 1.06379674839318 2.03698622114784 1.23592442451964
"688" 680 1.06382498371773 2.0375474851756 1.23600754342595
"689" 681 1.06384918924443 2.03798502989309 1.23609052548988
"690" 682 1.06387558382654 2.03849498008756 1.23617337113716
"691" 683 1.06390162805702 2.03899752111261 1.23625608079159
"692" 684 1.06392758771926 2.03948602891784 1.23633865487501
"693" 685 1.06395349785042 2.03998514071501 1.23642109380738
"694" 686 1.06397274952013 2.04049554862774 1.2365033980067
"695" 687 1.06399705606902 2.04107191127795 1.2365855678891
"696" 688 1.06401825753056 2.04157207892025 1.23666760386882
"697" 689 1.06404683781069 2.04207446844265 1.2367495063582
"698" 690 1.06407005016487 2.04257689874509 1.23683127576775
"699" 691 1.06410075317633 2.04307380037908 1.23691291250609
"700" 692 1.06413324691558 2.0435786099754 1.23699441698002
"701" 693 1.06415916190845 2.04410409138817 1.23707578959449
"702" 694 1.06418687321156 2.04457982467545 1.23715703075265
"703" 695 1.064208936408 2.04506699520202 1.23723814085582
"704" 696 1.06423428851504 2.04564934612587 1.23731912030352
"705" 697 1.06425892422491 2.04619391396248 1.2373999694935
"706" 698 1.06428478021577 2.04674363554823 1.2374806888217
"707" 699 1.06430435058974 2.04718949926813 1.23756127868231
"708" 700 1.06432484008466 2.0477965032432 1.23764173946778
"709" 701 1.06434349550217 2.04841639285457 1.23772207156876
"710" 702 1.06436374646004 2.04904808068924 1.23780227537421
"711" 703 1.06439243329255 2.04956782058156 1.23788235127134
"712" 704 1.06441505793227 2.0501045600256 1.23796229964566
"713" 705 1.0644391899778 2.05058627857327 1.23804212088096
"714" 706 1.06446218127149 2.05109436631668 1.23812181535932
"715" 707 1.06448555213429 2.05160186490359 1.23820138346116
"716" 708 1.06450858604986 2.05210877584901 1.2382808255652
"717" 709 1.06453155870575 2.05261510066189 1.23836014204851
"718" 710 1.06455342337138 2.05314599022282 1.23843933328649
"719" 711 1.06457477931205 2.05368572213017 1.23851839965288
"720" 712 1.06460315641036 2.05417792883443 1.23859734151982
"721" 713 1.06462752617075 2.05464650486153 1.23867615925778
"722" 714 1.06465518990041 2.05513798513614 1.23875485323562
"723" 715 1.06468325618758 2.05564571069134 1.23883342382061
"724" 716 1.0647055180708 2.05614169256981 1.2389118713784
"725" 717 1.06472368840034 2.05663314170714 1.23899019627304
"726" 718 1.0647551182605 2.05707651812642 1.23906839886702
"727" 719 1.06478333423219 2.05756584357059 1.23914647952123
"728" 720 1.06480590299769 2.05808273885305 1.23922443859503
"729" 721 1.0648342306736 2.05848606201926 1.23930227644618
"730" 722 1.06485836305871 2.05892497474313 1.23937999343092
"731" 723 1.06487821262269 2.05944818503291 1.23945758990396
"732" 724 1.06489761259685 2.05996975402616 1.23953506621845
"733" 725 1.0649173093573 2.06040895768304 1.23961242272605
"734" 726 1.06494741094445 2.06080637021837 1.23968965977688
"735" 727 1.06497499150175 2.06125683203549 1.23976677771958
"736" 728 1.06499448229978 2.06180282756674 1.23984377690128
"737" 729 1.06501754658958 2.06238469709009 1.23992065766763
"738" 730 1.06503644722019 2.06289301850548 1.2399974203628
"739" 731 1.06505695877622 2.06335191414326 1.24007406532949
"740" 732 1.06507674579156 2.06380763482324 1.24015059290893
"741" 733 1.06509816173255 2.06426866612229 1.24022700344092
"742" 734 1.06512382859809 2.06473104275011 1.24030329726378
"743" 735 1.06514186791403 2.06519283462347 1.24037947471442
"744" 736 1.06516063563182 2.06572964183184 1.24045553612831
"745" 737 1.06518324858717 2.0662863454322 1.24053148183951
"746" 738 1.06520289957233 2.06679089978472 1.24060731218065
"747" 739 1.06522909058585 2.06731256583991 1.24068302748295
"748" 740 1.06525198571492 2.06770776663406 1.24075862807628
"749" 741 1.06527419268626 2.06824703074267 1.24083411428904
"750" 742 1.06529799776953 2.0688056134069 1.24090948644833
"751" 743 1.06532024065752 2.06932735222656 1.24098474487982
"752" 744 1.06534752596914 2.06973025064518 1.24105988990783
"753" 745 1.0653718199678 2.07023628543692 1.24113492185533
"754" 746 1.06539632116587 2.07076811703116 1.24120984104394
"755" 747 1.06542251111884 2.0712862808727 1.24128464779391
"756" 748 1.06544831730721 2.07176822868109 1.24135934242416
"757" 749 1.06547575612134 2.07222041423344 1.24143392525232
"758" 750 1.06549814366093 2.0726366994673 1.24150839659465
"759" 751 1.06551937185631 2.07304969949329 1.24158275676611
"760" 752 1.06554278868463 2.07353484710568 1.24165700608037
"761" 753 1.06556225131615 2.07400533424649 1.24173114484977
"762" 754 1.06557652953357 2.07447715584426 1.24180517338538
"763" 755 1.06559326996634 2.0749280890381 1.24187909199696
"764" 756 1.06562653931019 2.07544211036499 1.24195290099303
"765" 757 1.06564508091457 2.07589466838495 1.2420266006808
"766" 758 1.06566829433234 2.07635013013346 1.24210019136623
"767" 759 1.06569241897758 2.07686034569407 1.24217367335401
"768" 760 1.06571782292097 2.07733657316707 1.2422470469476
"769" 761 1.06573862075734 2.07785565335595 1.24232031244919
"770" 762 1.06575797240993 2.07839848143974 1.24239347015976
"771" 763 1.06578038150058 2.07890919048329 1.24246652037903
"772" 764 1.0658038937358 2.07941907127451 1.24253946340551
"773" 765 1.0658265360825 2.079923094 1.2426122995365
"774" 766 1.06584843925912 2.08042473225741 1.24268502906806
"775" 767 1.06587528456934 2.08092584762458 1.24275765229507
"776" 768 1.0658964229283 2.0814253886684 1.24283016951121
"777" 769 1.06591861784665 2.08187402051731 1.24290258100895
"778" 770 1.06593716917356 2.08231023108018 1.24297488707959
"779" 771 1.06595742271688 2.08277170941225 1.24304708801325
"780" 772 1.06598299058729 2.08322555073482 1.24311918409887
"781" 773 1.0660085252411 2.08368382968831 1.24319117562422
"782" 774 1.06603608846753 2.08428629833169 1.24326306287592
"783" 775 1.06605683638807 2.08475453276247 1.24333484613943
"784" 776 1.06608180075819 2.08517041473268 1.24340652569906
"785" 777 1.066101571623 2.08558583455337 1.24347810183797
"786" 778 1.06613028530712 2.08607391713204 1.2435495748382
"787" 779 1.0661439594685 2.08658032781313 1.24362094498066
"788" 780 1.06616617202749 2.08702398810477 1.24369221254512
"789" 781 1.06619260492614 2.08760417829939 1.24376337781023
"790" 782 1.06620938380279 2.08810409610024 1.24383444105355
"791" 783 1.06622809082424 2.08859558690782 1.24390540255151
"792" 784 1.06624585561342 2.08909096011519 1.24397626257947
"793" 785 1.0662634057042 2.08951014048869 1.24404702141164
"794" 786 1.06628922907011 2.08997784625987 1.2441176793212
"795" 787 1.06630862460351 2.09044506606452 1.24418823658022
"796" 788 1.06633021674127 2.09090861586671 1.24425869345967
"797" 789 1.06635838172234 2.09145221269241 1.2443290502295
"798" 790 1.06637701170936 2.09197134196523 1.24439930715854
"799" 791 1.06639914653156 2.09240737915531 1.2444694645146
"800" 792 1.06642131693491 2.09291393042456 1.24453952256441
"801" 793 1.06643988864552 2.09342527776929 1.24460948157365
"802" 794 1.06645893194874 2.09385919736158 1.24467934180698
"803" 795 1.06647876369576 2.09439624014471 1.24474910352798
"804" 796 1.06650534462935 2.09484350173642 1.24481876699923
"805" 797 1.06652261395222 2.09538799821849 1.24488833248227
"806" 798 1.06654495613735 2.09595334244119 1.24495780023762
"807" 799 1.06657459958061 2.09650359400926 1.24502717052477
"808" 800 1.06659558277819 2.09694031044317 1.24509644360221
"809" 801 1.06661273655141 2.09737151610718 1.24516561972743
"810" 802 1.06663180832093 2.097776802993 1.24523469915689
"811" 803 1.06664948221249 2.09822181884982 1.24530368214607
"812" 804 1.06666832448549 2.09872158416796 1.24537256894947
"813" 805 1.06668608951871 2.09921622310668 1.24544135982058
"814" 806 1.06670484901436 2.09967001157306 1.24551005501191
"815" 807 1.06672330678235 2.100167473999 1.24557865477502
"816" 808 1.06673982175118 2.10064299031175 1.24564715936047
"817" 809 1.06676055680938 2.10112075099729 1.24571556901786
"818" 810 1.0667911452399 2.10160456272669 1.24578388399583
"819" 811 1.06681093486383 2.1020853020813 1.24585210454206
"820" 812 1.0668323107175 2.10258843670383 1.24592023090329
"821" 813 1.06685107726298 2.10307804290492 1.2459882633253
"822" 814 1.06686666622618 2.10361061293575 1.24605620205292
"823" 815 1.06688904845327 2.10405004133105 1.24612404733007
"824" 816 1.06690908868109 2.10449556901889 1.2461917993997
"825" 817 1.06692506976389 2.10501541226439 1.24625945850386
"826" 818 1.06694462985947 2.10550771209174 1.24632702488367
"827" 819 1.06696002869858 2.10597572258403 1.24639449877932
"828" 820 1.0669796821758 2.10645581660942 1.2464618804301
"829" 821 1.06700503649366 2.10688955768161 1.24652917007438
"830" 822 1.06702614704323 2.10733863707383 1.24659636794963
"831" 823 1.06704442331191 2.10777947651459 1.2466634742924
"832" 824 1.06706647950104 2.10821724223271 1.24673048933839
"833" 825 1.06708600866013 2.10866165103261 1.24679741332236
"834" 826 1.06710855675825 2.10910961817997 1.2468642464782
"835" 827 1.06712592297093 2.10955299180745 1.24693098903893
"836" 828 1.06714848908859 2.10994780085909 1.24699764123667
"837" 829 1.06716697467328 2.1103806868759 1.24706420330267
"838" 830 1.06718851838262 2.11081313986503 1.24713067546733
"839" 831 1.06720486156439 2.1112497517136 1.24719705796017
"840" 832 1.06722468349694 2.11172980403936 1.24726335100983
"841" 833 1.06724395060539 2.11220926181548 1.24732955484413
"842" 834 1.06726380209771 2.11267507367767 1.24739566969001
"843" 835 1.06727484038498 2.11311993503434 1.24746169577358
"844" 836 1.06729163150937 2.11355620616664 1.24752763332008
"845" 837 1.06730432978748 2.11400937381329 1.24759348255394
"846" 838 1.06731969182222 2.11445562353582 1.24765924369873
"847" 839 1.06733655272725 2.11493312891984 1.2477249169772
"848" 840 1.06736197417295 2.11543598269818 1.24779050261128
"849" 841 1.06738170930055 2.11586328976073 1.24785600082206
"850" 842 1.0673976804148 2.1162901755774 1.24792141182981
"851" 843 1.06741250581707 2.11671567595059 1.24798673585399
"852" 844 1.06743616143287 2.11713743741056 1.24805197311325
"853" 845 1.06745694125373 2.1176392928879 1.24811712382544
"854" 846 1.06747022188561 2.11816985233271 1.24818218820758
"855" 847 1.067488350696 2.11869994449821 1.24824716647593
"856" 848 1.06750672066129 2.11910145203851 1.24831205884591
"857" 849 1.06752395145849 2.11947928407226 1.24837686553218
"858" 850 1.06754013515455 2.11985549358907 1.24844158674859
"859" 851 1.06755577017761 2.120231317521 1.24850622270823
"860" 852 1.06757115532086 2.12066276200923 1.24857077362338
"861" 853 1.06758639378989 2.12104941583243 1.24863523970556
"862" 854 1.0676022847165 2.12148679172946 1.24869962116552
"863" 855 1.06762243874539 2.1219473243737 1.24876391821324
"864" 856 1.06764181708424 2.12246651433788 1.24882813105791
"865" 857 1.06765852011217 2.12295154730303 1.24889225990799
"866" 858 1.06768579802533 2.12339293813877 1.24895630497117
"867" 859 1.0677039619462 2.12381716820116 1.24902026645438
"868" 860 1.06771999216548 2.12424099031251 1.2490841445638
"869" 861 1.0677399278314 2.12466440533885 1.24914793950487
"870" 862 1.06775898133532 2.12508426475302 1.24921165148228
"871" 863 1.0677809493825 2.12553180654144 1.24927528069997
"872" 864 1.06780575223438 2.12592672291615 1.24933882736117
"873" 865 1.06782741523691 2.12634299093959 1.24940229166834
"874" 866 1.06784149122824 2.12676178073943 1.24946567382324
"875" 867 1.06786346786408 2.12714646567312 1.2495289740269
"876" 868 1.06788675331838 2.12760043567418 1.24959219247961
"877" 869 1.06790731984873 2.12800476799966 1.24965532938096
"878" 870 1.06792487762608 2.12840839161127 1.2497183849298
"879" 871 1.06794435188959 2.12883716179758 1.2497813593243
"880" 872 1.06795959339074 2.12926552925576 1.24984425276188
"881" 873 1.06797476321102 2.12968921686449 1.24990706543929
"882" 874 1.0679918980699 2.13010638358817 1.24996979755256
"883" 875 1.06800761504276 2.13052315558295 1.25003244929704
"884" 876 1.06802749232271 2.13095064607839 1.25009502086734
"885" 877 1.06803682325787 2.13140268339439 1.25015751245742
"886" 878 1.06805302870164 2.13183170241703 1.25021992426053
"887" 879 1.06807018844349 2.13225704708186 1.25028225646924
"888" 880 1.06809167300471 2.13274382075467 1.25034450927544
"889" 881 1.06811145159929 2.13321298639559 1.25040668287034
"890" 882 1.06813112971474 2.13366619810799 1.25046877744445
"891" 883 1.06815379865296 2.13405943766218 1.25053079318764
"892" 884 1.06816880089429 2.13445032696181 1.2505927302891
"893" 885 1.06819024632362 2.13492206321381 1.25065458893733
"894" 886 1.06821253393283 2.13535842240173 1.25071636932019
"895" 887 1.06823411628773 2.13578988827841 1.25077807162488
"896" 888 1.06825580212263 2.13626513293835 1.25083969603792
"897" 889 1.06827577317907 2.13673996348437 1.2509012427452
"898" 890 1.0682906021362 2.13721438074257 1.25096271193194
"899" 891 1.06830883217708 2.13768837777655 1.25102410378272
"900" 892 1.06832706508676 2.13812439853123 1.25108541848147
"901" 893 1.06834475042295 2.13858966031411 1.25114665621148
"902" 894 1.06835947740312 2.13904875788678 1.25120781715539
"903" 895 1.06837604023108 2.13948222491907 1.25126890149523
"904" 896 1.06839591367379 2.13989211696939 1.25132990941236
"905" 897 1.06841267921823 2.14030163114836 1.25139084108754
"906" 898 1.06843308349688 2.14071076822499 1.25145169670087
"907" 899 1.0684502331219 2.14111952896603 1.25151247643186
"908" 900 1.06846341844973 2.14156900085894 1.25157318045937
"909" 901 1.06848518955482 2.14204066818199 1.25163380896164
"910" 902 1.06850118277154 2.14247926887641 1.25169436211633
"911" 903 1.06851941391768 2.14289345302876 1.25175484010043
"912" 904 1.06853782309658 2.14337165282346 1.25181524309036
"913" 905 1.06855959038001 2.14374253992609 1.25187557126192
"914" 906 1.06857940511747 2.1440766468937 1.2519358247903
"915" 907 1.06859501836157 2.14449391260474 1.25199600385009
"916" 908 1.06861219480346 2.14500439982017 1.25205610861528
"917" 909 1.06862964141232 2.14551178541243 1.25211613925926
"918" 910 1.068645964042 2.14601077325471 1.25217609595483
"919" 911 1.06866464961321 2.14637954130087 1.2522359788742
"920" 912 1.0686810642228 2.14684787326879 1.25229578818897
"921" 913 1.06870298049103 2.14729410705991 1.25235552407017
"922" 914 1.06872093275343 2.14762513302983 1.25241518668827
"923" 915 1.06873951582949 2.14803823609021 1.2524747762131
"924" 916 1.06875725485763 2.14848734644031 1.25253429281397
"925" 917 1.06877643598024 2.14892153578567 1.25259373665956
"926" 918 1.0687942382542 2.14932596625798 1.25265310791804
"927" 919 1.06881155896795 2.14968731899085 1.25271240675694
"928" 920 1.06882597823993 2.1501591405603 1.25277163334327
"929" 921 1.06884222068321 2.15065128835963 1.25283078784346
"930" 922 1.06886058665568 2.15114266679636 1.25288987042336
"931" 923 1.06887853503132 2.15157962779014 1.25294888124829
"932" 924 1.06889778698704 2.1520086996972 1.25300782048298
"933" 925 1.06891401954707 2.15240949083415 1.25306668829164
"934" 926 1.06892765972967 2.15277556748443 1.25312548483789
"935" 927 1.06894304460342 2.15327605845342 1.25318421028481
"936" 928 1.06896133692105 2.15377378760746 1.25324286479494
"937" 929 1.06897606041847 2.15427746790484 1.25330144853028
"938" 930 1.06899089767152 2.15478074869138 1.25335996165226
"939" 931 1.0690125349322 2.15522857944521 1.2534184043218
"940" 932 1.06902783189697 2.15560334812409 1.25347677669925
"941" 933 1.069040607713 2.15604769417629 1.25353507894445
"942" 934 1.06905960224835 2.15645880141673 1.25359331121669
"943" 935 1.06908007022534 2.15681132306434 1.25365147367474
"944" 936 1.0690961579393 2.15726650316785 1.25370956647681
"945" 937 1.06911418883401 2.15773342279455 1.25376758978064
"946" 938 1.06912853008281 2.15819996184762 1.25382554374338
"947" 939 1.06913994254084 2.1586484470409 1.25388342852171
"948" 940 1.06915703912352 2.15914076486715 1.25394124427175
"949" 941 1.06917367179531 2.15956744607297 1.25399899114914
"950" 942 1.06918902833813 2.15996470092335 1.25405666930897
"951" 943 1.06920970107877 2.16036160877696 1.25411427890584
"952" 944 1.06922791200303 2.16075817030436 1.25417182009382
"953" 945 1.0692429770404 2.1611543861742 1.25422929302649
"954" 946 1.06926363077564 2.16157937950176 1.2542866978569
"955" 947 1.06927871643295 2.16202426980587 1.25434403473763
"956" 948 1.06929683303168 2.1624687938897 1.25440130382072
"957" 949 1.06931112284655 2.16296223397513 1.25445850525773
"958" 950 1.06932965322061 2.16338728624257 1.25451563919972
"959" 951 1.06934633460304 2.16379981984356 1.25457270579726
"960" 952 1.06935778032953 2.16424214499364 1.25462970520041
"961" 953 1.06936771450099 2.16467640710175 1.25468663755874
"962" 954 1.06938345502621 2.16508728313555 1.25474350302137
"963" 955 1.0693972380209 2.16549659288414 1.25480030173686
"964" 956 1.06941214217845 2.16590455132538 1.25485703385335
"965" 957 1.0694318340112 2.16634157298738 1.25491369951847
"966" 958 1.06944464501364 2.16673993024545 1.25497029887935
"967" 959 1.06946426997256 2.16712635783679 1.2550268320827
"968" 960 1.06948128621861 2.16753293923825 1.25508329927468
"969" 961 1.0695021356602 2.16793052848665 1.25513970060103
"970" 962 1.06951883130272 2.16832713240641 1.25519603620698
"971" 963 1.06953622187743 2.16872339933472 1.25525230623733
"972" 964 1.06955380750574 2.16914369039964 1.25530851083637
"973" 965 1.06956827266587 2.16956504965957 1.25536465014795
"974" 966 1.06958535949955 2.16997131320707 1.25542072431544
"975" 967 1.0695979803485 2.17037400210095 1.25547673348175
"976" 968 1.06961322296296 2.17075754064583 1.25553267778934
"977" 969 1.06962958018146 2.17116877615176 1.2555885573802
"978" 970 1.06965000234566 2.17158525685666 1.25564437239586
"979" 971 1.0696619104037 2.17198970769307 1.25570012297741
"980" 972 1.06968282345891 2.17239382216033 1.25575580926548
"981" 973 1.06969525492664 2.17279543829342 1.25581143140023
"982" 974 1.06971032245839 2.17319671242947 1.2558669895214
"983" 975 1.06972816677218 2.17357830463012 1.25592248376827
"984" 976 1.06974355997887 2.17395780726609 1.25597791427967
"985" 977 1.06975862639766 2.17438942840052 1.25603328119401
"986" 978 1.06977401873448 2.17475360488964 1.25608858464921
"987" 979 1.06978822130422 2.17511746759142 1.25614382478279
"988" 980 1.06980147243546 2.17547993782674 1.25619900173183
"989" 981 1.06981546946734 2.17584086902895 1.25625411563295
"990" 982 1.06983242987858 2.17621424585736 1.25630916662236
"991" 983 1.06985015824951 2.1765815439377 1.25636415483584
"992" 984 1.06986706624054 2.17696264966146 1.2564190804087
"993" 985 1.06988630496354 2.17739887883475 1.25647394347587
"994" 986 1.06989833051889 2.1778326314142 1.25652874417182
"995" 987 1.06991500899112 2.17826574288399 1.25658348263061
"996" 988 1.06992604053017 2.17869851330603 1.25663815898588
"997" 989 1.06994111393543 2.17909139518819 1.25669277337082
"998" 990 1.06995242884097 2.17945866842936 1.25674732591824
"999" 991 1.06996366073033 2.17982116278774 1.25680181676051
"1000" 992 1.06997985526465 2.18018334966532 1.25685624602958
"1001" 993 1.06999427324367 2.18054075646661 1.25691061385699
"1002" 994 1.07001542731374 2.18084912289761 1.25696492037387
"1003" 995 1.07003049547774 2.18121423457303 1.25701916571093
"1004" 996 1.07004626105135 2.18159796539645 1.25707334999849
"1005" 997 1.07006094824488 2.18197955040435 1.25712747336643
"1006" 998 1.07007510894022 2.1823401163966 1.25718153594426
"1007" 999 1.07009007367323 2.18270124370564 1.25723553786106
"1008" 1000 1.07010354871516 2.18310116844741 1.25728947924551
