"T" "IC_low" "IC_up" "x_ML"
"1" 1.1 0.526280162265916 0.541819188992802 0.532918417692218
"2" 1.2 0.533197556902226 0.552389750099677 0.541395892545687
"3" 1.3 0.539694737053842 0.562199508909791 0.549300250179767
"4" 1.4 0.545828808364741 0.571365207849794 0.556710143614606
"5" 1.5 0.55164410333589 0.579969531238452 0.563688711193844
"6" 1.6 0.557164273723715 0.588088412832416 0.570287447722057
"7" 1.7 0.562426980623306 0.595739640494449 0.576548931969313
"8" 1.8 0.567451056004279 0.603039003935752 0.582508794889624
"9" 1.9 0.572236427553279 0.609987391186877 0.588197169801298
"10" 2 0.576843334829573 0.616616901332016 0.593639780608856
"11" 3 0.614744403033942 0.671444512290295 0.638286015563024
"12" 4 0.643147778520231 0.713384150825248 0.671782482596473
"13" 5 0.665837694311667 0.748496931041897 0.698856852387982
"14" 6 0.684694796139445 0.778971251006109 0.721713625841741
"15" 7 0.700949570855006 0.806329582641472 0.741570483190695
"16" 8 0.71519004783115 0.831063352939381 0.759175169807868
"17" 9 0.727762011673008 0.854065292081985 0.775021687291896
"18" 10 0.739167879147316 0.875331204187121 0.789454413684153
"19" 11 0.749535383840947 0.895545265050852 0.802723527228927
"20" 12 0.75901967713448 0.91462263432935 0.815016811736663
"21" 13 0.767826374046948 0.932603166038078 0.826479012324244
"22" 14 0.776027882807511 0.949831799780233 0.837224184647487
"23" 15 0.783603904676462 0.966358263513866 0.847343886350045
"24" 16 0.790697673822286 0.982208444320909 0.856912790644667
"25" 17 0.797373320329092 0.997392286553098 0.865992641499161
"26" 18 0.803751250961116 1.01209447053766 0.874635107772772
"27" 19 0.809787391488217 1.02627216073795 0.882883886139512
"28" 20 0.815519408849098 1.03995465481743 0.890776279131373
"29" 21 0.820951223254718 1.05318212444032 0.898344398664863
"30" 22 0.826128223032384 1.06592247409301 0.905616097311382
"31" 23 0.831113019391756 1.07855275553555 0.912615698322853
"32" 24 0.835876851177948 1.0907649368159 0.919364574654225
"33" 25 0.840459464159408 1.10270721165573 0.925881613133237
"34" 26 0.844798833004548 1.1144153864632 0.93218359018895
"35" 27 0.849037123373185 1.1256462193437 0.938285478705298
"36" 28 0.853104072026273 1.13664304039487 0.944200700680299
"37" 29 0.857027333330393 1.14740132056702 0.949941336835091
"38" 30 0.860868267190617 1.15802211976246 0.955518301723893
"39" 31 0.864548843984491 1.16835522520185 0.960941490971831
"40" 32 0.868161579930868 1.17852881783857 0.966219905823892
"41" 33 0.871625498054453 1.188504699133 0.971361759094039
"42" 34 0.875006338955794 1.19811001656898 0.976374565766142
"43" 35 0.878288147542422 1.20769960168274 0.981265220851852
"44" 36 0.881423451077632 1.21713936675598 0.986040066607211
"45" 37 0.884472912019808 1.22651265540084 0.990704950814929
"46" 38 0.887455729909293 1.23559736489479 0.995265277527034
"47" 39 0.890390926378034 1.24464412339841 0.999726051414307
"48" 40 0.893227093795651 1.25338045620749 1.00409191666982
"49" 41 0.896036329326365 1.2619894985302 1.00836719125364
"50" 42 0.89875954494194 1.27068009009797 1.01255589713563
"51" 43 0.901433775666226 1.27899971950193 1.01666178708747
"52" 44 0.903982864429412 1.28718561718533 1.020688368488
"53" 45 0.906526738053753 1.29522799658686 1.02463892453472
"54" 46 0.908997664157349 1.30329226931892 1.02851653319488
"55" 47 0.911421014847778 1.31111326514893 1.03232408418068
"56" 48 0.913794077251717 1.31895547556564 1.0360642941918
"57" 49 0.916120256884844 1.32654026777736 1.03973972063444
"58" 50 0.918411034990158 1.33419951315041 1.04335277399675
"59" 51 0.920620181121301 1.34186038633221 1.04690572903634
"60" 52 0.922830923050969 1.34915006667409 1.05040073491485
"61" 53 0.92499670946065 1.35650270807123 1.0538398243968
"62" 54 0.927087652761814 1.36374288351572 1.05722492221506
"63" 55 0.929161266015173 1.37087580247811 1.0605578526924
"64" 56 0.93117554694443 1.37805354818629 1.06384034669743
"65" 57 0.933191194600186 1.38509541834016 1.06707404800393
"66" 58 0.935118321474487 1.39204568319237 1.07026051911416
"67" 59 0.937086554332008 1.39892691867367 1.07340124659981
"68" 60 0.938949906667928 1.4055355382012 1.0764976460079
"69" 61 0.940827509929472 1.41223566875213 1.07955106637376
"70" 62 0.942645074339827 1.41905408795005 1.08256279437848
"71" 63 0.94448355161639 1.42583112518022 1.08553405818392
"72" 64 0.946242229971613 1.43249266864178 1.08846603097518
"73" 65 0.948013572403768 1.43907803582787 1.09135983423691
"74" 66 0.949746684589714 1.44548443193771 1.09421654078729
"75" 67 0.951426625483191 1.45197933144322 1.09703717759091
"76" 68 0.953124116806556 1.45833923722975 1.0998227283698
"77" 69 0.954809423404646 1.46461612463776 1.10257413602974
"78" 70 0.956437679629871 1.47071147932681 1.10529230491748
"79" 71 0.958052639271491 1.4768110707435 1.10797810292281
"80" 72 0.959659409271125 1.48292972938117 1.1106323634382
"81" 73 0.961235111156639 1.48883429160688 1.11325588718751
"82" 74 0.962819270612236 1.49488211436898 1.11584944393417
"83" 75 0.964358114884633 1.50087053028475 1.11841377407829
"84" 76 0.965896522987298 1.50674758243764 1.12094959015123
"85" 77 0.967385315005804 1.51249380211536 1.12345757821567
"86" 78 0.968837611137717 1.51824708999545 1.12593839917799
"87" 79 0.970268696498198 1.52408790441759 1.12839269001984
"88" 80 0.971685782181215 1.52976721154448 1.13082106495454
"89" 81 0.973128904244768 1.53538468598846 1.13322411651396
"90" 82 0.974536686883448 1.54098998337546 1.13560241657079
"91" 83 0.975922324564939 1.54662921267382 1.13795651730078
"92" 84 0.977299668998294 1.55220545868519 1.1402869520892
"93" 85 0.978628001573153 1.55761194645494 1.14259423638526
"94" 86 0.979951831081487 1.56298976234268 1.14487886850824
"95" 87 0.981313647949849 1.56822134548224 1.14714133040837
"96" 88 0.982582312217957 1.57329175268159 1.14938208838568
"97" 89 0.983833723173247 1.57854063395092 1.15160159376945
"98" 90 0.985091956177993 1.58387446788145 1.15380028356093
"99" 91 0.986318252438247 1.58919724258717 1.15597858104161
"100" 92 0.987526973607605 1.59439732659248 1.15813689634941
"101" 93 0.988758386369161 1.59968919452505 1.16027562702453
"102" 94 0.989960043681085 1.60476119140208 1.16239515852718
"103" 95 0.991168521939531 1.60976559786056 1.16449586472871
"104" 96 0.992366839914958 1.61489243226332 1.16657810837781
"105" 97 0.993538299938611 1.61988106909729 1.16864224154337
"106" 98 0.994721272350229 1.62484569814575 1.17068860603531
"107" 99 0.99591006200041 1.62993103808029 1.17271753380471
"108" 100 0.997074490335261 1.63494252792018 1.1747293473245
"109" 101 0.998222058555112 1.63973217928694 1.17672435995178
"110" 102 0.999362640809742 1.64459359043474 1.17870287627286
"111" 103 1.00045658428046 1.64940141801656 1.18066519243198
"112" 104 1.00152782424742 1.65418985216968 1.18261159644472
"113" 105 1.00260754148677 1.6590849018722 1.18454236849674
"114" 106 1.00365998146716 1.66398237734603 1.186457781229
"115" 107 1.00471145292244 1.66879141342955 1.18835810000986
"116" 108 1.00575618298887 1.67357858071854 1.19024358319498
"117" 109 1.00677423193241 1.67842623643297 1.19211448237561
"118" 110 1.00781695308905 1.68308527775687 1.19397104261594
"119" 111 1.00883119824884 1.68783663572486 1.19581350267997
"120" 112 1.0098441089437 1.6924759975178 1.1976420952486
"121" 113 1.01084789449554 1.69710873985355 1.19945704712734
"122" 114 1.01184365106546 1.70159797505656 1.20125857944516
"123" 115 1.01284098902812 1.70630583176589 1.20304690784493
"124" 116 1.01387348010747 1.71074385520491 1.20482224266593
"125" 117 1.01481323403462 1.71512758694116 1.20658478911865
"126" 118 1.01578010647237 1.71936352143004 1.20833474745253
"127" 119 1.01674637916426 1.72362274086358 1.21007231311674
"128" 120 1.01767690746337 1.72795801539856 1.21179767691452
"129" 121 1.01862695448562 1.73259089014173 1.21351102515122
"130" 122 1.01959009885669 1.73692878249432 1.21521253977658
"131" 123 1.02050197822586 1.74128350777777 1.21690239852126
"132" 124 1.02142229528924 1.74568310684974 1.21858077502808
"133" 125 1.02234106577193 1.74990916073262 1.22024783897814
"134" 126 1.02324262881235 1.7541144732224 1.22190375621208
"135" 127 1.02412458363191 1.75831899947349 1.22354868884668
"136" 128 1.02500422602364 1.76253768559521 1.22518279538709
"137" 129 1.02588357957488 1.76669756321109 1.22680623083473
"138" 130 1.02680906574082 1.77092214919768 1.22841914679127
"139" 131 1.02766553467239 1.77513847006175 1.23002169155864
"140" 132 1.02850288032395 1.77925702356288 1.23161401023548
"141" 133 1.02936640564854 1.78330469646378 1.23319624480993
"142" 134 1.03020268286572 1.78751798120521 1.23476853424919
"143" 135 1.03105259258884 1.79158035230612 1.23633101458572
"144" 136 1.03190705469569 1.79557712841685 1.23788381900053
"145" 137 1.03276869673009 1.79954917275097 1.23942707790329
"146" 138 1.03357134724737 1.80354139120957 1.24096091900987
"147" 139 1.03437626648759 1.80752251696471 1.24248546741695
"148" 140 1.03515373801404 1.81140767338767 1.24400084567419
"149" 141 1.03596564948127 1.81530276863935 1.24550717385384
"150" 142 1.0367363172376 1.81926366416409 1.24700456961798
"151" 143 1.03751214029299 1.82330981025895 1.24849314828351
"152" 144 1.03832910082274 1.82714592031172 1.24997302288487
"153" 145 1.03909738569997 1.83105821045803 1.25144430423478
"154" 146 1.03987441026425 1.83495001131757 1.25290710098281
"155" 147 1.04065096953159 1.83889034837359 1.25436151967214
"156" 148 1.04137738329697 1.84281140808683 1.25580766479441
"157" 149 1.04216099735485 1.84665093837135 1.25724563884275
"158" 150 1.04289933932397 1.85044050234542 1.25867554236315
"159" 151 1.04366836685779 1.85425311884724 1.26009747400414
"160" 152 1.04443121158839 1.85799455730011 1.26151153056489
"161" 153 1.04518477060337 1.8616828110053 1.26291780704179
"162" 154 1.04592560057608 1.86551439126379 1.26431639667356
"163" 155 1.04666119536834 1.86912051117421 1.26570739098494
"164" 156 1.04737164223408 1.87289735217418 1.26709087982904
"165" 157 1.04810421649214 1.87660924757436 1.2684669514283
"166" 158 1.04882296019097 1.88039095865104 1.26983569241437
"167" 159 1.04956843106473 1.88413119034913 1.27119718786653
"168" 160 1.05026185054444 1.88778760234804 1.27255152134915
"169" 161 1.05095090223706 1.89159078052085 1.27389877494793
"170" 162 1.05164972078948 1.89522466057791 1.27523902930503
"171" 163 1.0523372932921 1.89882466104331 1.27657236365321
"172" 164 1.05300762729337 1.90237000527312 1.27789885584896
"173" 165 1.05372706170262 1.90585915261898 1.27921858240458
"174" 166 1.05439324276664 1.90937026565727 1.28053161851941
"175" 167 1.05507980931383 1.91274371685058 1.28183803811009
"176" 168 1.05576233268542 1.91634482331718 1.28313791384002
"177" 169 1.05644262033574 1.91988672264158 1.28443131714785
"178" 170 1.05711349538908 1.92337785144849 1.2857183182753
"179" 171 1.05776787526664 1.9268260154089 1.28699898629406
"180" 172 1.05843754585442 1.93026393306559 1.28827338913205
"181" 173 1.05909468287829 1.93366420347122 1.28954159359883
"182" 174 1.05971345603351 1.9371957998953 1.29080366541041
"183" 175 1.06037583241519 1.94083427346801 1.29205966921325
"184" 176 1.06101258883664 1.94428284885059 1.29330966860772
"185" 177 1.06164069279918 1.94771970717355 1.29455372617085
"186" 178 1.06232071939971 1.95123768810419 1.29579190347846
"187" 179 1.06296362694231 1.95467670250943 1.2970242611267
"188" 180 1.06361375464467 1.95800047353689 1.29825085875303
"189" 181 1.06426310755659 1.96138775523018 1.29947175505656
"190" 182 1.0649021595196 1.96482917525353 1.30068700781802
"191" 183 1.06551618164288 1.96816578139043 1.30189667391894
"192" 184 1.06615274014291 1.97161948582916 1.30310080936058
"193" 185 1.06677125887953 1.97487886842426 1.30429946928221
"194" 186 1.06740327524799 1.97826585592026 1.30549270797895
"195" 187 1.06800364893812 1.98168502786379 1.30668057891918
"196" 188 1.06862293606244 1.98510021208759 1.30786313476142
"197" 189 1.06922746286866 1.98839009428014 1.30904042737091
"198" 190 1.06984536998731 1.99157414073779 1.3102125078356
"199" 191 1.07045022111661 1.99488394799399 1.31137942648189
"200" 192 1.07105472208547 1.99809392766415 1.31254123288984
"201" 193 1.07164988737281 2.00136863886902 1.31369797590811
"202" 194 1.07222013692568 2.00453505579144 1.31484970366845
"203" 195 1.0728177252598 2.00772823389643 1.31599646359987
"204" 196 1.07339885478343 2.01095830210263 1.31713830244243
"205" 197 1.07399927435743 2.01414128712022 1.31827526626069
"206" 198 1.07458180982438 2.01743298942035 1.3194074004569
"207" 199 1.07514445168103 2.02066469634283 1.32053474978374
"208" 200 1.07570109230827 2.02387848728547 1.32165735835688
"209" 201 1.07625965842144 2.02712904543454 1.32277526966715
"210" 202 1.07681266558423 2.03029592543708 1.32388852659248
"211" 203 1.07736675716834 2.03350562918057 1.32499717140947
"212" 204 1.07792862220315 2.03664358215267 1.3261012458048
"213" 205 1.07848634889013 2.03959580360435 1.32720079088626
"214" 206 1.07906334460423 2.04276142444836 1.32829584719357
"215" 207 1.07961262845349 2.04591454562452 1.329386454709
"216" 208 1.08016793292691 2.04900614794691 1.33047265286761
"217" 209 1.08072210960844 2.0521157792594 1.33155448056739
"218" 210 1.08126694257957 2.05518583952177 1.33263197617903
"219" 211 1.08182233225966 2.05819392047432 1.33370517755565
"220" 212 1.08234100950944 2.06133387000671 1.33477412204209
"221" 213 1.08290712578852 2.06436466016403 1.33583884648418
"222" 214 1.08343964466876 2.0675531742118 1.33689938723761
"223" 215 1.08397320097937 2.07047430258369 1.33795578017684
"224" 216 1.08451877148427 2.0734469273693 1.33900806070357
"225" 217 1.085030043262 2.07642847539236 1.34005626375515
"226" 218 1.08554187827929 2.07937389494005 1.34110042381283
"227" 219 1.08604936498735 2.08249920850126 1.3421405749097
"228" 220 1.08655314473914 2.08555137912439 1.34317675063857
"229" 221 1.08703924077837 2.0885955388083 1.34420898415963
"230" 222 1.0875478717645 2.09160962231566 1.34523730820798
"231" 223 1.08805550552842 2.0947553081398 1.34626175510091
"232" 224 1.0885640243578 2.09764967898914 1.34728235674511
"233" 225 1.08905164785808 2.10060019780664 1.34829914464371
"234" 226 1.08955876018533 2.10361024005327 1.34931214990311
"235" 227 1.09006702432283 2.10656137087411 1.35032140323975
"236" 228 1.09058327768896 2.10946138388608 1.35132693498665
"237" 229 1.09109423517216 2.11253060541248 1.35232877509989
"238" 230 1.0915888921574 2.1155176296825 1.3533269531649
"239" 231 1.09209196169257 2.11837447617877 1.35432149840263
"240" 232 1.09260484525039 2.12122158140371 1.35531243967561
"241" 233 1.09309042230749 2.12399007136496 1.35629980549385
"242" 234 1.09358686162047 2.1268700947359 1.35728362402066
"243" 235 1.09405347878777 2.12994426774116 1.35826392307832
"244" 236 1.09452007146736 2.1328303373619 1.35924073015362
"245" 237 1.09499902057023 2.13581864519048 1.36021407240334
"246" 238 1.09547965211085 2.13860631508937 1.36118397665956
"247" 239 1.09596264557886 2.14155966044209 1.36215046943491
"248" 240 1.09643903440273 2.14439308917543 1.36311357692765
"249" 241 1.09689548429809 2.1473202149031 1.36407332502676
"250" 242 1.09738377570331 2.15014006009974 1.36502973931679
"251" 243 1.09785211327055 2.1530412446622 1.36598284508271
"252" 244 1.09833003870915 2.15603101456994 1.36693266731464
"253" 245 1.09878636877206 2.15900489379771 1.36787923071247
"254" 246 1.09925420093808 2.16182406294955 1.36882255969038
"255" 247 1.09971389041465 2.16462425731938 1.36976267838133
"256" 248 1.10018908305685 2.16740945563385 1.37069961064142
"257" 249 1.10064317661639 2.17010478002005 1.37163338005413
"258" 250 1.10110010743149 2.17283678978114 1.37256400993455
"259" 251 1.10154566831318 2.17563829504379 1.37349152333348
"260" 252 1.1020178056806 2.17838942222993 1.37441594304145
"261" 253 1.1024716563667 2.18117653902909 1.37533729159273
"262" 254 1.10292891887899 2.18382273283338 1.37625559126916
"263" 255 1.10338306599537 2.18644396347259 1.37717086410397
"264" 256 1.1038446616599 2.18909499086623 1.37808313188554
"265" 257 1.10430975085509 2.1918240636256 1.37899241616103
"266" 258 1.10475660441094 2.19448440871575 1.37989873824
"267" 259 1.10518050136055 2.19728599108409 1.38080211919795
"268" 260 1.105625678298 2.19992417628717 1.38170257987975
"269" 261 1.10606867654703 2.20278421803095 1.38260014090307
"270" 262 1.10651447342185 2.20556283706809 1.38349482266167
"271" 263 1.10695373805845 2.20832871515682 1.38438664532878
"272" 264 1.10740698802453 2.21095661109276 1.38527562886015
"273" 265 1.10783890482386 2.21377037844114 1.38616179299739
"274" 266 1.10826585121603 2.21643704170456 1.38704515727091
"275" 267 1.10868433002686 2.21905120463587 1.38792574100305
"276" 268 1.10912467594414 2.22172196971085 1.38880356331108
"277" 269 1.10954350620626 2.22431121326146 1.38967864311004
"278" 270 1.1099694799765 2.22696562008957 1.39055099911573
"279" 271 1.11039889805658 2.22958308545089 1.39142064984745
"280" 272 1.11082189897051 2.2322459573643 1.39228761363086
"281" 273 1.11122892811292 2.23492636819839 1.39315190860063
"282" 274 1.11163545647923 2.23743722697574 1.39401355270317
"283" 275 1.11203916238175 2.24004508991623 1.39487256369924
"284" 276 1.11244926674982 2.24259616318103 1.39572895916659
"285" 277 1.11284380908719 2.24522873530994 1.3965827565024
"286" 278 1.11324432554277 2.2478223837389 1.3974339729259
"287" 279 1.11364844946573 2.25043307098443 1.39828262548071
"288" 280 1.11405075646466 2.253089982178 1.39912873103732
"289" 281 1.11447289912807 2.25577926572011 1.39997230629546
"290" 282 1.11488891868283 2.25830033954579 1.40081336778641
"291" 283 1.11528377520096 2.2608483687131 1.40165193187528
"292" 284 1.11569630566434 2.2633961465186 1.40248801476327
"293" 285 1.11610979951625 2.26592077658268 1.40332163248991
"294" 286 1.11649979179699 2.26849426951952 1.4041528009352
"295" 287 1.11689050983922 2.27102462480408 1.40498153582174
"296" 288 1.1172672848424 2.27358451797486 1.40580785271687
"297" 289 1.11767793936634 2.27627811824441 1.40663176703472
"298" 290 1.11807189433763 2.2788982232965 1.40745329403822
"299" 291 1.11846735755741 2.2814674160395 1.40827244884113
"300" 292 1.11885249797429 2.28405144143814 1.40908924641001
"301" 293 1.11925171113192 2.28654847263232 1.40990370156608
"302" 294 1.11963230172526 2.28910678648806 1.41071582898725
"303" 295 1.1200312436626 2.2916181240105 1.41152564320984
"304" 296 1.12043153558264 2.29420165588894 1.41233315863055
"305" 297 1.12082370145048 2.29663180423695 1.41313838950819
"306" 298 1.1211970566642 2.29915013821896 1.41394134996549
"307" 299 1.12158582220563 2.30166601115174 1.41474205399082
"308" 300 1.12195499641406 2.30412769389731 1.41554051543996
"309" 301 1.12229306139732 2.30666038663175 1.41633674803776
"310" 302 1.12267227456997 2.30913158051836 1.41713076537983
"311" 303 1.12304176983494 2.31162503411892 1.41792258093413
"312" 304 1.12339753269865 2.31414186974833 1.41871220804266
"313" 305 1.12377571034291 2.31647137007015 1.419499659923
"314" 306 1.12414495672994 2.31889013403567 1.42028494966987
"315" 307 1.12452593672372 2.32134177914137 1.4210680902567
"316" 308 1.12488573553146 2.32383095147329 1.42184909453711
"317" 309 1.12523530870596 2.32619463999814 1.42262797524644
"318" 310 1.12559085660659 2.32856536357177 1.42340474500319
"319" 311 1.12595868883921 2.33100138212034 1.42417941631045
"320" 312 1.12631144561965 2.33327441686328 1.42495200155738
"321" 313 1.12667909726265 2.33564398009544 1.42572251302053
"322" 314 1.12704609690037 2.33810542852135 1.42649096286531
"323" 315 1.12741897162208 2.34051969855019 1.42725736314725
"324" 316 1.1277748385453 2.34285685027311 1.42802172581342
"325" 317 1.12815509426535 2.34524239826586 1.42878406270371
"326" 318 1.12850163950106 2.34758230384602 1.42954438555213
"327" 319 1.12884533021571 2.34999395559202 1.43030270598806
"328" 320 1.12919776890943 2.35254201358459 1.43105903553756
"329" 321 1.12957647649132 2.35483623100688 1.43181338562456
"330" 322 1.12993002124064 2.35730203165869 1.43256576757213
"331" 323 1.13028488070206 2.35957431271571 1.43331619260361
"332" 324 1.13064205924276 2.36188167667975 1.43406467184386
"333" 325 1.13100735518837 2.36416777938761 1.43481121632039
"334" 326 1.1313695524792 2.36639503151047 1.43555583696453
"335" 327 1.13170559795645 2.36859265703157 1.43629854461253
"336" 328 1.13207376001932 2.37097617637537 1.43703935000673
"337" 329 1.13240416443106 2.37337355983956 1.43777826379657
"338" 330 1.13274850849659 2.37565077690666 1.43851529653974
"339" 331 1.13309679282945 2.37801051474554 1.43925045870328
"340" 332 1.13342390117651 2.38023419967658 1.4399837606645
"341" 333 1.13374983076066 2.38265979056888 1.44071521271215
"342" 334 1.13408225665711 2.38496139821323 1.44144482504738
"343" 335 1.13445148081689 2.38702954013602 1.44217260778471
"344" 336 1.13479922932792 2.38928769427937 1.44289857095313
"345" 337 1.13513541034605 2.39153820697721 1.44362272449695
"346" 338 1.13544084812651 2.39386131423561 1.44434507827684
"347" 339 1.13578415820143 2.39617436057428 1.44506564207078
"348" 340 1.13611887983577 2.39834215400815 1.44578442557494
"349" 341 1.13644612616831 2.4005021219972 1.44650143840466
"350" 342 1.13679390306967 2.40283195356982 1.44721669009535
"351" 343 1.13714008026849 2.40516207685791 1.44793019010333
"352" 344 1.13748479847375 2.40748670750488 1.44864194780679
"353" 345 1.13781031815469 2.4097116579063 1.44935197250664
"354" 346 1.13814464677322 2.41205403066797 1.45006027342732
"355" 347 1.13848669936317 2.41443521151325 1.4507668597177
"356" 348 1.1388347996245 2.41677412387767 1.4514717404519
"357" 349 1.1391454229797 2.41905307174928 1.45217492463011
"358" 350 1.13946648116037 2.42136922450017 1.45287642117941
"359" 351 1.13978472321933 2.42369758589569 1.45357623895456
"360" 352 1.140110749415 2.42593558202744 1.45427438673879
"361" 353 1.14043833498322 2.42819989476203 1.45497087324461
"362" 354 1.14076702966102 2.43051622023393 1.45566570711449
"363" 355 1.14110033694704 2.43274012957147 1.45635889692177
"364" 356 1.14144412721686 2.43500422861909 1.45705045117125
"365" 357 1.1417690981469 2.43725663993311 1.45774037830002
"366" 358 1.14207423349466 2.43947946531049 1.45842868667817
"367" 359 1.14239808032154 2.44167306963238 1.45911538460947
"368" 360 1.14270796028922 2.44384015297248 1.45980048033214
"369" 361 1.14302088831133 2.44594010821143 1.46048398201951
"370" 362 1.14333450330237 2.4482413588971 1.46116589778072
"371" 363 1.14365227267076 2.45025747144613 1.46184623566138
"372" 364 1.14395416977584 2.45238826590151 1.46252500364426
"373" 365 1.14427582380593 2.4546007648191 1.46320220964996
"374" 366 1.14459699462645 2.45684219061221 1.46387786153756
"375" 367 1.144897769659 2.45900144005844 1.46455196710523
"376" 368 1.1451915044508 2.4611304348043 1.46522453409092
"377" 369 1.14549014618446 2.46334161213624 1.46589557017292
"378" 370 1.14579953201405 2.46555538024489 1.46656508297058
"379" 371 1.14612346037391 2.46775143944102 1.46723308004482
"380" 372 1.14642990367248 2.46988932327887 1.46789956889877
"381" 373 1.14672623090168 2.47201578567074 1.46856455697841
"382" 374 1.14702420182875 2.47417014674292 1.46922805167306
"383" 375 1.14732188615834 2.47623986837296 1.46989006031607
"384" 376 1.14764362236799 2.47834787218805 1.47055059018533
"385" 377 1.14796122187833 2.48052988333417 1.47120964850383
"386" 378 1.14825776341544 2.48278338268262 1.47186724244024
"387" 379 1.14855400982519 2.48486694621567 1.47252337910949
"388" 380 1.14886521272464 2.48696744577991 1.4731780655732
"389" 381 1.14917932314859 2.48885392829434 1.4738313088404
"390" 382 1.14947929903461 2.49107355906071 1.47448311586788
"391" 383 1.14976509203819 2.49321399740927 1.47513349356083
"392" 384 1.15006301550629 2.49539641468202 1.47578244877329
"393" 385 1.15036185366495 2.49760729371003 1.47642998830872
"394" 386 1.15066057995056 2.49980363492049 1.47707611892044
"395" 387 1.15095170336093 2.50175194014423 1.47772084731221
"396" 388 1.15124061695455 2.50385287228593 1.4783641801386
"397" 389 1.15153117424908 2.50602501145524 1.47900612400563
"398" 390 1.1518130809556 2.50804642847903 1.47964668547108
"399" 391 1.15211151102262 2.5102012875289 1.48028587104513
"400" 392 1.15240018969145 2.51236905049794 1.4809236871907
"401" 393 1.15269041657715 2.51450766004796 1.48156014032396
"402" 394 1.15298507413257 2.51661685125635 1.48219523681483
"403" 395 1.15326276268216 2.51875048890758 1.48282898298731
"404" 396 1.15356285782406 2.52083996927963 1.48346138512008
"405" 397 1.15386699691513 2.52280873925682 1.48409244944682
"406" 398 1.15413359795877 2.52489326934892 1.48472218215669
"407" 399 1.15441674196049 2.5268672333753 1.48535058939475
"408" 400 1.15469490400322 2.52895522428717 1.48597767726241
"409" 401 1.15498922313302 2.53106714149305 1.4866034518178
"410" 402 1.15526529354807 2.53311074796618 1.48722791907622
"411" 403 1.15555998872376 2.53505823138551 1.48785108501054
"412" 404 1.1558412522388 2.53697847898465 1.48847295555162
"413" 405 1.15611573391728 2.5389237379722 1.48909353658866
"414" 406 1.15640978024747 2.54088563893098 1.48971283396964
"415" 407 1.15669647404587 2.54298562345467 1.49033085350169
"416" 408 1.15697610171488 2.54497974570563 1.49094760095152
"417" 409 1.1572410563932 2.54698283707326 1.49156308204569
"418" 410 1.15750791487638 2.549079637463 1.49217730247109
"419" 411 1.15777536725211 2.55099063487426 1.49279026787532
"420" 412 1.15804319586911 2.55285637195552 1.49340198386694
"421" 413 1.15832884998569 2.55499938918255 1.49401245601594
"422" 414 1.1586132252138 2.55714675378268 1.49462168985408
"423" 415 1.15890934047178 2.55919063824525 1.49522969087522
"424" 416 1.15917074138085 2.56117003706462 1.49583646453567
"425" 417 1.15944019931684 2.56308717391425 1.49644201625454
"426" 418 1.15971783631337 2.56508424491683 1.49704635141412
"427" 419 1.15997800194024 2.56705341884629 1.49764947536018
"428" 420 1.16025372943679 2.56919085047806 1.49825139340225
"429" 421 1.16052278380918 2.57116073868325 1.4988521108141
"430" 422 1.16079382220619 2.57306230271735 1.4994516328339
"431" 423 1.16106362207406 2.57506725200343 1.50004996466469
"432" 424 1.16133108762552 2.5770149291383 1.50064711147458
"433" 425 1.16160135904108 2.579061419308 1.5012430783971
"434" 426 1.16186554307486 2.58100461787493 1.5018378705316
"435" 427 1.16213176454797 2.58275707765639 1.50243149294342
"436" 428 1.16240730495267 2.58473020169291 1.50302395066427
"437" 429 1.1626817352033 2.58673753884077 1.50361524869253
"438" 430 1.16294474221823 2.58875360686302 1.50420539199356
"439" 431 1.16320129353413 2.5907688769559 1.50479438549992
"440" 432 1.16345511235472 2.59280474057932 1.50538223411178
"441" 433 1.16372549792955 2.59481151202264 1.50596894269709
"442" 434 1.16400143050902 2.59684246771696 1.50655451609195
"443" 435 1.16427700056965 2.59880735059066 1.50713895910084
"444" 436 1.16455597794919 2.60083269014822 1.50772227649693
"445" 437 1.16482243430664 2.6028252513166 1.50830447302234
"446" 438 1.16509644159738 2.60477020740739 1.50888555338841
"447" 439 1.1653719406543 2.60674477999184 1.509465522276
"448" 440 1.16564719653275 2.60872551986974 1.51004438433572
"449" 441 1.16591540603025 2.61072966809953 1.51062214418818
"450" 442 1.16617955476851 2.61264174110585 1.5111988064243
"451" 443 1.16643248483952 2.61468741748233 1.51177437560555
"452" 444 1.16668371851702 2.61662562846284 1.51234885626418
"453" 445 1.16692458658468 2.61863480574628 1.51292225290352
"454" 446 1.16718529244747 2.6205258546254 1.51349456999818
"455" 447 1.16746016889841 2.62248532330771 1.5140658119943
"456" 448 1.16770836640352 2.62453625449907 1.51463598330985
"457" 449 1.16795119382236 2.62641819822417 1.51520508833482
"458" 450 1.1682118127567 2.62833954621916 1.51577313143146
"459" 451 1.16846230513585 2.63023934506611 1.51634011693454
"460" 452 1.16870832576771 2.63211721626317 1.51690604915156
"461" 453 1.16894751625607 2.63403688180038 1.51747093236303
"462" 454 1.16921871310805 2.63590226060157 1.51803477082258
"463" 455 1.16947826527539 2.63783954178144 1.51859756875738
"464" 456 1.16974260931324 2.63956950834887 1.51915933036817
"465" 457 1.16999237861333 2.64153272206311 1.5197200598296
"466" 458 1.17024729661892 2.64347475091808 1.5202797612904
"467" 459 1.17049382695693 2.64542177231149 1.52083843887359
"468" 460 1.17074178730892 2.64737239450598 1.52139609667678
"469" 461 1.17098170275798 2.6493182198983 1.52195273877224
"470" 462 1.1712339169661 2.65126579203794 1.52250836920725
"471" 463 1.17147192288788 2.65319566795928 1.52306299200422
"472" 464 1.17172867833829 2.65515086548079 1.5236166111609
"473" 465 1.1720066757433 2.65714472675861 1.52416923065065
"474" 466 1.17225513846606 2.65902321242484 1.52472085442256
"475" 467 1.17250349762206 2.66094011930242 1.5252714864017
"476" 468 1.17272286560783 2.66268781857254 1.52582113048929
"477" 469 1.17295686141845 2.66451810907221 1.52636979056294
"478" 470 1.17318446440762 2.66643255561166 1.52691747047678
"479" 471 1.17344897297933 2.66829862751456 1.5274641740617
"480" 472 1.17370616166964 2.67008780443151 1.52800990512553
"481" 473 1.17393913346742 2.67180470069186 1.52855466745317
"482" 474 1.17418294249753 2.6736469656858 1.52909846480692
"483" 475 1.17441936160612 2.67538775205687 1.52964130092647
"484" 476 1.1746647929084 2.67719434889738 1.53018317952925
"485" 477 1.17492241321841 2.67895625345336 1.5307241043105
"486" 478 1.17518971714913 2.68087140500646 1.53126407894352
"487" 479 1.17541865802952 2.68270805368888 1.53180310707978
"488" 480 1.17565350071371 2.68453999160823 1.53234119234917
"489" 481 1.17588755451346 2.68636807349503 1.5328783383601
"490" 482 1.17609720761092 2.68819050396332 1.53341454869972
"491" 483 1.17632308052549 2.68999313964643 1.53394982693406
"492" 484 1.17657200126743 2.69178203808948 1.53448417660824
"493" 485 1.17680599839879 2.69365343125848 1.53501760124657
"494" 486 1.17702279083579 2.69552687603959 1.53555010435276
"495" 487 1.1772580964427 2.69743937425569 1.5360816894101
"496" 488 1.17746287089023 2.69937149669496 1.53661235988155
"497" 489 1.17769418305682 2.70105816053712 1.53714211920999
"498" 490 1.17791792782365 2.70271418243665 1.53767097081831
"499" 491 1.17814165186467 2.70452196366308 1.53819891810956
"500" 492 1.17839432739893 2.7063242404784 1.53872596446719
"501" 493 1.17862215644586 2.70813477279153 1.5392521132551
"502" 494 1.17885438590115 2.71000313567776 1.53977736781787
"503" 495 1.17912601378194 2.71184822904768 1.54030173148083
"504" 496 1.17936879547981 2.7136897435199 1.54082520755033
"505" 497 1.17959504245461 2.71551037420251 1.54134779931373
"506" 498 1.17980861665074 2.7173865423492 1.5418695100397
"507" 499 1.18005489431933 2.71918646058393 1.54239034297827
"508" 500 1.1802771137798 2.72091225159925 1.54291030136098
"509" 501 1.18049994622714 2.72273641075687 1.54342938840105
"510" 502 1.18074389599154 2.72455151317564 1.54394760729352
"511" 503 1.18096749369929 2.72620744808285 1.54446496121537
"512" 504 1.1811869952975 2.72793895250356 1.54498145332567
"513" 505 1.18139815773828 2.72972662011241 1.5454970867657
"514" 506 1.18160521672099 2.73150245455174 1.54601186465912
"515" 507 1.18182464306211 2.73343313888467 1.54652579011206
"516" 508 1.1820360215417 2.73516754202383 1.54703886621328
"517" 509 1.18225713739121 2.73694673405647 1.54755109603432
"518" 510 1.18248087396323 2.73877295837066 1.54806248262954
"519" 511 1.18268417589199 2.74051117171061 1.54857302903639
"520" 512 1.18290504579981 2.74218735147389 1.54908273827543
"521" 513 1.18313576606544 2.74392552246278 1.54959161335046
"522" 514 1.18335740425013 2.74557507081839 1.5500996572487
"523" 515 1.18356814033276 2.74734163294136 1.55060687294089
"524" 516 1.18378788447787 2.74900534674306 1.5511132633814
"525" 517 1.18402324170454 2.75084437167893 1.55161883150838
"526" 518 1.18424405413272 2.7525833440751 1.5521235802438
"527" 519 1.18448646832016 2.75422658358924 1.55262751249371
"528" 520 1.18471456677366 2.75603382153917 1.55313063114822
"529" 521 1.18494829136121 2.75775151434407 1.55363293908172
"530" 522 1.18517014998556 2.75943751845407 1.55413443915291
"531" 523 1.18540151243366 2.76119598705227 1.55463513420499
"532" 524 1.18561263271282 2.76289575675845 1.55513502706575
"533" 525 1.18582954839725 2.76460597104611 1.5556341205476
"534" 526 1.18605137078519 2.76630671736376 1.55613241744783
"535" 527 1.18626627841259 2.76804952304683 1.55662992054865
"536" 528 1.18649191616391 2.7697402594683 1.55712663261725
"537" 529 1.1866929760892 2.77143521159514 1.55762255640595
"538" 530 1.18692192918595 2.77319814373079 1.55811769465238
"539" 531 1.18712876943651 2.77488818681137 1.55861205007945
"540" 532 1.18734466652313 2.77669083479386 1.55910562539557
"541" 533 1.18756786016051 2.77834906870371 1.55959842329469
"542" 534 1.18779939022669 2.78001018122258 1.56009044645639
"543" 535 1.18801845918321 2.78169964448929 1.5605816975461
"544" 536 1.18824326105264 2.78335372726179 1.56107217921507
"545" 537 1.18845836609591 2.78507958240168 1.56156189410048
"546" 538 1.18865057347 2.78673330528137 1.56205084482568
"547" 539 1.18886814612618 2.78840092575157 1.5625390340001
"548" 540 1.1890884253977 2.7901475079886 1.56302646421947
"549" 541 1.18930691665346 2.79184887844981 1.56351313806589
"550" 542 1.18951338638534 2.79355668377767 1.56399905810793
"551" 543 1.18971544375205 2.795213908933 1.56448422690069
"552" 544 1.18990760889689 2.79693396354833 1.56496864698595
"553" 545 1.19012465646173 2.79865761081476 1.56545232089223
"554" 546 1.19034283724732 2.80031151683104 1.56593525113491
"555" 547 1.19055240783084 2.8020325998305 1.56641744021624
"556" 548 1.19075857838856 2.80361461487718 1.56689889062554
"557" 549 1.19096116358054 2.80543114669543 1.56737960483926
"558" 550 1.19116074710963 2.80706179810592 1.56785958532103
"559" 551 1.19136578586454 2.80863796353101 1.5683388345218
"560" 552 1.19158995468395 2.81019354758241 1.56881735487985
"561" 553 1.19179514161715 2.81183851579583 1.56929514882098
"562" 554 1.19200580306149 2.81352763365402 1.56977221875854
"563" 555 1.19220688483484 2.81537663398484 1.5702485670935
"564" 556 1.19240540653939 2.81714080489958 1.57072419621459
"565" 557 1.19260880969045 2.81874128014581 1.57119910849835
"566" 558 1.19280791938154 2.82034138384974 1.57167330630916
"567" 559 1.19302226484828 2.82203676839398 1.57214679199949
"568" 560 1.1932135608494 2.82378599200468 1.57261956790975
"569" 561 1.19341129123343 2.82542942278725 1.57309163636862
"570" 562 1.1936039205787 2.82710422549328 1.57356299969289
"571" 563 1.19382770552993 2.82877729771597 1.57403366018772
"572" 564 1.19405613354241 2.83041965103792 1.57450362014666
"573" 565 1.19425720177434 2.83212189839018 1.57497288185172
"574" 566 1.194446311223 2.83377886125481 1.57544144757342
"575" 567 1.19463877194924 2.83538289657308 1.57590931957096
"576" 568 1.19485475998581 2.83701123653852 1.57637650009215
"577" 569 1.19503050106624 2.83865212921421 1.57684299137367
"578" 570 1.19522492003245 2.8402899688776 1.577308795641
"579" 571 1.19539856835892 2.841977129934 1.57777391510855
"580" 572 1.19559909826726 2.84364442706211 1.57823835197974
"581" 573 1.19577378810427 2.84525241631514 1.57870210844706
"582" 574 1.19597367845986 2.84696750916414 1.57916518669212
"583" 575 1.19618048452844 2.84866973205987 1.57962758888579
"584" 576 1.19637668877506 2.8503641266529 1.58008931718821
"585" 577 1.19657485322486 2.85193895900343 1.58055037374887
"586" 578 1.19679185786761 2.85354288503491 1.58101076070676
"587" 579 1.19696805251865 2.85529886255551 1.58147048019027
"588" 580 1.19715914600554 2.85686481140528 1.58192953431742
"589" 581 1.19735177767181 2.85854568797513 1.58238792519589
"590" 582 1.19755092029672 2.86005846535521 1.58284565492303
"591" 583 1.19776098873199 2.86156380713201 1.58330272558598
"592" 584 1.19795956766629 2.86307118398307 1.58375913926176
"593" 585 1.19815662027568 2.86468264695056 1.58421489801722
"594" 586 1.19835415052965 2.86633558816145 1.58467000390929
"595" 587 1.19854994206001 2.86791228519739 1.58512445898486
"596" 588 1.19874840489169 2.86953737610533 1.58557826528095
"597" 589 1.19895165293059 2.87120634226716 1.5860314248248
"598" 590 1.19914487005706 2.87286270917052 1.58648393963382
"599" 591 1.19932910383265 2.87461374252627 1.5869358117158
"600" 592 1.19951353687948 2.87628628097067 1.58738704306879
"601" 593 1.19971831679946 2.87784379163033 1.58783763568133
"602" 594 1.1999104303916 2.87955246118789 1.58828759153246
"603" 595 1.20009703590565 2.88108559738909 1.58873691259173
"604" 596 1.20028338092321 2.88270442799338 1.58918560081934
"605" 597 1.20047177596369 2.88435509431897 1.58963365816613
"606" 598 1.20066111007095 2.88598523834909 1.59008108657366
"607" 599 1.20085044852628 2.88764219614229 1.59052788797434
"608" 600 1.20103542509247 2.88925994865494 1.59097406429136
"609" 601 1.20123323570116 2.89085448942518 1.59141961743885
"610" 602 1.20141846503412 2.89244991292846 1.59186454932192
"611" 603 1.20160924206886 2.89408713216319 1.59230886183667
"612" 604 1.20179234474466 2.89574837800113 1.59275255687029
"613" 605 1.20199083044977 2.89727937272624 1.59319563630114
"614" 606 1.20218063448214 2.89888032994789 1.59363810199871
"615" 607 1.20237133453842 2.90051622004982 1.5940799558238
"616" 608 1.20255764907464 2.90214800178889 1.5945211996285
"617" 609 1.20274529342328 2.90377516040074 1.59496183525622
"618" 610 1.20292330329834 2.90521767587077 1.59540186454182
"619" 611 1.20309832895304 2.90679946750875 1.59584128931162
"620" 612 1.20327306954819 2.90842311575624 1.59628011138346
"621" 613 1.20344293126187 2.91003660865351 1.59671833256676
"622" 614 1.20363162601444 2.91165258763599 1.59715595466256
"623" 615 1.20383431372948 2.91322686233621 1.59759297946358
"624" 616 1.2040157160973 2.91479261026853 1.5980294087543
"625" 617 1.20420191897991 2.91645263335147 1.59846524431089
"626" 618 1.20439072684756 2.91817630494976 1.59890048790147
"627" 619 1.20458443508377 2.91972779597512 1.59933514128596
"628" 620 1.20477532184209 2.92132957480061 1.59976920621628
"629" 621 1.20495096943421 2.92280345425682 1.60020268443628
"630" 622 1.20514194034597 2.9243281703473 1.6006355776819
"631" 623 1.20532657834672 2.92591888199178 1.60106788768108
"632" 624 1.20553035773637 2.92747871982841 1.60149961615395
"633" 625 1.2057102798785 2.92908296095764 1.60193076481286
"634" 626 1.2058964696669 2.9306766994521 1.60236133536227
"635" 627 1.20608659343936 2.93214409069437 1.60279132949904
"636" 628 1.2062715660502 2.93376770107732 1.60322074891228
"637" 629 1.20643911246693 2.93528734182894 1.60364959528347
"638" 630 1.20660417528418 2.93693082490548 1.60407787028657
"639" 631 1.20680059362642 2.93846281016837 1.60450557558792
"640" 632 1.20697340967475 2.94016847164208 1.60493271284642
"641" 633 1.20715978599621 2.94174550332012 1.60535928371353
"642" 634 1.20733638633142 2.94325135321266 1.60578528983326
"643" 635 1.20750677811696 2.94484555220398 1.60621073284231
"644" 636 1.20767104166805 2.94643787430671 1.60663561437003
"645" 637 1.20785202371759 2.94802965581849 1.60705993603858
"646" 638 1.20802476163873 2.94953270595269 1.60748369946279
"647" 639 1.20819286349297 2.9510341993882 1.6079069062504
"648" 640 1.20836679449922 2.95253181262093 1.60832955800195
"649" 641 1.20853716529614 2.95402346404465 1.6087516563109
"650" 642 1.20871280981074 2.95550456101614 1.60917320276369
"651" 643 1.20888285259012 2.95700678652979 1.60959419893974
"652" 644 1.20905253471308 2.95851281893475 1.61001464641147
"653" 645 1.20922162058561 2.95998654739571 1.6104345467444
"654" 646 1.20939615454476 2.96149739179597 1.61085390149714
"655" 647 1.20956536986579 2.96310715436941 1.6112727122215
"656" 648 1.20974167488273 2.96466367697134 1.61169098046246
"657" 649 1.2099235132916 2.96616303781473 1.61210870775822
"658" 650 1.21009546888667 2.96772919133752 1.61252589564029
"659" 651 1.21026646899125 2.96934373760512 1.61294254563349
"660" 652 1.21043507479613 2.97093312851593 1.61335865925595
"661" 653 1.21061414376228 2.97233235117296 1.61377423801928
"662" 654 1.21080301915913 2.97376493625949 1.61418928342841
"663" 655 1.21098268107757 2.97535851785526 1.61460379698186
"664" 656 1.21116407462912 2.97680327433044 1.61501778017157
"665" 657 1.21132458102484 2.97817452466598 1.6154312344831
"666" 658 1.21149620052507 2.97952181297808 1.61584416139554
"667" 659 1.21166578710339 2.98086905429782 1.61625656238161
"668" 660 1.21184462369589 2.98222150508402 1.61666843890771
"669" 661 1.21201252134737 2.98370615016059 1.61707979243397
"670" 662 1.21217868052539 2.98508611185757 1.61749062441416
"671" 663 1.21235817091947 2.98676434706774 1.61790093629586
"672" 664 1.21252920841136 2.98821535381848 1.61831072952056
"673" 665 1.21270281232648 2.98964072694279 1.61872000552342
"674" 666 1.21287805134022 2.99106304945127 1.61912876573359
"675" 667 1.21304259378888 2.9925790746218 1.61953701157412
"676" 668 1.21320634884898 2.99395728629626 1.61994474446195
"677" 669 1.21337198904671 2.99544205412735 1.62035196580806
"678" 670 1.21353727765626 2.99693732490565 1.62075867701745
"679" 671 1.2137106860725 2.99847904916895 1.62116487948911
"680" 672 1.21386869752442 2.99993617745235 1.62157057461621
"681" 673 1.2140313269578 3.00132963909467 1.62197576378593
"682" 674 1.21419948965874 3.00270417653765 1.6223804483797
"683" 675 1.21437971038594 3.00408085331611 1.62278462977305
"684" 676 1.21456366266688 3.0054912439872 1.62318830933583
"685" 677 1.21472612351341 3.00699016346913 1.62359148843203
"686" 678 1.21489345967753 3.00848539553145 1.62399416842
"687" 679 1.21507474251766 3.00997924170352 1.62439635065239
"688" 680 1.21524994540367 3.01158567827768 1.62479803647617
"689" 681 1.21542620844718 3.01307224259919 1.62519922723275
"690" 682 1.21560222282274 3.01459633119456 1.6255999242579
"691" 683 1.21577809443544 3.01616468527656 1.62600012888186
"692" 684 1.21595422343178 3.0177354454071 1.6263998424293
"693" 685 1.21612351042948 3.01930589882179 1.62679906621945
"694" 686 1.216300067821 3.02085126516176 1.62719780156607
"695" 687 1.21644946603063 3.02228115338349 1.62759604977744
"696" 688 1.21661938717408 3.0236427125606 1.62799381215654
"697" 689 1.21678949315503 3.02509784221282 1.62839109000084
"698" 690 1.21694681225235 3.02640451958757 1.62878788460256
"699" 691 1.21711608568005 3.02776253593215 1.62918419724857
"700" 692 1.21727860985009 3.02915836613146 1.6295800292205
"701" 693 1.21745036752264 3.03060978767249 1.6299753817947
"702" 694 1.21765865714472 3.03205535841461 1.63037025624225
"703" 695 1.21782805378439 3.03357944467594 1.63076465382912
"704" 696 1.21798380333798 3.03495210856371 1.63115857581603
"705" 697 1.21814891633328 3.03644091803098 1.63155202345864
"706" 698 1.21831863475693 3.03784087129924 1.63194499800743
"707" 699 1.21847818491218 3.03924719743631 1.63233750070784
"708" 700 1.21864707870402 3.04069311229578 1.63272953280024
"709" 701 1.21883217115258 3.04203507067787 1.63312109551996
"710" 702 1.2189778366716 3.04353279013168 1.63351219009738
"711" 703 1.21914709112682 3.04497349196224 1.63390281775782
"712" 704 1.21928685668774 3.04645713845874 1.63429297972178
"713" 705 1.21947445612602 3.04790257898694 1.6346826772047
"714" 706 1.21963591562613 3.04938980560173 1.63507191141725
"715" 707 1.21978769673735 3.05090225157639 1.63546068356518
"716" 708 1.2199619227083 3.05238855723941 1.63584899484938
"717" 709 1.22011952308344 3.05386762299594 1.63623684646596
"718" 710 1.22027317916017 3.05534722181843 1.63662423960626
"719" 711 1.22043480736388 3.05678947794342 1.63701117545685
"720" 712 1.22058523648702 3.05817162141609 1.6373976551995
"721" 713 1.22073155150874 3.05968643881476 1.63778368001137
"722" 714 1.22087869872763 3.0611933919284 1.63816925106488
"723" 715 1.22105202778391 3.0627203860513 1.6385543695278
"724" 716 1.22120974572012 3.06419157596622 1.63893903656329
"725" 717 1.22135145598274 3.06563204004925 1.63932325332984
"726" 718 1.22151848175414 3.06712907192729 1.63970702098144
"727" 719 1.22167667858082 3.06858019216741 1.64009034066746
"728" 720 1.22184743280901 3.06989318861857 1.64047321353273
"729" 721 1.22200458416039 3.0713766953832 1.64085564071765
"730" 722 1.22217058943348 3.07273879012117 1.64123762335801
"731" 723 1.22232493512902 3.07418591184968 1.64161916258525
"732" 724 1.22249043411965 3.07558039646031 1.6420002595263
"733" 725 1.22264458996371 3.07697017817706 1.6423809153037
"734" 726 1.222815986768 3.07835462387047 1.6427611310356
"735" 727 1.22295405136444 3.07976164283166 1.64314090783578
"736" 728 1.22309119281776 3.08120433691623 1.64352024681365
"737" 729 1.22324093523684 3.08267646878268 1.64389914907433
"738" 730 1.22340605185434 3.0841668632588 1.64427761571859
"739" 731 1.22355890049826 3.08565601722941 1.64465564784302
"740" 732 1.22371920009738 3.0870344130527 1.64503324653984
"741" 733 1.22388247942432 3.08851460059091 1.6454104128971
"742" 734 1.22405493595165 3.0900436595689 1.64578714799864
"743" 735 1.22420285691135 3.09140671199535 1.64616345292408
"744" 736 1.22435319532601 3.092822523196 1.64653932874889
"745" 737 1.22451411740042 3.09419227991094 1.64691477654443
"746" 738 1.22467433951586 3.09567187207606 1.64728979737784
"747" 739 1.22483804648984 3.09714156485012 1.64766439231228
"748" 740 1.2249901132512 3.09855983686649 1.64803856240671
"749" 741 1.22513792777278 3.10004689797646 1.64841230871614
"750" 742 1.22529574525799 3.10145955256899 1.64878563229145
"751" 743 1.22545048934425 3.10275192875068 1.64915853417954
"752" 744 1.22560030775279 3.10411656745956 1.64953101542337
"753" 745 1.22573199704567 3.10551536660704 1.64990307706178
"754" 746 1.22590409102753 3.10703864579449 1.65027472012979
"755" 747 1.22605802451107 3.1085568656358 1.65064594565844
"756" 748 1.22621755854154 3.10992836410418 1.65101675467484
"757" 749 1.22638704222514 3.11124358982615 1.65138714820218
"758" 750 1.22653634188063 3.11265694877954 1.65175712725983
"759" 751 1.22670620905927 3.11394001799927 1.6521266928633
"760" 752 1.2268589156272 3.11537108443776 1.65249584602423
"761" 753 1.22702453766381 3.11681565264048 1.65286458775043
"762" 754 1.22717614685163 3.11826517612738 1.65323291904598
"763" 755 1.22732961881367 3.11971175166742 1.65360084091113
"764" 756 1.22747168987576 3.12113301935177 1.65396835434237
"765" 757 1.22761553362503 3.12250596783958 1.65433546033249
"766" 758 1.2277576633961 3.12378309866739 1.65470215987052
"767" 759 1.22789508984221 3.12514928161943 1.6550684539418
"768" 760 1.22806187456118 3.12650592563272 1.65543434352798
"769" 761 1.2282311824654 3.12788430216998 1.6557998296071
"770" 762 1.22839650938266 3.12924032113923 1.65616491315344
"771" 763 1.22855949288061 3.13059128601209 1.65652959513775
"772" 764 1.22869917646768 3.13193503653115 1.65689387652719
"773" 765 1.22884927886286 3.13324650943856 1.65725775828523
"774" 766 1.22899877769527 3.13456068795754 1.65762124137179
"775" 767 1.22915340022856 3.13587374679089 1.65798432674334
"776" 768 1.22930256685299 3.13718933803064 1.65834701535266
"777" 769 1.2294495128494 3.13850822796819 1.65870930814914
"778" 770 1.22959790204634 3.13982257966768 1.65907120607855
"779" 771 1.22974764513864 3.14112805038439 1.65943271008332
"780" 772 1.22988540954032 3.14244665953032 1.65979382110226
"781" 773 1.2300224178569 3.14375589607886 1.66015454007084
"782" 774 1.23016593316973 3.14518832686253 1.66051486792104
"783" 775 1.23030679356627 3.146524786575 1.66087480558143
"784" 776 1.23044599754762 3.14790939229554 1.66123435397719
"785" 777 1.23059814612012 3.14934438995662 1.66159351403013
"786" 778 1.2307158665642 3.15065557928861 1.66195228665868
"787" 779 1.2308423060297 3.15195924550596 1.66231067277792
"788" 780 1.23097845061906 3.15327381206994 1.66266867329963
"789" 781 1.23111919871084 3.15459689352164 1.66302628913218
"790" 782 1.23126763908945 3.15609665214847 1.66338352118075
"791" 783 1.2314277343296 3.15744328869937 1.6637403703472
"792" 784 1.23156459243753 3.15887456183868 1.66409683753008
"793" 785 1.23172986436741 3.16029549803477 1.66445292362474
"794" 786 1.23188259410961 3.1617290944131 1.66480862952326
"795" 787 1.2320278453521 3.16313562973174 1.66516395611452
"796" 788 1.2321835263356 3.16459204844066 1.66551890428421
"797" 789 1.23233126497313 3.16594472724256 1.6658734749148
"798" 790 1.23248828827684 3.16727205641991 1.66622766888556
"799" 791 1.23264062484545 3.16852765241255 1.66658148707272
"800" 792 1.23278879126213 3.16993304703688 1.66693493034924
"801" 793 1.23294265885224 3.17127117059295 1.66728799958497
"802" 794 1.23308866246676 3.17260685151336 1.66764069564674
"803" 795 1.2332382256441 3.17393699758012 1.6679930193982
"804" 796 1.23337333332966 3.17526607922679 1.66834497169992
"805" 797 1.23351518502659 3.17658695624157 1.66869655340943
"806" 798 1.23367043759269 3.17790391943422 1.66904776538123
"807" 799 1.23380427626585 3.17921982713154 1.66939860846671
"808" 800 1.23394553554395 3.18053653094863 1.66974908351431
"809" 801 1.23408066722152 3.18189020347687 1.67009919136941
"810" 802 1.23425245009636 3.18324475946041 1.67044893287444
"811" 803 1.23438745214245 3.18464025055014 1.67079830886878
"812" 804 1.23454280209826 3.18601364969925 1.67114732018893
"813" 805 1.23470881061849 3.1873859936255 1.6714959676684
"814" 806 1.23485813291064 3.18875728444889 1.67184425213771
"815" 807 1.23500881161958 3.19012455944513 1.67219217442457
"816" 808 1.23515534735547 3.19148237596098 1.67253973535368
"817" 809 1.23529503492387 3.19273765598712 1.67288693574687
"818" 810 1.23544419757276 3.19394991607085 1.67323377642315
"819" 811 1.2355746072402 3.1951598192297 1.67358025819856
"820" 812 1.23571131118944 3.19658944559115 1.67392638188637
"821" 813 1.23587444336181 3.19792301207408 1.67427214829693
"822" 814 1.23600541725415 3.19915984563109 1.67461755823785
"823" 815 1.23615693363747 3.2005266853785 1.67496261251387
"824" 816 1.23629104079244 3.20190074270255 1.67530731192694
"825" 817 1.23643155300651 3.20314689237782 1.6756516572762
"826" 818 1.23657328184609 3.20438295108835 1.67599564935805
"827" 819 1.23671667413982 3.20561238895194 1.67633928896612
"828" 820 1.23687762575439 3.20684083076735 1.67668257689129
"829" 821 1.23701018127752 3.20806219049155 1.67702551392171
"830" 822 1.23714260248475 3.20929814105012 1.67736810084273
"831" 823 1.23726703013319 3.2105280248782 1.67771033843711
"832" 824 1.23740688885027 3.21176192434061 1.67805222748485
"833" 825 1.23753969087635 3.21312384001728 1.67839376876327
"834" 826 1.2376762192905 3.21445469357054 1.67873496304701
"835" 827 1.23781180559302 3.21566177693743 1.67907581110804
"836" 828 1.23794879000454 3.21700119349763 1.67941631371575
"837" 829 1.23808560985743 3.2182678386787 1.67975647163677
"838" 830 1.23822156296954 3.21947681542567 1.68009628563522
"839" 831 1.23836687960155 3.2208302198379 1.68043575647256
"840" 832 1.23849950717909 3.22208106902493 1.68077488490767
"841" 833 1.23864598350277 3.22332856701043 1.68111367169679
"842" 834 1.23880448334782 3.22457508858206 1.68145211759366
"843" 835 1.23894517682015 3.22585707669302 1.6817902233494
"844" 836 1.23906840093459 3.22707225489359 1.68212798971262
"845" 837 1.23919392342815 3.22842441432193 1.68246541742932
"846" 838 1.23933525154394 3.22967742047982 1.68280250724303
"847" 839 1.2394540545503 3.23095299446748 1.68313925989481
"848" 840 1.23957458604609 3.23227347409984 1.68347567612306
"849" 841 1.23970864621485 3.2335876704182 1.68381175666385
"850" 842 1.23984647693185 3.23490048653061 1.68414750225065
"851" 843 1.24000017200649 3.2362081742465 1.68448291361454
"852" 844 1.2401356260994 3.2374985253942 1.68481799148407
"853" 845 1.24026299529791 3.23890283426304 1.68515273658542
"854" 846 1.24040944698105 3.24015091311802 1.68548714964225
"855" 847 1.24055687454669 3.24142226627055 1.68582123137585
"856" 848 1.24068572972823 3.24260248612011 1.68615498250504
"857" 849 1.24080726479463 3.24389806032971 1.68648840374631
"858" 850 1.24093844652556 3.24519194042902 1.6868214958137
"859" 851 1.24108814280574 3.24643719672297 1.68715425941888
"860" 852 1.24121562818464 3.2477612175031 1.68748669527115
"861" 853 1.24133917862457 3.24904701568526 1.68781880407744
"862" 854 1.24147405254671 3.25033776438857 1.68815058654237
"863" 855 1.24160118472227 3.25151627328877 1.6884820433681
"864" 856 1.24175366552567 3.25288236049308 1.68881317525465
"865" 857 1.24188170695433 3.25418516844684 1.68914398289953
"866" 858 1.24199577851388 3.25552255847828 1.68947446699807
"867" 859 1.24210488828663 3.25683798655071 1.68980462824324
"868" 860 1.24224175875306 3.25811869420553 1.69013446732572
"869" 861 1.24236593069998 3.25944747623003 1.69046398493395
"870" 862 1.24250428067635 3.26077343971166 1.69079318175411
"871" 863 1.24262176970571 3.26209426514781 1.69112205847001
"872" 864 1.24274126343461 3.26334228707097 1.69145061576336
"873" 865 1.24288644871949 3.26457160826217 1.69177885431356
"874" 866 1.24301728062708 3.26580150480277 1.69210677479775
"875" 867 1.24313277802801 3.26715902951407 1.69243437789091
"876" 868 1.24326064012466 3.26845729709323 1.69276166426578
"877" 869 1.24339457806715 3.26971144014281 1.69308863459295
"878" 870 1.24352920859828 3.27104360715931 1.69341528954069
"879" 871 1.24365896356697 3.27229801993255 1.69374162977527
"880" 872 1.24379564210688 3.27364486182914 1.69406765596065
"881" 873 1.24391859206084 3.27482676212158 1.69439336875872
"882" 874 1.24404140178725 3.27615436969179 1.69471876882911
"883" 875 1.24417971951337 3.27747566543615 1.69504385682947
"884" 876 1.24429845646204 3.27878600960569 1.69536863341514
"885" 877 1.24443839580041 3.28004395459443 1.69569309923948
"886" 878 1.24456302115179 3.2814254717525 1.69601725495363
"887" 879 1.24468492617713 3.28279648842325 1.69634110120674
"888" 880 1.24480707007725 3.28413994254254 1.69666463864574
"889" 881 1.24495215294837 3.28541233246207 1.69698786791553
"890" 882 1.2450874036333 3.28669557436481 1.69731078965901
"891" 883 1.24522495174517 3.2879738436781 1.69763340451687
"892" 884 1.24535989725555 3.28921129815893 1.69795571312782
"893" 885 1.24547784668155 3.29052089335628 1.69827771612853
"894" 886 1.24559622531644 3.29176292342647 1.69859941415357
"895" 887 1.24573011034062 3.29297093610137 1.69892080783557
"896" 888 1.24588372015868 3.29417618715477 1.69924189780507
"897" 889 1.24601443246657 3.2954298642336 1.69956268469056
"898" 890 1.24615425221143 3.29678109267394 1.69988316911865
"899" 891 1.24628721732613 3.29813967917262 1.70020335171381
"900" 892 1.24642029587797 3.29941842994726 1.70052323309858
"901" 893 1.24653109928623 3.3006901178446 1.70084281389358
"902" 894 1.24665953677442 3.30196091884267 1.70116209471739
"903" 895 1.24679620015306 3.30323083455103 1.70148107618661
"904" 896 1.24693257919593 3.30449659669173 1.70179975891596
"905" 897 1.24705278976104 3.30575637416988 1.70211814351813
"906" 898 1.24717335072344 3.3070294907436 1.70243623060396
"907" 899 1.24730794326773 3.30841740198473 1.70275402078225
"908" 900 1.24743779510645 3.30969954120155 1.70307151465998
"909" 901 1.24757009544683 3.31088705256649 1.70338871284214
"910" 902 1.24769034664974 3.31205418227736 1.70370561593191
"911" 903 1.24782112953094 3.31331038857196 1.70402222453049
"912" 904 1.24793733143339 3.31461908185378 1.70433853923721
"913" 905 1.24805509549919 3.3158543855681 1.70465456064949
"914" 906 1.24817901023445 3.31707541549138 1.70497028936296
"915" 907 1.24830000790183 3.31829744072367 1.70528572597134
"916" 908 1.24843838873052 3.31957588862721 1.70560087106648
"917" 909 1.24856134806288 3.32082462984608 1.70591572523836
"918" 910 1.24867897848525 3.32196574974442 1.70623028907517
"919" 911 1.24880156482006 3.32311776773007 1.70654456316324
"920" 912 1.24893670819109 3.32431579615022 1.70685854808707
"921" 913 1.24906555939432 3.3254691253349 1.70717224442938
"922" 914 1.24919235151767 3.3266261049706 1.70748565277102
"923" 915 1.24931730202941 3.32785405531898 1.70779877369106
"924" 916 1.24944922451709 3.32904835590516 1.70811160776681
"925" 917 1.24957865428048 3.33025229835365 1.70842415557376
"926" 918 1.24969586993266 3.33155357275006 1.70873641768558
"927" 919 1.24983253943616 3.332759849753 1.70904839467426
"928" 920 1.24994033755625 3.33397260361916 1.70936008710992
"929" 921 1.25006863401053 3.33522560033416 1.70967149556102
"930" 922 1.25020315591297 3.33641135562806 1.7099826205942
"931" 923 1.25033688404795 3.33761057252572 1.71029346277434
"932" 924 1.2504681949981 3.33875948857382 1.71060402266473
"933" 925 1.25059938878153 3.33994963761072 1.7109143008267
"934" 926 1.25072757273471 3.34114490404376 1.71122429782007
"935" 927 1.25084770562283 3.34233699888985 1.7115340142028
"936" 928 1.25096716123538 3.34344771192833 1.71184345053126
"937" 929 1.25108609487218 3.34467144326432 1.71215260735997
"938" 930 1.25120477898554 3.34589434585877 1.71246148524192
"939" 931 1.25132263718636 3.3471083777052 1.71277008472829
"940" 932 1.25144176921827 3.34830431676351 1.71307840636865
"941" 933 1.25156334312687 3.34948426420718 1.71338645071087
"942" 934 1.25169464114839 3.35066221929636 1.71369421830114
"943" 935 1.251818982436 3.35183978336599 1.71400170968404
"944" 936 1.25193265083121 3.3530163238609 1.71430892540245
"945" 937 1.25205745176016 3.35419205353705 1.71461586599759
"946" 938 1.25218658144431 3.35536625070383 1.7149225320091
"947" 939 1.25231380570879 3.35653799690149 1.71522892397493
"948" 940 1.25244407048531 3.35768877808132 1.71553504243148
"949" 941 1.25256134307443 3.35882684865389 1.71584088791345
"950" 942 1.25268044212778 3.35996412287365 1.71614646095401
"951" 943 1.25280348201765 3.36114871128173 1.7164517620846
"952" 944 1.25291089541129 3.36237861824999 1.71675679183519
"953" 945 1.25303303606333 3.363529396197 1.71706155073407
"954" 946 1.25315232178528 3.36473176832027 1.71736603930802
"955" 947 1.25327705912466 3.36590281615678 1.71767025808213
"956" 948 1.25339951339917 3.36707019798484 1.71797420758005
"957" 949 1.25351919139823 3.36828998828669 1.71827788832378
"958" 950 1.25364336480405 3.36952207621079 1.71858130083379
"959" 951 1.25376542720909 3.37068218059422 1.71888444562891
"960" 952 1.25388137828986 3.37187412965603 1.71918732322661
"961" 953 1.25399676193956 3.37312389338623 1.71948993414257
"962" 954 1.25411246693315 3.37430108691055 1.71979227889118
"963" 955 1.25421210336856 3.37547058701962 1.72009435798512
"964" 956 1.25433140708244 3.37665951317393 1.72039617193562
"965" 957 1.25445171082501 3.37781352443909 1.72069772125239
"966" 958 1.25457497398786 3.37898616282647 1.72099900644367
"967" 959 1.25469287817562 3.38017903665631 1.72130002801609
"968" 960 1.25482157799456 3.38142352445484 1.72160078647487
"969" 961 1.25493479240116 3.3826672196992 1.7219012823237
"970" 962 1.25506772281707 3.38391012371817 1.72220151606481
"971" 963 1.25519076586119 3.38515223783648 1.72250148819887
"972" 964 1.25530109851824 3.38639356337586 1.72280119922517
"973" 965 1.2554243512425 3.38763410165433 1.72310064964154
"974" 966 1.25555871015469 3.38875804849426 1.72339983994425
"975" 967 1.25568561237132 3.38984443841049 1.72369877062813
"976" 968 1.25580289911936 3.39093007441203 1.72399744218663
"977" 969 1.25591752361897 3.39207371317674 1.72429585511174
"978" 970 1.25603766210337 3.39328295196851 1.72459400989397
"979" 971 1.25617362694587 3.39453541837675 1.72489190702237
"980" 972 1.25629331324913 3.39578557288613 1.72518954698465
"981" 973 1.25641145146737 3.3970181298697 1.72548693026698
"982" 974 1.25652584614245 3.39814567391627 1.72578405735424
"983" 975 1.25662863812044 3.39936720444285 1.72608092872986
"984" 976 1.25673252568317 3.40057607120244 1.72637754487574
"985" 977 1.25683589862894 3.40180627746344 1.72667390627257
"986" 978 1.25694621761705 3.40306341262672 1.72697001339947
"987" 979 1.25706328541825 3.40429453919525 1.72726586673432
"988" 980 1.25720020205792 3.40546704176576 1.72756146675353
"989" 981 1.25730920217101 3.40662234835862 1.72785681393216
"990" 982 1.2574240101898 3.40775700198104 1.72815190874385
"991" 983 1.25754702869108 3.40891914125293 1.7284467516609
"992" 984 1.2576561864943 3.41011840496167 1.72874134315433
"993" 985 1.25776029811114 3.41131691110193 1.72903568369362
"994" 986 1.25787256824399 3.41251466092077 1.72932977374704
"995" 987 1.25797987877377 3.41371165566202 1.72962361378153
"996" 988 1.25808818075326 3.4149078965657 1.72991720426255
"997" 989 1.25819537408869 3.41610338486886 1.73021054565432
"998" 990 1.25831567124224 3.41728769556138 1.73050363841975
"999" 991 1.25843264484721 3.41840792321974 1.73079648302035
"1000" 992 1.25854073483304 3.41941181125237 1.73108907991642
"1001" 993 1.25866199269612 3.42054554050064 1.73138142956676
"1002" 994 1.25877907758161 3.42173360245508 1.73167353242902
"1003" 995 1.25889960546109 3.42294285378922 1.73196538895949
"1004" 996 1.25902080647054 3.42415135866985 1.73225699961316
"1005" 997 1.25914252118916 3.42533815011583 1.73254836484372
"1006" 998 1.25926084711373 3.42646030377051 1.73283948510356
"1007" 999 1.25937029434824 3.42763978520408 1.73313036084382
"1008" 1000 1.25947215324672 3.42874462517573 1.73342099251432
