"T" "IC_low" "IC_up" "x_ML"
"1" 1.1 0.771201949726104 0.795217450123361 0.781653054226963
"2" 1.2 0.780988218468856 0.811719956510124 0.794374323295728
"3" 1.3 0.790326728631378 0.827160697753675 0.806380292123902
"4" 1.4 0.799259815033951 0.841702790980424 0.817761875512634
"5" 1.5 0.807855674095998 0.855480046803692 0.828592883260967
"6" 1.6 0.816109082999861 0.86856032670028 0.838934146977126
"7" 1.7 0.824050142613086 0.881018608520863 0.848836458761683
"8" 1.8 0.831729038097261 0.892890933072908 0.85834271287128
"9" 1.9 0.839156501305411 0.904265890693661 0.867489498339939
"10" 2 0.846355698326832 0.915219650381323 0.876308304505442
"11" 3 0.908296624578929 1.00719303047578 0.951123600531917
"12" 4 0.957813937616195 1.08001021996623 1.01013866831953
"13" 5 0.999197389852434 1.14179078488479 1.0596370338384
"14" 6 1.03510136211753 1.19662937522848 1.10267122176657
"15" 7 1.06681218057865 1.24655751066653 1.14098088769432
"16" 8 1.09518007419883 1.29272791951406 1.17566184272602
"17" 9 1.12105587732117 1.33618660795772 1.20745378352623
"18" 10 1.14479974756864 1.37723160315621 1.23688207971199
"19" 11 1.16670639045159 1.41653739409902 1.26433473895101
"20" 12 1.1870509225792 1.45408323657931 1.2901073358562
"21" 13 1.20596572238902 1.49005575917074 1.31443077350948
"22" 14 1.22387934794093 1.52479321443302 1.33748924033657
"23" 15 1.240652115443 1.55851629968839 1.35943227096236
"24" 16 1.25665938456053 1.59095544952623 1.38038310690539
"25" 17 1.27173275288614 1.62270703491926 1.40044465018958
"26" 18 1.28618358024266 1.6536864286324 1.41970380223806
"27" 19 1.29991105498888 1.68374994666759 1.438234690437
"28" 20 1.31305093838753 1.71292066387248 1.45610111046632
"29" 21 1.32569972048659 1.74174354480988 1.47335840429491
"30" 22 1.3378510451708 1.77004154436154 1.49005492463553
"31" 23 1.34955566766937 1.79709636255199 1.50623319139696
"32" 24 1.360824095597 1.823693448175 1.52193081535919
"33" 25 1.3717089191409 1.84988097658154 1.53718124358203
"34" 26 1.38214317005479 1.8760181898388 1.5520143666409
"35" 27 1.39226769558153 1.90162360185438 1.56645701758365
"36" 28 1.4019988328468 1.92624742835842 1.58053338517595
"37" 29 1.41146095381113 1.95080797763921 1.59426535866764
"38" 30 1.42064667617693 1.97476797616987 1.60767281737778
"39" 31 1.42955930920438 1.99815615601911 1.62077387546013
"40" 32 1.4381679484973 2.02181943537384 1.63358508999611
"41" 33 1.44670022746175 2.04482354713042 1.64612163887494
"42" 34 1.45500722088978 2.06720450720457 1.65839747362309
"43" 35 1.46310383980079 2.0895038789114 1.67042545133811
"44" 36 1.47091426174212 2.11154305323956 1.68221744909494
"45" 37 1.478625637523 2.13339538354173 1.69378446357162
"46" 38 1.48612714912528 2.15491988277134 1.70513669814909
"47" 39 1.49341939096181 2.17618773124775 1.71628363934581
"48" 40 1.50066289740383 2.19738621719883 1.72723412413113
"49" 41 1.50777123015784 2.21795391083854 1.73799639940519
"50" 42 1.5146010908483 2.23834922416122 1.74857817472448
"51" 43 1.52125345003788 2.25880895959624 1.75898666918165
"52" 44 1.52792048408511 2.2789095024174 1.76922865320753
"53" 45 1.53439554005377 2.29889380594673 1.77931048594767
"54" 46 1.54086779590429 2.31863311236195 1.78923814876915
"55" 47 1.54710565815983 2.3381013827312 1.79901727537327
"56" 48 1.55327507561533 2.35725130913867 1.80865317892238
"57" 49 1.55925747297982 2.37613099995908 1.81815087653247
"58" 50 1.56521749818525 2.39512184742593 1.82751511143577
"59" 51 1.5710215603434 2.41365329366738 1.83675037307672
"60" 52 1.57679979068882 2.4321561327364 1.84586091537064
"61" 53 1.58246591231221 2.45044342892152 1.85485077332491
"62" 54 1.5879804378905 2.46846521741875 1.86372377819757
"63" 55 1.5934907709389 2.48661066410492 1.87248357134644
"64" 56 1.59870792641515 2.50434398761602 1.88113361690373
"65" 57 1.60404703931033 2.52239512897555 1.88967721339456
"66" 58 1.60918530770393 2.54011946583863 1.89811750440454
"67" 59 1.61423726705543 2.55785227085733 1.90645748838897
"68" 60 1.61931663260731 2.57559820067375 1.91470002770627
"69" 61 1.62435795377932 2.59302185784016 1.92284785694864
"70" 62 1.62925853033596 2.60990570412011 1.93090359063529
"71" 63 1.63406578696333 2.62677714468107 1.93886973032643
"72" 64 1.6388110555772 2.64341113767739 1.94674867121015
"73" 65 1.64350409356809 2.65991335680665 1.95454270820869
"74" 66 1.64811989254904 2.67649493990396 1.96225404164618
"75" 67 1.65261765540687 2.69321995463719 1.9698847825153
"76" 68 1.65719048824424 2.7093313099503 1.97743695737691
"77" 69 1.66168039567892 2.72569446383485 1.98491251292315
"78" 70 1.6661443046527 2.74157085968317 1.99231332023166
"79" 71 1.67048450375717 2.75770313559425 1.99964117873599
"80" 72 1.67485497126123 2.77345575466787 2.00689781993471
"81" 73 1.67907756468279 2.78907980540097 2.01408491085991
"82" 74 1.68337027803701 2.80470388713118 2.02120405732374
"83" 75 1.68753936178815 2.82057270610995 2.02825680695998
"84" 76 1.69171857362346 2.83602378593347 2.03524465207607
"85" 77 1.69571256032359 2.85152248820952 2.04216903232987
"86" 78 1.6996534075709 2.86677965101042 2.04903133724392
"87" 79 1.70365028400307 2.88197031977422 2.05583290856913
"88" 80 1.7075643707248 2.89709358444043 2.06257504250856
"89" 81 1.71149620859753 2.91206144744314 2.06925899181133
"90" 82 1.71532446907512 2.9266676064702 2.07588596774577
"91" 83 1.71905311580886 2.94148855174326 2.08245714195995
"92" 84 1.72286228790988 2.95590811121296 2.08897364823761
"93" 85 1.72654827410415 2.97041889605709 2.09543658415621
"94" 86 1.73021740384474 2.98514824140016 2.1018470126539
"95" 87 1.73383180602636 2.99954105125206 2.10820596351129
"96" 88 1.73744062153563 3.0135750704539 2.11451443475356
"97" 89 1.74104853862123 3.02807293833712 2.1207733939781
"98" 90 1.74459037556829 3.04245607412896 2.12698377961241
"99" 91 1.74799602488499 3.05659580990278 2.13314650210663
"100" 92 1.7514480961021 3.07038583400205 2.13926244506482
"101" 93 1.75482703135751 3.08446835806656 2.14533246631873
"102" 94 1.75815768582167 3.09825146195502 2.15135739894754
"103" 95 1.76152162932245 3.11212728272472 2.15733805224693
"104" 96 1.76488090592879 3.12615915636784 2.1632752126504
"105" 97 1.7681329467933 3.13990708052758 2.16916964460575
"106" 98 1.77143635524175 3.15336030716673 2.17502209140924
"107" 99 1.77467144411228 3.16692292508704 2.18083327599997
"108" 100 1.77787703213379 3.1803782188434 2.18660390171676
"109" 101 1.7810541272036 3.19368576236658 2.19233465301959
"110" 102 1.78425377289615 3.20707522949511 2.1980261961776
"111" 103 1.78750496708972 3.22019072041096 2.20367917992561
"112" 104 1.79059369328424 3.23330094811263 2.20929423609079
"113" 105 1.79369650327325 3.24634949396767 2.2148719801911
"114" 106 1.79670108676046 3.25961554945307 2.22041301200716
"115" 107 1.79971624486093 3.27268751649582 2.22591791612876
"116" 108 1.80274444099246 3.28563081984212 2.2313872624776
"117" 109 1.80572782974284 3.29857179154747 2.23682160680729
"118" 110 1.80868437984983 3.31183592281743 2.24222149118193
"119" 111 1.8115389160376 3.3241339094846 2.24758744443435
"120" 112 1.81447409054547 3.33721253457302 2.25291998260495
"121" 113 1.81741763423045 3.35021611325326 2.25821960936232
"122" 114 1.82038908286768 3.36235572168437 2.2634868164064
"123" 115 1.82324451894602 3.37511289184933 2.26872208385501
"124" 116 1.82606799121087 3.38763782083487 2.27392588061477
"125" 117 1.82881325077917 3.40007074046394 2.27909866473704
"126" 118 1.83163541939636 3.41232791323105 2.2842408837595
"127" 119 1.83447486987314 3.4246087877351 2.28935297503436
"128" 120 1.83721782614182 3.43738131430418 2.29443536604355
"129" 121 1.83997091317562 3.44959581057238 2.2994884747016
"130" 122 1.84269487492503 3.46240930570313 2.30451270964692
"131" 123 1.84538279715181 3.47460604280339 2.30950847052179
"132" 124 1.84806558096535 3.48695818646034 2.31447614824176
"133" 125 1.85069325087713 3.49908149147577 2.31941612525485
"134" 126 1.85339682743029 3.51127341208831 2.32432877579103
"135" 127 1.8560368641612 3.52342648884108 2.32921446610255
"136" 128 1.8585822031769 3.53556040191875 2.33407355469521
"137" 129 1.86117171218092 3.54767117536813 2.33890639255135
"138" 130 1.86368423568587 3.55968941803032 2.34371332334467
"139" 131 1.86624024564311 3.57129782474904 2.34849468364731
"140" 132 1.86883432642353 3.58303435518802 2.35325080312955
"141" 133 1.87136735907136 3.59437419515027 2.35798200475247
"142" 134 1.87390149056296 3.60622199339856 2.36268860495369
"143" 135 1.87641563740009 3.61770015715299 2.36737091382684
"144" 136 1.87885926791469 3.62955822664288 2.37202923529453
"145" 137 1.88125913765671 3.64124329027995 2.37666386727566
"146" 138 1.88362038106742 3.65308777485143 2.38127510184679
"147" 139 1.88605238106617 3.6644771960159 2.38586322539811
"148" 140 1.88850929197254 3.67596762972291 2.39042851878421
"149" 141 1.89087855038876 3.68730669066174 2.39497125746969
"150" 142 1.89321217569081 3.69875513981022 2.39949171167012
"151" 143 1.89562048643128 3.70987359489957 2.40399014648806
"152" 144 1.89802514830816 3.72148145089024 2.40846682204498
"153" 145 1.90043756805234 3.73272499876713 2.41292199360861
"154" 146 1.90281464552159 3.74388452887939 2.41735591171629
"155" 147 1.90509642144912 3.75501776613932 2.42176882229439
"156" 148 1.90735390973837 3.7658911779729 2.42616096677386
"157" 149 1.90960994474925 3.77712199229873 2.43053258220219
"158" 150 1.91185553300195 3.78820566431612 2.43488390135174
"159" 151 1.9140873869133 3.79954188141293 2.43921515282488
"160" 152 1.91636321372263 3.81028595852103 2.44352656115563
"161" 153 1.91858028974835 3.82131043544607 2.44781834690841
"162" 154 1.920695329017 3.832223556849 2.45209072677353
"163" 155 1.92284461384373 3.84301858657256 2.45634391366
"164" 156 1.9250907687795 3.85367369214243 2.46057811678539
"165" 157 1.92727716223358 3.86457201919407 2.46479354176302
"166" 158 1.92938768201541 3.87582625066353 2.4689903906866
"167" 159 1.93150302274501 3.8863023555538 2.47316886221225
"168" 160 1.93360105626679 3.89724356744085 2.4773291516383
"169" 161 1.93570843597631 3.90805847676105 2.48147145098255
"170" 162 1.93781337000584 3.91906011070318 2.48559594905735
"171" 163 1.93990379813482 3.92968789179719 2.48970283154258
"172" 164 1.9420891242671 3.94037839738942 2.49379228105647
"173" 165 1.94421335008642 3.95056304431101 2.49786447722436
"174" 166 1.94635549263941 3.96130782546772 2.50191959674561
"175" 167 1.94841927114635 3.97152557478057 2.50595781345854
"176" 168 1.95044757335267 3.98196213110203 2.50997929840357
"177" 169 1.95243366910066 3.99250421251748 2.51398421988462
"178" 170 1.95440999377077 4.0028500167438 2.51797274352876
"179" 171 1.95642209418253 4.01353830061839 2.5219450323443
"180" 172 1.95838176829036 4.02393947264859 2.52590124677723
"181" 173 1.96038850498803 4.03420184286638 2.52984154476606
"182" 174 1.96232283749675 4.04467604461417 2.53376608179533
"183" 175 1.96433330075048 4.0554371257222 2.53767501094758
"184" 176 1.96636724479835 4.06546058433842 2.54156848295389
"185" 177 1.96830611507652 4.07575017438915 2.5454466462432
"186" 178 1.97030132026389 4.08643560310111 2.54930964699022
"187" 179 1.97226369665261 4.09679253271389 2.5531576291621
"188" 180 1.97414321539696 4.10724641926664 2.55699073456394
"189" 181 1.97606487092755 4.11783043727318 2.56080910288299
"190" 182 1.97799317442649 4.12811429860135 2.56461287173191
"191" 183 1.97984683950353 4.13845978400979 2.56840217669061
"192" 184 1.98172274494231 4.14838672731847 2.57217715134738
"193" 185 1.98367531182376 4.15830047361289 2.57593792733867
"194" 186 1.98558757123245 4.16809904355017 2.57968463438805
"195" 187 1.98741040372308 4.17778072215192 2.58341740034409
"196" 188 1.98929916303773 4.18772181768598 2.58713635121735
"197" 189 1.99115203884209 4.19806353842028 2.5908416112164
"198" 190 1.99297677459126 4.20818929710546 2.59453330278295
"199" 191 1.99476824302371 4.21791960111077 2.59821154662621
"200" 192 1.99655727223445 4.22797736903092 2.60187646175628
"201" 193 1.99831004253576 4.23789967965323 2.60552816551672
"202" 194 2.00003419541742 4.24796145443081 2.6091667736165
"203" 195 2.00183552917434 4.25753736749906 2.612792400161
"204" 196 2.00362275142874 4.2671936713074 2.61640515768234
"205" 197 2.00545479173963 4.27660905217042 2.62000515716897
"206" 198 2.00720462415195 4.28640638144973 2.62359250809452
"207" 199 2.00892499265598 4.29646250162746 2.62716731844612
"208" 200 2.01065881120295 4.30612674688945 2.63072969475182
"209" 201 2.01240766755105 4.31554479730061 2.63427974210757
"210" 202 2.01412812220278 4.32505693285582 2.63781756420343
"211" 203 2.01579365665789 4.33467188081457 2.64134326334933
"212" 204 2.01753890201404 4.34432166836766 2.64485694049994
"213" 205 2.01928505979591 4.35378793053449 2.64835869527943
"214" 206 2.02091114390065 4.36328327798676 2.65184862600517
"215" 207 2.0225367336047 4.37286367437207 2.65532682971129
"216" 208 2.02417891938251 4.38248353494864 2.65879340217139
"217" 209 2.02589732244518 4.39206905963708 2.662248437921
"218" 210 2.02759692875518 4.40169171091298 2.66569203027939
"219" 211 2.0292446627711 4.41145310362798 2.66912427137088
"220" 212 2.03091330414402 4.42123958755119 2.6725452521458
"221" 213 2.03260050041848 4.43078486715819 2.67595506240085
"222" 214 2.0342574746848 4.43997396280272 2.67935379079908
"223" 215 2.0359880438872 4.4493334033534 2.68274152488947
"224" 216 2.03764296870718 4.45850602841722 2.68611835112596
"225" 217 2.03929558244838 4.4679578389334 2.68948435488623
"226" 218 2.0409533312401 4.47705710766936 2.69283962048991
"227" 219 2.04260692936169 4.48622955657613 2.69618423121652
"228" 220 2.04415052582726 4.49545572965311 2.699518269323
"229" 221 2.0457963713312 4.50449398530436 2.70284181606079
"230" 222 2.04738139692185 4.51381860951692 2.7061549516927
"231" 223 2.04890297108031 4.52319840572788 2.7094577555092
"232" 224 2.05049436422318 4.53255391960375 2.71275030584467
"233" 225 2.05206888400353 4.54180711901935 2.71603268009297
"234" 226 2.05355165248766 4.55121737093716 2.71930495472294
"235" 227 2.05513430871507 4.56044368314316 2.7225672052935
"236" 228 2.05662120302806 4.56945156794006 2.72581950646848
"237" 229 2.05817459377069 4.5787309504657 2.7290619320309
"238" 230 2.05971575351397 4.58801045558664 2.73229455489741
"239" 231 2.06128899034276 4.59695174402726 2.73551744713201
"240" 232 2.06279837925865 4.60558903596427 2.73873067995973
"241" 233 2.06433286906504 4.6144638655999 2.74193432377993
"242" 234 2.0658367171131 4.62332550921332 2.7451284481794
"243" 235 2.06733334748592 4.63200737028915 2.74831312194517
"244" 236 2.06882604245017 4.64088749033269 2.75148841307701
"245" 237 2.07030871615053 4.64960161561458 2.75465438879981
"246" 238 2.07187028964317 4.65850817055479 2.75781111557558
"247" 239 2.073435834686 4.66763031121505 2.76095865911529
"248" 240 2.07493404846307 4.67670779259656 2.76409708439043
"249" 241 2.07644472911507 4.6855435475521 2.76722645564446
"250" 242 2.07801893879865 4.69414568353846 2.77034683640384
"251" 243 2.07946164401453 4.70299993953742 2.77345828948904
"252" 244 2.08094748187528 4.71197741270556 2.7765608770252
"253" 245 2.08244261802513 4.72091993801564 2.7796546604527
"254" 246 2.08394862062219 4.7295387745338 2.78273970053744
"255" 247 2.08540088063625 4.73853854091857 2.78581605738087
"256" 248 2.08683648915485 4.74707260420106 2.78888379043006
"257" 249 2.08827272128476 4.75574521716941 2.79194295848735
"258" 250 2.08977057638843 4.76408781754735 2.79499361971989
"259" 251 2.09124334008629 4.77299565150204 2.79803583166904
"260" 252 2.09268216142291 4.78204928058537 2.80106965125956
"261" 253 2.09409338376276 4.79088031840158 2.80409513480864
"262" 254 2.09550384096817 4.79975191727674 2.80711233803469
"263" 255 2.09696093013753 4.80861947585284 2.81012131606618
"264" 256 2.09832735076108 4.81749317783739 2.81312212345003
"265" 257 2.09968747272541 4.82606466148642 2.81611481416008
"266" 258 2.10108729650323 4.83455734830269 2.81909944160522
"267" 259 2.10245176398662 4.84324770867792 2.8220760586376
"268" 260 2.10389251322151 4.85164104941877 2.82504471756042
"269" 261 2.10534082576019 4.8599461733146 2.82800547013586
"270" 262 2.10671714309173 4.86853079244603 2.83095836759259
"271" 263 2.10810155416039 4.87694743114711 2.83390346063334
"272" 264 2.10943507542749 4.88488884838247 2.8368407994423
"273" 265 2.11078575127175 4.89324640391797 2.83977043369233
"274" 266 2.11217038244687 4.90131196113718 2.8426924125521
"275" 267 2.11353307678725 4.90941472120172 2.84560678469303
"276" 268 2.11487865677743 4.91765990408613 2.84851359829626
"277" 269 2.11625276989455 4.92627035200182 2.85141290105927
"278" 270 2.11759686439925 4.93447265816318 2.85430474020266
"279" 271 2.11896417465194 4.94274584494277 2.8571891624765
"280" 272 2.12028920283822 4.95132984451583 2.8600662141669
"281" 273 2.12161502812513 4.9597222925256 2.86293594110212
"282" 274 2.12297964906213 4.96825019130114 2.86579838865898
"283" 275 2.1244211541114 4.97671170950176 2.86865360176873
"284" 276 2.12581703860508 4.98501342129623 2.8715016249231
"285" 277 2.12715552588519 4.99299024250127 2.87434250218026
"286" 278 2.12850397353913 5.00112469285253 2.87717627717048
"287" 279 2.1297990355624 5.0091972231013 2.88000299310183
"288" 280 2.13105880185387 5.01724397110402 2.88282269276578
"289" 281 2.13236088464723 5.02596435718456 2.88563541854271
"290" 282 2.13363608533814 5.03432795596567 2.88844121240729
"291" 283 2.13495851057142 5.04250895221382 2.89124011593377
"292" 284 2.13625099629662 5.0510387322382 2.8940321703012
"293" 285 2.1375490275554 5.05923822821396 2.89681741629861
"294" 286 2.13879423371708 5.06749399201886 2.89959589432994
"295" 287 2.14009699985696 5.07546587851537 2.90236764441919
"296" 288 2.14140108926767 5.08316712782068 2.90513270621516
"297" 289 2.14271665932559 5.09136918571766 2.90789111899632
"298" 290 2.14399501273016 5.09965916322688 2.91064292167541
"299" 291 2.14531903914261 5.1076584760948 2.91338815280433
"300" 292 2.14654746483945 5.11559597893282 2.91612685057859
"301" 293 2.14779106166908 5.12326218723415 2.91885905284166
"302" 294 2.14910167136059 5.1310405746766 2.9215847970897
"303" 295 2.15029329758584 5.13927871201106 2.92430412047565
"304" 296 2.1516198866837 5.14707495071134 2.92701705981375
"305" 297 2.15290430886389 5.15503094171738 2.92972365158355
"306" 298 2.15412201533053 5.16285338472116 2.93242393193421
"307" 299 2.15536667745131 5.17075589188073 2.93511793668857
"308" 300 2.15657237313935 5.17877564853677 2.93780570134711
"309" 301 2.15772548426325 5.18666938982889 2.94048726109197
"310" 302 2.15899832064838 5.19487184033295 2.94316265079084
"311" 303 2.16015005365861 5.20299785183385 2.9458319050008
"312" 304 2.16132052984316 5.21083929687309 2.94849505797206
"313" 305 2.16253611717687 5.21905878472969 2.95115214365182
"314" 306 2.16376354491224 5.22696790163827 2.95380319568778
"315" 307 2.16499905521928 5.23496736016349 2.95644824743182
"316" 308 2.16623126322578 5.2432126396574 2.95908733194351
"317" 309 2.16751088376357 5.25103619159837 2.96172048199371
"318" 310 2.16877922927427 5.25872002266025 2.96434773006791
"319" 311 2.17004993451508 5.26676017468427 2.96696910836966
"320" 312 2.17122026305865 5.27434483343993 2.96958464882403
"321" 313 2.17235902554691 5.28188434037793 2.97219438308062
"322" 314 2.17353981183023 5.28964543709936 2.97479834251718
"323" 315 2.17468665735122 5.2977407724986 2.97739655824242
"324" 316 2.17578354522743 5.30541078676025 2.97998906109951
"325" 317 2.17697064921293 5.31307707618491 2.98257588166893
"326" 318 2.17810103210431 5.32091614844455 2.98515705027166
"327" 319 2.17927433779366 5.32878363713168 2.9877325969721
"328" 320 2.18046900082198 5.33651100976674 2.99030255158112
"329" 321 2.18156389562417 5.34444057814706 2.99286694365895
"330" 322 2.1826674687014 5.35227301671159 2.99542580251807
"331" 323 2.18379472553563 5.35976395572849 2.99797915722599
"332" 324 2.18491099156538 5.3672632599242 3.00052703660814
"333" 325 2.18607660625496 5.37484360374597 3.00306946925055
"334" 326 2.18729924479282 5.38247179600614 3.00560648350266
"335" 327 2.18851346817414 5.39005750716073 3.00813810747989
"336" 328 2.18965112282562 5.39780931294731 3.01066436906631
"337" 329 2.19080843988288 5.40523139084001 3.01318529591731
"338" 330 2.19197611001358 5.41289659305279 3.01570091546208
"339" 331 2.19304566618573 5.4203031579634 3.01821125490626
"340" 332 2.19413053005427 5.42790553528413 3.02071634123413
"341" 333 2.19527293647901 5.43574542770436 3.02321620121156
"342" 334 2.19639705842616 5.44384395111943 3.02571086138799
"343" 335 2.19757649724911 5.45148747442165 3.02820034809901
"344" 336 2.19866885855197 5.45860053303344 3.03068468746871
"345" 337 2.1997571987202 5.46587794634492 3.03316390541196
"346" 338 2.20086482528161 5.4734263969948 3.03563802763678
"347" 339 2.20192592441381 5.4809594573074 3.0381070796465
"348" 340 2.20307211862763 5.48876754461686 3.04057108674205
"349" 341 2.2040871927574 5.49653084231198 3.0430300740241
"350" 342 2.20522092324595 5.5038565603261 3.04548406639535
"351" 343 2.20627010402825 5.5111573118681 3.04793308856243
"352" 344 2.20737653876092 5.51850778629017 3.05037716503834
"353" 345 2.20846272626322 5.52605721638202 3.05281632014419
"354" 346 2.20963248171405 5.53344916767668 3.05525057801153
"355" 347 2.21071652651781 5.54103445420604 3.05767996258417
"356" 348 2.21183199441719 5.54814974213711 3.06010449762026
"357" 349 2.21285960392386 5.55563883515413 3.06252420669431
"358" 350 2.2139447179778 5.56313463296323 3.06493911319905
"359" 351 2.2149762362973 5.57040569961528 3.06734924034733
"360" 352 2.21610375382505 5.57753214002097 3.06975461117409
"361" 353 2.21710321880089 5.58496032235198 3.0721552485382
"362" 354 2.21815505135693 5.59247149807101 3.07455117512431
"363" 355 2.21922964144024 5.59984093705394 3.07694241344454
"364" 356 2.22025232301621 5.60701057507423 3.07932898584048
"365" 357 2.22136026680312 5.61412010473689 3.0817109144848
"366" 358 2.22243695218037 5.62187683635442 3.08408822138315
"367" 359 2.22352444139534 5.62938620001772 3.0864609283756
"368" 360 2.22459000147044 5.63684624965824 3.08882905713867
"369" 361 2.22567062642111 5.64370187685407 3.09119262918685
"370" 362 2.22678309919582 5.65099890847921 3.09355166587419
"371" 363 2.22787263057398 5.65847165484226 3.09590618839607
"372" 364 2.2288969067099 5.66566247946255 3.09825621779077
"373" 365 2.2299494245625 5.67277442426202 3.10060177494097
"374" 366 2.23097324079501 5.67999195248155 3.1029428805755
"375" 367 2.23198890679196 5.68710340968576 3.10527955527074
"376" 368 2.2330031655035 5.69450578499769 3.10761181945221
"377" 369 2.23405196339962 5.70163910126825 3.10993969339602
"378" 370 2.23509258563403 5.70878156772542 3.11226319723051
"379" 371 2.23613737529067 5.71618717502951 3.11458235093762
"380" 372 2.23720942699929 5.7230090864792 3.11689717435432
"381" 373 2.23823393029422 5.73013695557784 3.11920768717414
"382" 374 2.23929816166519 5.73768971665688 3.12151390894843
"383" 375 2.24030240306187 5.74510936792861 3.12381585908803
"384" 376 2.24132832210913 5.75215526601516 3.12611355686435
"385" 377 2.2422957534231 5.75921771629032 3.12840702141099
"386" 378 2.24328940465607 5.76620832536277 3.13069627172491
"387" 379 2.24431517474477 5.77302213026603 3.13298132666784
"388" 380 2.24539601229281 5.77992239496438 3.13526220496763
"389" 381 2.24643029171063 5.78693250892633 3.13753892521951
"390" 382 2.24740585841749 5.7939117040668 3.13981150588729
"391" 383 2.24837389712939 5.80110538658303 3.14207996530484
"392" 384 2.24934220823753 5.80819668936705 3.14434432167713
"393" 385 2.25040510392772 5.81520930008633 3.1466045930816
"394" 386 2.2513730169821 5.82238597504199 3.14886079746929
"395" 387 2.25233719631662 5.82919614773964 3.15111295266612
"396" 388 2.25323009806359 5.83656573288258 3.15336107637411
"397" 389 2.25426177382623 5.84335631762626 3.15560518617245
"398" 390 2.25524157816914 5.85013886950271 3.15784529951868
"399" 391 2.25629866741962 5.85776193843696 3.16008143374996
"400" 392 2.2573145429672 5.86468313500727 3.16231360608417
"401" 393 2.25837646657607 5.87175297289598 3.16454183362086
"402" 394 2.25936554728813 5.87855334273913 3.16676613334259
"403" 395 2.26034188997493 5.8858005617538 3.16898652211589
"404" 396 2.2612740268755 5.89261381797379 3.17120301669238
"405" 397 2.26214165908739 5.89970500903331 3.17341563370994
"406" 398 2.26303434855605 5.90625183491022 3.17562438969351
"407" 399 2.26390296305185 5.91294756995236 3.17782930105642
"408" 400 2.26482749480549 5.92029762558136 3.18003038410125
"409" 401 2.26575659187396 5.92765023926258 3.18222765502095
"410" 402 2.26667241688166 5.9348701374431 3.18442112989969
"411" 403 2.26761977147961 5.94194367824034 3.1866108247141
"412" 404 2.26858106336476 5.94939164245661 3.18879675533406
"413" 405 2.26952638047822 5.95619696575359 3.19097893752371
"414" 406 2.27043529701203 5.96313700604491 3.19315738694257
"415" 407 2.27138338779438 5.97011695013547 3.19533211914618
"416" 408 2.27236754603536 5.9769512833339 3.19750314958742
"417" 409 2.2733272696871 5.98421387244391 3.19967049361709
"418" 410 2.27433015498643 5.99071863808499 3.20183416648504
"419" 411 2.27527543520038 5.99773243149747 3.20399418334104
"420" 412 2.27623256472116 6.00459262730038 3.20615055923569
"421" 413 2.27717209820522 6.01200225497972 3.20830330912123
"422" 414 2.27810564471543 6.01891302389668 3.21045244785246
"423" 415 2.27903072112998 6.0259199322757 3.21259799018766
"424" 416 2.27994476405163 6.03298933451703 3.21473995078941
"425" 417 2.28085418336479 6.04003395349853 3.21687834422538
"426" 418 2.28179627240207 6.04711132907561 3.21901318496935
"427" 419 2.28268333494802 6.05398952024016 3.22114448740174
"428" 420 2.28359476509135 6.06062715319369 3.22327226581079
"429" 421 2.28447991526191 6.06746470423475 3.22539653439298
"430" 422 2.28541737664729 6.07381435930189 3.22751730725429
"431" 423 2.28627694840219 6.081028929039 3.22963459841053
"432" 424 2.28718115953654 6.0883491936527 3.23174842178845
"433" 425 2.28806721833882 6.09537229504095 3.23385879122639
"434" 426 2.2889599625303 6.10230911403723 3.23596572047506
"435" 427 2.28982259823215 6.10913568269629 3.23806922319828
"436" 428 2.2907458860223 6.11584887968702 3.2401693129737
"437" 429 2.29165386408102 6.12249114345695 3.24226600329377
"438" 430 2.29254603021542 6.12934673678583 3.24435930756614
"439" 431 2.29340426137199 6.13634700601292 3.24644923911464
"440" 432 2.29426884671661 6.14302581298941 3.2485358111798
"441" 433 2.29516878367378 6.14952659774246 3.25061903691976
"442" 434 2.2960912628095 6.15641144619618 3.25269892941086
"443" 435 2.29697129881634 6.16315707263425 3.25477550164829
"444" 436 2.29789625925483 6.17000142437156 3.25684876654699
"445" 437 2.29875384758225 6.176566472464 3.258918736942
"446" 438 2.29969336150654 6.18294053110796 3.26098542558939
"447" 439 2.30056931966909 6.18982151296933 3.26304884516695
"448" 440 2.30140812831166 6.19646825204533 3.26510900827461
"449" 441 2.30235952207987 6.20307475164888 3.26716592743524
"450" 442 2.30320656653614 6.20990686577901 3.26921961509546
"451" 443 2.30406009217153 6.21643649350002 3.27127008362585
"452" 444 2.30494812182747 6.22339450483866 3.27331734532197
"453" 445 2.30585401253947 6.22995061172285 3.27536141240493
"454" 446 2.30672163224655 6.23634237332039 3.27740229702184
"455" 447 2.30759663709172 6.24312618572652 3.27944001124641
"456" 448 2.30845128412623 6.25001845984204 3.28147456707987
"457" 449 2.30925872681802 6.25607742633544 3.2835059764512
"458" 450 2.31015790990767 6.26335675843305 3.28553425121794
"459" 451 2.3110278468632 6.27022173703903 3.28755940316666
"460" 452 2.31191534998407 6.27650656465223 3.2895814440137
"461" 453 2.31283155230541 6.28326000106065 3.29160038540551
"462" 454 2.31367070255313 6.28984707851975 3.29361623891944
"463" 455 2.31453007111407 6.29608751039165 3.29562901606415
"464" 456 2.31538817825423 6.30266457273687 3.29763872828034
"465" 457 2.31624144047187 6.30956022272981 3.299645386941
"466" 458 2.31713805732131 6.31620823076342 3.30164900335226
"467" 459 2.3179902545946 6.32255409334998 3.30364958875383
"468" 460 2.31883358466988 6.32900210964699 3.30564715431945
"469" 461 2.31969554300162 6.33494731061548 3.30764171115756
"470" 462 2.32053967572836 6.34167801828642 3.30963327031165
"471" 463 2.32137820850054 6.34834330174267 3.31162184276097
"472" 464 2.32224375774621 6.3549585559301 3.31360743942092
"473" 465 2.32310251287844 6.36151107809424 3.31559007114352
"474" 466 2.32398488074719 6.36788922539305 3.31756974871814
"475" 467 2.32486833935039 6.3739746168524 3.31954648287161
"476" 468 2.3256800635462 6.38034607550457 3.3215202842691
"477" 469 2.32653018155808 6.38701182277429 3.32349116351446
"478" 470 2.32736180645303 6.39354161143534 3.32545913115063
"479" 471 2.32821952991464 6.40014663648238 3.32742419766008
"480" 472 2.32902898314057 6.40643533398447 3.32938637346564
"481" 473 2.32982412983448 6.41283510294941 3.33134566893044
"482" 474 2.33067930341436 6.41951493784856 3.33330209435883
"483" 475 2.33152086225499 6.42585442742485 3.33525565999656
"484" 476 2.33237347533313 6.43245809892889 3.33720637603133
"485" 477 2.33321904643023 6.43901772176813 3.33915425259323
"486" 478 2.33395495579781 6.4452436012861 3.34109929975525
"487" 479 2.33477589535467 6.451782533409 3.34304152753361
"488" 480 2.33564851190045 6.45787585092527 3.34498094588823
"489" 481 2.3365221200749 6.46382879307328 3.34691756472334
"490" 482 2.3372810938829 6.47037027430599 3.34885139388748
"491" 483 2.33802587499142 6.47652556206938 3.35078244317447
"492" 484 2.33878727714006 6.48269989342051 3.35271072232334
"493" 485 2.33955841378289 6.48896890616661 3.35463624101916
"494" 486 2.34032812128214 6.49515308837215 3.35655900889301
"495" 487 2.34113093344984 6.50141944432891 3.35847903552291
"496" 488 2.34193252576111 6.50778294046793 3.36039633043371
"497" 489 2.34269471700788 6.5143252146575 3.36231090309785
"498" 490 2.34353821405528 6.52098248477003 3.36422276293567
"499" 491 2.34439977469062 6.52718794696346 3.36613191931566
"500" 492 2.34520266860334 6.53327091050126 3.36803838155493
"501" 493 2.34600775327272 6.53961551894381 3.36994215891984
"502" 494 2.34681063602249 6.5459262608172 3.37184326062593
"503" 495 2.34757096526165 6.55229892117769 3.37374169583854
"504" 496 2.34832982373905 6.55861917202862 3.37563747367342
"505" 497 2.3491307731407 6.56493992215313 3.37753060319649
"506" 498 2.3499558590645 6.57104445262867 3.37942109342498
"507" 499 2.3507812992424 6.57696991729772 3.38130895332699
"508" 500 2.35159066042765 6.58286758420042 3.38319419182252
"509" 501 2.35241287283156 6.5894307407004 3.38507681778339
"510" 502 2.35312371196433 6.59541651776707 3.38695684003396
"511" 503 2.35391810233639 6.60143425183211 3.38883426735099
"512" 504 2.35469421729547 6.60744839409352 3.39070910846456
"513" 505 2.35548352721655 6.61359388416815 3.39258137205793
"514" 506 2.35630610851682 6.61999896845318 3.39445106676823
"515" 507 2.35714894762035 6.62583504057733 3.39631820118651
"516" 508 2.35790783983085 6.63212781022053 3.39818278385826
"517" 509 2.35862124665275 6.63820294719999 3.40004482328373
"518" 510 2.35941593480554 6.64455302618534 3.40190432791819
"519" 511 2.36021005091088 6.65051447163103 3.40376130617227
"520" 512 2.36102741746671 6.65643063145593 3.40561576641241
"521" 513 2.36182631892645 6.6629061854526 3.40746771696087
"522" 514 2.3626068200841 6.66937244836488 3.4093171660965
"523" 515 2.36341106954197 6.67529161086235 3.41116412205454
"524" 516 2.36416511333281 6.68171208977914 3.41300859302726
"525" 517 2.36489324013977 6.68791794352905 3.41485058716437
"526" 518 2.36564268699621 6.69392571239365 3.41669011257297
"527" 519 2.36645993982287 6.69979358560572 3.41852717731812
"528" 520 2.36720100949797 6.70574539419571 3.42036178942298
"529" 521 2.36791408051761 6.71174520041771 3.42219395686918
"530" 522 2.3686486525067 6.71810560741036 3.4240236875973
"531" 523 2.36942321285008 6.72416224897256 3.42585098950666
"532" 524 2.37016468199176 6.73035526364147 3.42767587045626
"533" 525 2.37091537504601 6.73622360360737 3.42949833826447
"534" 526 2.37160707442971 6.74266668746661 3.43131840070975
"535" 527 2.37235807905039 6.74857574925641 3.4331360655306
"536" 528 2.37317569862787 6.75441053070364 3.43495134042619
"537" 529 2.37393160619827 6.76053578502026 3.43676423305623
"538" 530 2.37464534900063 6.76653355046092 3.43857475104169
"539" 531 2.37542425122312 6.77293675820493 3.44038290196449
"540" 532 2.37611408703202 6.77907536742306 3.44218869336856
"541" 533 2.37686240999999 6.78491090977015 3.44399213275936
"542" 534 2.37760584054881 6.79108211257959 3.44579322760447
"543" 535 2.37834619422983 6.7970519316592 3.44759198533397
"544" 536 2.37912536952202 6.80323866272154 3.44938841334037
"545" 537 2.37986158741602 6.80926988799695 3.4511825189792
"546" 538 2.38059508681815 6.81505106335238 3.45297430956917
"547" 539 2.38137109169675 6.82094257487243 3.45476379239221
"548" 540 2.38207112234196 6.82702718142962 3.45655097469391
"549" 541 2.3827955919617 6.83316890387498 3.45833586368385
"550" 542 2.38351429593092 6.83923438800679 3.46011846653577
"551" 543 2.38423890852274 6.8455342278811 3.46189879038755
"552" 544 2.38495660234534 6.85157285567672 3.46367684234191
"553" 545 2.38572433057573 6.85743896770205 3.46545262946633
"554" 546 2.3865043394107 6.8636324989637 3.46722615879342
"555" 547 2.38726343833349 6.86976396944022 3.46899743732118
"556" 548 2.38792927930925 6.87593372900687 3.47076647201298
"557" 549 2.38866040007363 6.88178661473928 3.47253326979816
"558" 550 2.38942673139189 6.88766738063834 3.47429783757202
"559" 551 2.39013101526381 6.8937230272363 3.47606018219614
"560" 552 2.39080780991662 6.8997734469691 3.47782031049864
"561" 553 2.39157456501315 6.90570837343239 3.47957822927424
"562" 554 2.39229136900539 6.9118502517501 3.48133394528456
"563" 555 2.39300820311593 6.91778060566514 3.48308746525844
"564" 556 2.3936871079065 6.92383106624949 3.48483879589216
"565" 557 2.39444460190386 6.92948228942128 3.48658794384943
"566" 558 2.39515120467974 6.93509165458408 3.48833491576185
"567" 559 2.39585527113659 6.94107381859281 3.49007971822907
"568" 560 2.39655954017785 6.94711520932945 3.49182235781871
"569" 561 2.39721661492169 6.95355098493493 3.49356284106718
"570" 562 2.39789478424712 6.95968675702811 3.49530117447936
"571" 563 2.39862782924207 6.9656459699825 3.49703736452886
"572" 564 2.39936298990836 6.97157647895961 3.49877141765856
"573" 565 2.4000607981939 6.97756000789936 3.5005033402804
"574" 566 2.40078507107352 6.98307505080733 3.50223313877593
"575" 567 2.40146691872872 6.98916334719957 3.50396081949622
"576" 568 2.40214911397886 6.99515924885785 3.50568638876227
"577" 569 2.40284435145681 7.00076937862621 3.50740985286508
"578" 570 2.40353391187179 7.00638662256429 3.50913121806595
"579" 571 2.40423950486798 7.01209618207135 3.51085049059657
"580" 572 2.40491959430588 7.01804865654323 3.51256767665926
"581" 573 2.40569322389968 7.02408730283234 3.51428278242706
"582" 574 2.40639025115841 7.0300413119479 3.51599581404423
"583" 575 2.40710603111408 7.03597446820493 3.51770677762594
"584" 576 2.40774661812402 7.04174315923995 3.51941567925904
"585" 577 2.40842615478236 7.04741568959817 3.52112252500168
"586" 578 2.40915660368194 7.05340077943292 3.52282732088391
"587" 579 2.40987846988056 7.05943601814902 3.52453007290756
"588" 580 2.41052165873451 7.06534389618699 3.52623078704658
"589" 581 2.41116258116376 7.07076653683568 3.52792946924741
"590" 582 2.41181370740093 7.07629229918871 3.52962612542869
"591" 583 2.41248496314257 7.08249964984255 3.53132076148167
"592" 584 2.41321068493262 7.08817735823182 3.53301338327071
"593" 585 2.41389749787705 7.09384574761283 3.5347039966327
"594" 586 2.41456159497664 7.09953582333341 3.53639260737811
"595" 587 2.41528851431644 7.10529083057582 3.5380792212904
"596" 588 2.41597721071524 7.11111094449528 3.53976384412662
"597" 589 2.41661445861497 7.11689848779629 3.54144648161745
"598" 590 2.41737576891823 7.12273804631201 3.54312713946751
"599" 591 2.41803214110071 7.12845199913974 3.54480582335516
"600" 592 2.41873787400014 7.13442716191888 3.546482538933
"601" 593 2.41944637466274 7.14027111213353 3.54815729182809
"602" 594 2.42014660402988 7.14609215165513 3.54983008764166
"603" 595 2.42081641632842 7.15171731841953 3.55150093194976
"604" 596 2.42151079532045 7.15775335750022 3.55316983030314
"605" 597 2.42218477807747 7.16415237714492 3.55483678822748
"606" 598 2.42282773361862 7.16940763998659 3.55650181122356
"607" 599 2.42352317588353 7.17524221149629 3.55816490476742
"608" 600 2.42414006691695 7.18101533102305 3.55982607431055
"609" 601 2.42478757534507 7.18682943770672 3.5614853252797
"610" 602 2.42540038295055 7.19285805903101 3.56314266307769
"611" 603 2.42602250779277 7.19865812633334 3.56479809308289
"612" 604 2.4266876424671 7.20433822602906 3.56645162064979
"613" 605 2.42735629526556 7.21016144493393 3.56810325110918
"614" 606 2.42801994494957 7.21590355827486 3.56975298976772
"615" 607 2.42868706683215 7.22150341919808 3.57140084190886
"616" 608 2.42934683908547 7.2273138950488 3.57304681279241
"617" 609 2.43002076812707 7.23301453621113 3.57469090765506
"618" 610 2.43068547035987 7.23875582802813 3.5763331317103
"619" 611 2.43133944804577 7.2445180898629 3.57797349014843
"620" 612 2.43195752393348 7.25035455162077 3.57961198813722
"621" 613 2.43265760007268 7.2561436898307 3.58124863082137
"622" 614 2.43336184439717 7.26198969622802 3.58288342332318
"623" 615 2.43398364484339 7.26786379049563 3.58451637074259
"624" 616 2.4346519997229 7.27370511013728 3.58614747815692
"625" 617 2.43531385676156 7.27950107301977 3.58777675062156
"626" 618 2.4359660608688 7.28501123055786 3.58940419316968
"627" 619 2.43662411100217 7.29068803549717 3.59102981081264
"628" 620 2.43736319311367 7.29659389872572 3.59265360853997
"629" 621 2.43800830953733 7.3023775047956 3.59427559131955
"630" 622 2.43865074267715 7.30821435304448 3.59589576409774
"631" 623 2.43928301804645 7.31429957440893 3.59751413179934
"632" 624 2.43991788697751 7.31981484149269 3.59913069932803
"633" 625 2.44054034449328 7.32566913286474 3.60074547156636
"634" 626 2.44119829588929 7.33149774921743 3.60235845337578
"635" 627 2.44184191760866 7.33720841080457 3.6039696495968
"636" 628 2.44247665527935 7.34283613905055 3.60557906504926
"637" 629 2.44311723990384 7.34849397174768 3.60718670453215
"638" 630 2.44377618321164 7.35367533004144 3.6087925728242
"639" 631 2.44441733080353 7.3596208683971 3.61039667468338
"640" 632 2.44501933081869 7.36517331396317 3.61199901484778
"641" 633 2.44567032082235 7.37071253058165 3.61359959803488
"642" 634 2.44632446056506 7.3764963844356 3.61519842894237
"643" 635 2.44697742367725 7.38191570189938 3.61679551224791
"644" 636 2.44763239233481 7.38763743658073 3.61839085260935
"645" 637 2.44821873839912 7.39334604618077 3.61998445466473
"646" 638 2.44882206477702 7.39891861976415 3.62157632303276
"647" 639 2.44947629115129 7.40443235481816 3.62316646231237
"648" 640 2.45015841697578 7.40993905285776 3.62475487708318
"649" 641 2.45082602748638 7.41543285169727 3.62634157190561
"650" 642 2.45146346494675 7.42090284235347 3.62792655132099
"651" 643 2.45211643841336 7.42631617473559 3.62950981985144
"652" 644 2.45276156757914 7.43186919517383 3.6310913820002
"653" 645 2.45342339968816 7.43713268510518 3.63267124225185
"654" 646 2.45406820634517 7.44279468622417 3.63424940507206
"655" 647 2.45465318732223 7.44830627839345 3.63582587490799
"656" 648 2.45532927657717 7.45377588521123 3.63740065618816
"657" 649 2.45596192017047 7.45930024996049 3.63897375332296
"658" 650 2.45657930313901 7.46502841463725 3.64054517070415
"659" 651 2.45720335522293 7.47052940518453 3.64211491270562
"660" 652 2.45786935851522 7.47572108543648 3.64368298368287
"661" 653 2.4585366270231 7.48131868359946 3.64524938797371
"662" 654 2.45917397719871 7.48679168133993 3.64681412989793
"663" 655 2.45983479446349 7.49209159217838 3.64837721375748
"664" 656 2.46046491002148 7.49747193114757 3.64993864383672
"665" 657 2.46113738315754 7.50299837214515 3.65149842440231
"666" 658 2.46177114470593 7.50822042487106 3.65305655970369
"667" 659 2.46237950506419 7.5135940373566 3.65461305397269
"668" 660 2.46305388246895 7.51900689326766 3.65616791142376
"669" 661 2.46369365356997 7.52442026649596 3.65772113625452
"670" 662 2.46433232102967 7.52991110991763 3.65927273264511
"671" 663 2.46493992118672 7.53541489826252 3.66082270475897
"672" 664 2.46556896073048 7.54091603395016 3.66237105674243
"673" 665 2.46616950619272 7.54638302501787 3.66391779272517
"674" 666 2.46677236755116 7.55169960384822 3.66546291681993
"675" 667 2.46737116389573 7.55690843764756 3.66700643312317
"676" 668 2.46794657245705 7.5623057917782 3.66854834571436
"677" 669 2.46859014900396 7.56761460658938 3.67008865865701
"678" 670 2.46921915437781 7.57295716175167 3.67162737599797
"679" 671 2.46981893492744 7.57832430745668 3.67316450176794
"680" 672 2.47041711161478 7.58379675701284 3.67470003998136
"681" 673 2.47106162236772 7.58927757698458 3.67623399463677
"682" 674 2.4716701403884 7.59481078576743 3.67776636971648
"683" 675 2.47225620162631 7.60042389378524 3.67929716918698
"684" 676 2.47286769612591 7.60597695973695 3.68082639699911
"685" 677 2.47349224268867 7.61144772606586 3.68235405708779
"686" 678 2.47411261241678 7.61689939790775 3.6838801533723
"687" 679 2.47470472113446 7.62241751773663 3.68540468975645
"688" 680 2.47528194859567 7.6279237879325 3.68692767012852
"689" 681 2.4758800386251 7.63303249754027 3.68844909836141
"690" 682 2.47650377939978 7.63797212206329 3.68996897831264
"691" 683 2.47714102946174 7.6433331666469 3.69148731382465
"692" 684 2.47780611499059 7.64886337138824 3.69300410872462
"693" 685 2.47843315102708 7.65442507367649 3.69451936682463
"694" 686 2.47908325942683 7.66006021408009 3.69603309192196
"695" 687 2.47972637434578 7.66539830574073 3.69754528779883
"696" 688 2.48029613419494 7.67092624702559 3.69905595822261
"697" 689 2.48090409959574 7.67644589250941 3.70056510694619
"698" 690 2.4814888093834 7.6818803491441 3.7020727377074
"699" 691 2.4820865049508 7.68692243623912 3.70357885422989
"700" 692 2.48276534388201 7.69245900159662 3.70508346022236
"701" 693 2.48336939595816 7.69795969053106 3.70658655937965
"702" 694 2.4839528361989 7.70361472230186 3.7080881553817
"703" 695 2.48454822894465 7.70918656763798 3.70958825189444
"704" 696 2.48513335835544 7.71479643900972 3.71108685256966
"705" 697 2.48570835363919 7.7202319776299 3.71258396104483
"706" 698 2.48626904917371 7.72560153491698 3.71407958094356
"707" 699 2.48686329247094 7.73096740395045 3.71557371587535
"708" 700 2.4874588551542 7.73632959253483 3.71706636943586
"709" 701 2.48802424445528 7.74169112820731 3.71855754520684
"710" 702 2.48860186471163 7.74713871881103 3.72004724675646
"711" 703 2.48920425758518 7.75281938322087 3.72153547763903
"712" 704 2.48980306824218 7.7580332171761 3.72302224139546
"713" 705 2.4904173458075 7.76352469433508 3.72450754155276
"714" 706 2.49103084126345 7.76909390043853 3.72599138162479
"715" 707 2.49164185293613 7.77420573167344 3.72747376511186
"716" 708 2.49225454451521 7.77955213092645 3.72895469550113
"717" 709 2.49288098686865 7.78479700136625 3.7304341762663
"718" 710 2.49346527533003 7.79031237734982 3.73191221086799
"719" 711 2.49401409244456 7.79537962030636 3.73338880275358
"720" 712 2.49458206116222 7.80043735426431 3.73486395535752
"721" 713 2.49517082441985 7.80570662457553 3.73633767210129
"722" 714 2.49576481959491 7.81102422333021 3.73780995639342
"723" 715 2.49637640537519 7.81632599101693 3.73928081162945
"724" 716 2.49691605391814 7.82161802679127 3.74075024119226
"725" 717 2.49750920288365 7.82658460364511 3.74221824845206
"726" 718 2.49802831782968 7.83151217253837 3.7436848367663
"727" 719 2.49861500383313 7.83674744070437 3.74515000947999
"728" 720 2.49919388806072 7.84182452860969 3.74661376992543
"729" 721 2.49981768722849 7.84733908898167 3.74807612142251
"730" 722 2.50041610084416 7.85285764419291 3.74953706727886
"731" 723 2.50099330767229 7.85830409863574 3.75099661078969
"732" 724 2.50159607377251 7.86346363809313 3.75245475523771
"733" 725 2.50213867069447 7.86884608980695 3.7539115038939
"734" 726 2.50266739042029 7.87406491537606 3.75536686001673
"735" 727 2.50323521716539 7.87928543316706 3.75682082685264
"736" 728 2.50383919045288 7.88443583458362 3.75827340763617
"737" 729 2.50441171571094 7.88961411710835 3.75972460558987
"738" 730 2.50499725007739 7.89478414717865 3.76117442392421
"739" 731 2.50559441026856 7.89995071513282 3.76262286583811
"740" 732 2.50617774536989 7.90537739244931 3.76406993451847
"741" 733 2.5067113742216 7.91065850196431 3.76551563314056
"742" 734 2.50728582551886 7.91598668118533 3.76695996486794
"743" 735 2.50779231909026 7.92141284100801 3.76840293285271
"744" 736 2.50831700627669 7.92604893865474 3.76984454023532
"745" 737 2.50892579957267 7.93105929650194 3.77128479014477
"746" 738 2.50953861810269 7.93606169478305 3.7727236856985
"747" 739 2.51015840531704 7.94116764892953 3.77416123000261
"748" 740 2.51072829761701 7.94616004870854 3.77559742615218
"749" 741 2.51130345997104 7.951438385586 3.77703227723066
"750" 742 2.51185285233555 7.95645623322705 3.7784657863105
"751" 743 2.51244773327739 7.96147225274007 3.77989795645296
"752" 744 2.51300549486056 7.96680490712321 3.78132879070808
"753" 745 2.51352392314745 7.9719626393162 3.78275829211505
"754" 746 2.51409441372437 7.97710079456233 3.78418646370199
"755" 747 2.51460960551821 7.98222506195225 3.78561330848606
"756" 748 2.51514632368609 7.98743911723388 3.78703882947375
"757" 749 2.51564828222667 7.99240673964699 3.78846302966044
"758" 750 2.51620703220395 7.99728163292914 3.78988591203084
"759" 751 2.51680825260387 8.00221865445879 3.79130747955919
"760" 752 2.51734108798179 8.00732810672054 3.79272773520862
"761" 753 2.51785530787248 8.01231362380266 3.79414668193193
"762" 754 2.51836186184598 8.01760704901886 3.79556432267146
"763" 755 2.51889130358248 8.02253192113653 3.79698066035882
"764" 756 2.51944755510589 8.02743666478768 3.79839569791519
"765" 757 2.51998611463446 8.03234580313131 3.79980943825161
"766" 758 2.52050776154907 8.03725164693827 3.80122188426839
"767" 759 2.52102757860391 8.04239698789386 3.80263303885579
"768" 760 2.52156511550439 8.04812850783206 3.80404290489373
"769" 761 2.52210929756711 8.0532248100131 3.805451485252
"770" 762 2.52265550916094 8.05775689098192 3.80685878279004
"771" 763 2.52318644819559 8.06232509733857 3.80826480035749
"772" 764 2.52374946724158 8.06745806800945 3.80966954079383
"773" 765 2.5242956863297 8.07261635589331 3.81107300692826
"774" 766 2.52480347422348 8.07795662289258 3.8124752015804
"775" 767 2.52536658496704 8.08327249215347 3.81387612755969
"776" 768 2.52592599102832 8.08824610575297 3.815275787666
"777" 769 2.52652964847367 8.09319638847097 3.81667418468905
"778" 770 2.52710070567879 8.09825008842296 3.81807132140901
"779" 771 2.52768648104875 8.10340217145187 3.81946720059626
"780" 772 2.5282620619711 8.10837531819998 3.82086182501155
"781" 773 2.52876200626053 8.11349207098117 3.82225519740601
"782" 774 2.52924289878324 8.11877520478317 3.82364732052107
"783" 775 2.52980448315897 8.12379610955429 3.82503819708872
"784" 776 2.53035392347427 8.12881832519367 3.82642782983152
"785" 777 2.53092826121414 8.13330385710983 3.82781622146246
"786" 778 2.53148924483675 8.13825141471429 3.82920337468505
"787" 779 2.53197658640627 8.14316427669627 3.83058929219375
"788" 780 2.53256662141356 8.14825485357774 3.83197397667356
"789" 781 2.53309990270272 8.15344489929046 3.83335743080005
"790" 782 2.53366713926942 8.15858730935099 3.83473965723976
"791" 783 2.53421183281038 8.16336841201076 3.83612065864991
"792" 784 2.53468165976941 8.16835230964903 3.83750043767884
"793" 785 2.53517659941631 8.17379189702863 3.83887899696545
"794" 786 2.53567338336525 8.17864381408049 3.84025633913986
"795" 787 2.53623088283049 8.18337651566274 3.84163246682315
"796" 788 2.53684785303239 8.18809960706123 3.84300738262715
"797" 789 2.53746939262046 8.19330625547924 3.84438108915518
"798" 790 2.53800695139571 8.19853716292991 3.84575358900146
"799" 791 2.53847804303439 8.20376972737762 3.84712488475124
"800" 792 2.53897296080908 8.20830161340556 3.84849497898134
"801" 793 2.53953084604171 8.21333654819217 3.84986387425943
"802" 794 2.54003374085179 8.21852509299396 3.85123157314468
"803" 795 2.54057501734766 8.22337444864206 3.85259807818753
"804" 796 2.54109391103244 8.22820629811832 3.85396339192976
"805" 797 2.54156703381713 8.2331114427776 3.85532751690475
"806" 798 2.54213291786403 8.23816523450183 3.85669045563692
"807" 799 2.54269067041528 8.24329087900079 3.85805221064264
"808" 800 2.54317663855646 8.24840765879706 3.85941278442942
"809" 801 2.5437167711452 8.25342097276625 3.86077217949642
"810" 802 2.54426434693567 8.25843800383172 3.86213039833471
"811" 803 2.54479220595299 8.26335106056678 3.8634874434265
"812" 804 2.54533029071447 8.26838103692104 3.86484331724611
"813" 805 2.54581301246449 8.27321077387733 3.86619802225928
"814" 806 2.54631427865161 8.27802736359228 3.86755156092365
"815" 807 2.54684952842237 8.2828285113689 3.8689039356886
"816" 808 2.54737346513946 8.28772219196533 3.87025514899535
"817" 809 2.54788101947577 8.29286920688037 3.87160520327713
"818" 810 2.54840375691133 8.29792617907901 3.87295410095877
"819" 811 2.54892003672109 8.30285076019076 3.87430184445716
"820" 812 2.54943047304741 8.30777238293218 3.87564843618143
"821" 813 2.54994815455305 8.31268633005495 3.87699387853237
"822" 814 2.55044739920903 8.31748468849657 3.87833817390288
"823" 815 2.55096307202406 8.32241865853312 3.87968132467821
"824" 816 2.55155608777589 8.32738850548418 3.88102333323544
"825" 817 2.55210493531219 8.33250416158402 3.88236420194379
"826" 818 2.5526046206939 8.33728182394685 3.883703933165
"827" 819 2.55312319664647 8.34221337761855 3.88504252925266
"828" 820 2.55360032010684 8.34721678756407 3.88637999255298
"829" 821 2.5541269433931 8.35230594568313 3.88771632540407
"830" 822 2.55464307583273 8.35728784543591 3.88905153013679
"831" 823 2.55518137515897 8.3619118240936 3.89038560907397
"832" 824 2.55566083723377 8.36700512033122 3.89171856453105
"833" 825 2.55614960857423 8.3719427039163 3.89305039881604
"834" 826 2.55664704721574 8.3767547099135 3.89438111422905
"835" 827 2.55713571329894 8.38158960933176 3.89571071306301
"836" 828 2.55760172650783 8.38628939784061 3.89703919760331
"837" 829 2.55817171618435 8.39120101769357 3.89836657012791
"838" 830 2.55873217647582 8.39620343605287 3.89969283290724
"839" 831 2.55922794210251 8.40094235955552 3.90101798820443
"840" 832 2.55974914922777 8.40542159984344 3.90234203827545
"841" 833 2.56025895041209 8.41022675715654 3.90366498536879
"842" 834 2.56071265211298 8.41514707211716 3.90498683172576
"843" 835 2.56118236804794 8.42023615878198 3.90630757958023
"844" 836 2.56167259071671 8.42511525002815 3.90762723115916
"845" 837 2.56216639652313 8.43028182154263 3.90894578868223
"846" 838 2.56268274801787 8.43544028106415 3.91026325436179
"847" 839 2.56319347106996 8.44005369756973 3.91157963040341
"848" 840 2.56367683674818 8.4451741007371 3.9128949190054
"849" 841 2.56420256507296 8.45004718341754 3.91420912235909
"850" 842 2.56472167462038 8.45498766730016 3.91552224264858
"851" 843 2.56528196238518 8.45985124613974 3.91683428205134
"852" 844 2.56578539107376 8.46470716133633 3.91814524273755
"853" 845 2.56627766633763 8.46957757548515 3.91945512687081
"854" 846 2.56678256051058 8.47443702718155 3.92076393660749
"855" 847 2.56727662687448 8.47930910281229 3.92207167409725
"856" 848 2.5677680587441 8.48415001750408 3.92337834148307
"857" 849 2.56824622597144 8.48887199830329 3.92468394090067
"858" 850 2.56877056729533 8.4938558098597 3.92598847447961
"859" 851 2.56924277145124 8.49870733047654 3.92729194434222
"860" 852 2.56975639206814 8.50354545061676 3.92859435260429
"861" 853 2.57026023137937 8.50836342732855 3.92989570137501
"862" 854 2.57070963793371 8.51322120447566 3.93119599275684
"863" 855 2.57123753477093 8.51806788908764 3.93249522884537
"864" 856 2.57174291352245 8.52311172802405 3.93379341173013
"865" 857 2.57220549201592 8.52805510613921 3.93509054349349
"866" 858 2.57275195789206 8.53274273063583 3.93638662621171
"867" 859 2.57323357604136 8.53755134911841 3.93768166195433
"868" 860 2.57375427649122 8.54232843332065 3.9389756527845
"869" 861 2.57423518228275 8.54702986620256 3.94026860075878
"870" 862 2.57475550100045 8.55185540723626 3.94156050792748
"871" 863 2.57535057187096 8.55666769542314 3.94285137633446
"872" 864 2.57580363688603 8.56164975250752 3.94414120801683
"873" 865 2.57629493545682 8.56669573781274 3.94543000500603
"874" 866 2.57681987936399 8.57133251098227 3.94671776932666
"875" 867 2.57731642497127 8.57620795784955 3.94800450299728
"876" 868 2.57772868403304 8.58110337215354 3.94929020803002
"877" 869 2.57825193713683 8.58587344370781 3.95057488643075
"878" 870 2.57878988484977 8.59072310531197 3.95185854019947
"879" 871 2.57930181951088 8.59557929090868 3.95314117132943
"880" 872 2.57981441974889 8.60034118393735 3.95442278180818
"881" 873 2.58029616226014 8.60506975901846 3.95570337361708
"882" 874 2.58073389391205 8.6098099464844 3.95698294873109
"883" 875 2.581221259646 8.61454253791829 3.95826150911939
"884" 876 2.5817838664695 8.61934620645391 3.95953905674482
"885" 877 2.58223188173809 8.62421148719842 3.96081559356451
"886" 878 2.58270132755886 8.62899949529276 3.96209112152944
"887" 879 2.5831551157453 8.63395264550945 3.96336564258454
"888" 880 2.58364471698866 8.63882659945595 3.96463915866881
"889" 881 2.58410403733886 8.64367688401174 3.96591167171539
"890" 882 2.58459821167929 8.64839505276433 3.96718318365142
"891" 883 2.58507931399841 8.65329894403724 3.96845369639829
"892" 884 2.58554841387436 8.65825138093522 3.96972321187118
"893" 885 2.58601627687702 8.66296145579484 3.97099173198003
"894" 886 2.5864886895046 8.66759360041865 3.97225925862849
"895" 887 2.58695038664222 8.67231378565391 3.97352579371454
"896" 888 2.58745002180108 8.67708793600375 3.97479133913051
"897" 889 2.58797219339798 8.68149434707701 3.97605589676275
"898" 890 2.58841131356704 8.68611091557002 3.97731946849234
"899" 891 2.58889954807554 8.69057943126734 3.97858205619417
"900" 892 2.58938622161698 8.69536153367371 3.97984366173788
"901" 893 2.58987856360445 8.70028540919603 3.98110428698703
"902" 894 2.59033306460906 8.70509243291865 3.9823639338
"903" 895 2.59077119851041 8.70976626656733 3.98362260402937
"904" 896 2.59128091103029 8.71490807872145 3.98488029952198
"905" 897 2.59171790083618 8.71997164834648 3.98613702211941
"906" 898 2.59221126671692 8.72414560684808 3.98739277365773
"907" 899 2.5926736232189 8.72914550999995 3.98864755596721
"908" 900 2.59314415959895 8.7341086213085 3.98990137087277
"909" 901 2.59360372656867 8.73878061697461 3.99115422019403
"910" 902 2.59415628720061 8.74355378536331 3.99240610574513
"911" 903 2.59458842718267 8.74869358203404 3.99365702933439
"912" 904 2.59499109695842 8.7538068737904 3.99490699276534
"913" 905 2.59546640587564 8.75857258742203 3.99615599783567
"914" 906 2.59595189261571 8.7629620978828 3.99740404633815
"915" 907 2.59643692902659 8.76774511706113 3.99865114005977
"916" 908 2.59688992791247 8.77239888935638 3.99989728078259
"917" 909 2.59733069769809 8.7773664365702 4.00114247028302
"918" 910 2.59777295681477 8.78221736148045 4.00238671033259
"919" 911 2.59826006045563 8.78691608771117 4.00363000269735
"920" 912 2.59874692143259 8.79179054029568 4.00487234913807
"921" 913 2.59923445267288 8.79652700716707 4.00611375141075
"922" 914 2.59972201704823 8.80113185899829 4.0073542112656
"923" 915 2.60021333134279 8.80586998052239 4.00859373044824
"924" 916 2.60068639737399 8.81015705575786 4.00983231069866
"925" 917 2.6011644741537 8.81487689158131 4.01106995375216
"926" 918 2.6016615878818 8.81949786415095 4.01230666133847
"927" 919 2.60211412685704 8.8240964539481 4.01354243518295
"928" 920 2.60258046259045 8.82869165801152 4.01477727700514
"929" 921 2.60307250861587 8.83327530141169 4.01601118852014
"930" 922 2.60353583906695 8.83807624985705 4.01724417143753
"931" 923 2.60396712571129 8.84263289325109 4.01847622746241
"932" 924 2.60443627693997 8.84745436276376 4.01970735829453
"933" 925 2.60492305316199 8.85208473004379 4.02093756562879
"934" 926 2.60540794082894 8.85657852549148 4.02216685115525
"935" 927 2.60587762372696 8.86113077532787 4.02339521655887
"936" 928 2.606353929488 8.86583383278061 4.02462266352002
"937" 929 2.60686361920581 8.87041951210813 4.02584919371386
"938" 930 2.60734326164588 8.87499912119924 4.0270748088109
"939" 931 2.60781357771974 8.87959252194834 4.02829951047682
"940" 932 2.60826275129053 8.88415083644313 4.02952330037226
"941" 933 2.60870893427538 8.88858499797772 4.03074618015327
"942" 934 2.60917297389441 8.89310762669033 4.03196815147111
"943" 935 2.60959792827011 8.89783628863487 4.03318921597234
"944" 936 2.61004705791597 8.90238727666548 4.03440937529857
"945" 937 2.61054296792069 8.90664467893471 4.03562863108665
"946" 938 2.61099518904879 8.91117689625148 4.03684698496911
"947" 939 2.61139081868845 8.91574748390465 4.03806443857355
"948" 940 2.61188835009515 8.92031568933855 4.0392809935228
"949" 941 2.61237625709504 8.92488151632752 4.04049665143524
"950" 942 2.61286052848849 8.92944496863509 4.04171141392444
"951" 943 2.61328266377446 8.93406718517454 4.04292528259952
"952" 944 2.61375372380445 8.93878809096468 4.044138259065
"953" 945 2.61417405361437 8.94311859264359 4.04535034492061
"954" 946 2.61465398294292 8.94766843451411 4.04656154176177
"955" 947 2.61515823477011 8.95222674099964 4.04777185117923
"956" 948 2.61562861064156 8.9567760237089 4.04898127475934
"957" 949 2.61608114209022 8.96132295780819 4.05018981408378
"958" 950 2.61648126294044 8.96603948785113 4.05139747072969
"959" 951 2.61685541434414 8.97052788583359 4.05260424627019
"960" 952 2.61728037906379 8.97502321874717 4.05381014227327
"961" 953 2.61768654827918 8.97976630249175 4.05501516030319
"962" 954 2.61812296822756 8.98472159508911 4.05621930191902
"963" 955 2.61857028961237 8.9896746156735 4.05742256867627
"964" 956 2.61901746060369 8.99442073675346 4.05862496212536
"965" 957 2.61946554706481 8.99878362874628 4.05982648381284
"966" 958 2.61990054386946 9.00314419639603 4.06102713528049
"967" 959 2.62031602544256 9.00782313596865 4.06222691806617
"968" 960 2.6207350831293 9.01248447056514 4.06342583370311
"969" 961 2.62120482756259 9.01713882026744 4.06462388372033
"970" 962 2.62168517120254 9.02179088145786 4.06582106964252
"971" 963 2.62210694200444 9.02650710481461 4.06701739299029
"972" 964 2.62255788726217 9.03130174712511 4.06821285527992
"973" 965 2.62303834749887 9.03593860355191 4.06940745802317
"974" 966 2.62341847452697 9.04040823505981 4.0706012027282
"975" 967 2.62386725929193 9.04484217795211 4.07179409089823
"976" 968 2.62435454359746 9.04921449856382 4.07298612403273
"977" 969 2.62478518645276 9.05337108870945 4.07417730362712
"978" 970 2.62521534067137 9.05764821587145 4.07536763117219
"979" 971 2.62565911039266 9.06244983992324 4.07655710815516
"980" 972 2.62610479153562 9.06685594571984 4.07774573605861
"981" 973 2.62656103558047 9.07123634212343 4.0789335163614
"982" 974 2.62699846958466 9.07555246096977 4.08012045053796
"983" 975 2.6274458269053 9.08000649714819 4.08130654005899
"984" 976 2.62784446437652 9.08440589651544 4.08249178639079
"985" 977 2.62826989670195 9.08894563429581 4.08367619099594
"986" 978 2.6286833658117 9.09348313110868 4.08485975533281
"987" 979 2.62908758037873 9.09792072643285 4.08604248085561
"988" 980 2.62954383159836 9.10193583885877 4.08722436901498
"989" 981 2.62995091031448 9.10648582278736 4.08840542125713
"990" 982 2.63042966252316 9.11122106360141 4.08958563902456
"991" 983 2.63086831532841 9.11581125808514 4.09076502375585
"992" 984 2.63128481848891 9.12059289737121 4.09194357688528
"993" 985 2.63172958966615 9.12513425285128 4.09312129984356
"994" 986 2.63211657421207 9.12957620164625 4.09429819405743
"995" 987 2.63253498782756 9.13374004904678 4.09547426094966
"996" 988 2.63296668246595 9.13792213813191 4.09664950193924
"997" 989 2.63338064009822 9.14247613974593 4.09782391844106
"998" 990 2.63381348942569 9.14697958890949 4.09899751186644
"999" 991 2.63426039024858 9.15162050471461 4.10017028362281
"1000" 992 2.63469219973972 9.15605710931051 4.10134223511344
"1001" 993 2.6351561514724 9.16034313920542 4.10251336773839
"1002" 994 2.63559079400859 9.16461587272354 4.10368368289331
"1003" 995 2.63603821004377 9.16891370426857 4.10485318197052
"1004" 996 2.63651455162257 9.1731932558289 4.10602186635845
"1005" 997 2.63698925080022 9.17782931278878 4.10718973744148
"1006" 998 2.63744381960029 9.18236992307527 4.10835679660081
"1007" 999 2.637870829626 9.18700051029526 4.10952304521329
"1008" 1000 2.63832910220014 9.19162894454307 4.11068848465267
