"T" "IC_low" "IC_up" "x_ML"
"1" 1.1 0.630613005080889 0.644069092802523 0.635768627052526
"2" 1.2 0.636433243117068 0.656699531853162 0.64418652088869
"3" 1.3 0.642061106069678 0.668616194698572 0.652212267593158
"4" 1.4 0.647520981181447 0.679954968502675 0.659892341086822
"5" 1.5 0.652804319200776 0.690741765117708 0.667264830138316
"6" 1.6 0.657958695681223 0.701081743238507 0.674361402827519
"7" 1.7 0.662939723222074 0.71107536610495 0.681208717932866
"8" 1.8 0.667798385674003 0.720710031984322 0.687829462078737
"9" 1.9 0.672513565109436 0.730074979650131 0.694243126992316
"10" 2 0.677122393694103 0.739139902681164 0.700466602138806
"11" 3 0.717590835175561 0.820163590498249 0.754785721326668
"12" 4 0.750638886730138 0.891549979796671 0.799466502160094
"13" 5 0.778656268619044 0.957652888284464 0.838121191560537
"14" 6 0.80300481620309 1.0210399664038 0.872565632515599
"15" 7 0.824437617035499 1.08304213661045 0.903862097608336
"16" 8 0.843583476940192 1.14295492867691 0.932694115292216
"17" 9 0.86115940067294 1.20162767378331 0.959531468636729
"18" 10 0.877171008827765 1.25972854989314 0.984713076968716
"19" 11 0.891934682073215 1.31694485749123 1.00849272825449
"20" 12 0.905700696266709 1.37400497971397 1.03106616069028
"21" 13 0.918687174023278 1.42981683632306 1.05258801098991
"22" 14 0.930892565578635 1.48493180226043 1.07318290366559
"23" 15 0.942312747174179 1.53983277994214 1.09295297759698
"24" 16 0.953285586009348 1.59287251101715 1.11198315393838
"25" 17 0.963610344252782 1.64605404235938 1.13034492089641
"26" 18 0.973318284191942 1.69915550573149 1.14809911494545
"27" 19 0.98276119823053 1.75140240959583 1.16529800512039
"28" 20 0.991706252108354 1.80319377578556 1.18198688222781
"29" 21 1.00023519010278 1.85526956312142 1.19820528925606
"30" 22 1.00848858746328 1.90641660723136 1.21398798708991
"31" 23 1.01658182803804 1.95662652016482 1.22936572182607
"32" 24 1.02413546737057 2.00664574690006 1.24436584123898
"33" 25 1.03154101746667 2.05657273601753 1.25901279505696
"34" 26 1.03870710583726 2.10620263447531 1.27332854468605
"35" 27 1.0458569924194 2.15605284131403 1.28733290159966
"36" 28 1.05264348494372 2.20523125434365 1.30104380897726
"37" 29 1.05919449384354 2.2533857706442 1.31447757778289
"38" 30 1.06555168124128 2.30210668455965 1.32764908595994
"39" 31 1.0717005787888 2.35006782984662 1.34057194753423
"40" 32 1.07771988682495 2.39848879708997 1.35325865698883
"41" 33 1.08350317920993 2.44646864813243 1.36572071318174
"42" 34 1.08927252471197 2.49408548439303 1.37796872623315
"43" 35 1.09473080991443 2.54150762990367 1.39001251015204
"44" 36 1.10016498832514 2.5875536155136 1.40186116345511
"45" 37 1.10534944579869 2.633886858885 1.4135231396233
"46" 38 1.11048258427692 2.6811994758224 1.42500630891521
"47" 39 1.11549617151071 2.72777846031255 1.4363180127959
"48" 40 1.12040175218317 2.77399651771656 1.44746511202915
"49" 41 1.12522813105602 2.81949174639943 1.45845402930978
"50" 42 1.13005610428587 2.86555337913607 1.4692907871734
"51" 43 1.13463635567123 2.91116220575978 1.47998104180594
"52" 44 1.13908924137608 2.95661289259459 1.49053011328118
"53" 45 1.14358582033132 3.00264558898058 1.50094301267568
"54" 46 1.1480487200248 3.04743001603046 1.51122446644555
"55" 47 1.15232282083 3.09339414255683 1.52137893839478
"56" 48 1.15656238986782 3.13712677716045 1.53141064951895
"57" 49 1.16066955520548 3.18263716749744 1.5413235959697
"58" 50 1.16470713094748 3.2271211320012 1.55112156535227
"59" 51 1.16876735870367 3.27255205105597 1.56080815154111
"60" 52 1.17275276712876 3.31692124469323 1.5703867681744
"61" 53 1.17668817917618 3.36192195215176 1.5798606609684
"62" 54 1.18055109270927 3.40590935786599 1.58923291897505
"63" 55 1.18441485785767 3.44950508416138 1.59850648489128
"64" 56 1.18801425137827 3.49452269832158 1.60768416451571
"65" 57 1.19156439328316 3.53810842138482 1.61676863543698
"66" 58 1.19510936048684 3.58188592836294 1.62576245502871
"67" 59 1.19861044206079 3.62604749991922 1.63466806781713
"68" 60 1.2020515285766 3.6687899594916 1.6434878122806
"69" 61 1.20552460632994 3.71148511985788 1.65222392713327
"70" 62 1.20891231871793 3.75357920072422 1.66087855714003
"71" 63 1.21225016592864 3.79652877203822 1.66945375850454
"72" 64 1.21551436829617 3.83900132637775 1.677951503868
"73" 65 1.21869428784815 3.8817737054955 1.6863736869523
"74" 66 1.22179758695868 3.92415088707949 1.69472212687814
"75" 67 1.22491285097192 3.96764183276907 1.70299857218511
"76" 68 1.22794468402453 4.0099110833434 1.71120470457873
"77" 69 1.23104861850714 4.05247228590146 1.71934214242652
"78" 70 1.23404918290208 4.09444548060395 1.72741244402338
"79" 71 1.23710005877064 4.13711802929616 1.73541711064459
"80" 72 1.24012956323627 4.18103042047991 1.74335758940291
"81" 73 1.24301319794209 4.22347327726252 1.75123527592502
"82" 74 1.2459206626979 4.26537250554856 1.759051516861
"83" 75 1.24870789508909 4.30797087237775 1.7668076122393
"84" 76 1.25152799912795 4.34833713727422 1.77450481767872
"85" 77 1.25443831765102 4.39017906808451 1.78214434646781
"86" 78 1.25723141240568 4.43259976872234 1.78972737152127
"87" 79 1.2599788009667 4.47438315332987 1.79725502722209
"88" 80 1.26285221535431 4.51729356053451 1.80472841115741
"89" 81 1.26562092839884 4.5575889277971 1.8121485857556
"90" 82 1.26823671804634 4.60008086030173 1.81951657983122
"91" 83 1.27083179698413 4.6401009747438 1.82683339004415
"92" 84 1.27337699078022 4.68054200224988 1.8340999822786
"93" 85 1.27595001052084 4.72197730340345 1.84131729294732
"94" 86 1.27852692403965 4.76354660494286 1.84848623022594
"95" 87 1.28120527313095 4.80599381530345 1.85560767522182
"96" 88 1.28363334970094 4.84771480451209 1.86268248308179
"97" 89 1.28605711693905 4.88949923492442 1.86971148404238
"98" 90 1.28840261723694 4.93035426505651 1.87669548442639
"99" 91 1.29082653916332 4.97160780365053 1.88363526758899
"100" 92 1.2931972811515 5.01277734143925 1.89053159481634
"101" 93 1.29552317046522 5.05314313344776 1.89738520617977
"102" 94 1.29781577032344 5.09369692140718 1.90419682134811
"103" 95 1.3001056162647 5.13368070686456 1.91096714036052
"104" 96 1.30241637634339 5.17514615933184 1.91769684436244
"105" 97 1.30471900855589 5.21529661707786 1.92438659630635
"106" 98 1.30699476679442 5.25688521423157 1.93103704161976
"107" 99 1.30927094471779 5.2978457516827 1.93764880884214
"108" 100 1.31152373679513 5.33734194646136 1.94422251023236
"109" 101 1.31364120205124 5.37919124892985 1.95075874234867
"110" 102 1.31584188130648 5.4203328530783 1.95725808660225
"111" 103 1.31796508902861 5.46173000909473 1.96372110978623
"112" 104 1.32004197564126 5.50023583681886 1.97014836458118
"113" 105 1.32214310487811 5.53953178269464 1.97654039003846
"114" 106 1.32423799569308 5.57874128054925 1.98289771204257
"115" 107 1.32640076892573 5.61735065625548 1.98922084375368
"116" 108 1.32850141485657 5.6567252662631 1.99551028603119
"117" 109 1.33054385469645 5.69506308634987 2.00176652783951
"118" 110 1.33255159239546 5.73588761426126 2.00799004663678
"119" 111 1.33461311297875 5.77654168971247 2.0141813087476
"120" 112 1.33657598591915 5.81709446362913 2.02034076972025
"121" 113 1.33856713678056 5.85617786371897 2.02646887466957
"122" 114 1.3404046198723 5.89635950506036 2.03256605860588
"123" 115 1.3423162357026 5.93429346616394 2.03863274675078
"124" 116 1.34425738456263 5.97401411278119 2.04466935484041
"125" 117 1.34614743773129 6.01191517563422 2.05067628941682
"126" 118 1.34809863975456 6.05157898117351 2.05665394810794
"127" 119 1.3499920645392 6.09124811660271 2.06260271989676
"128" 120 1.35188072416221 6.12900139214338 2.0685229853802
"129" 121 1.35380295401899 6.16785335407302 2.07441511701808
"130" 122 1.35570821564762 6.20678569770245 2.08027947937281
"131" 123 1.35754624410809 6.2441584605156 2.08611642933999
"132" 124 1.35944390128701 6.28368279946638 2.09192631637057
"133" 125 1.36129327534071 6.32270977872197 2.0977094826848
"134" 126 1.36307475455003 6.36063799989665 2.10346626347835
"135" 127 1.36490066357027 6.40227838140814 2.10919698712098
"136" 128 1.36665211899637 6.44059962448968 2.1149019753481
"137" 129 1.36847991914093 6.47881785888874 2.12058154344545
"138" 130 1.37028413024641 6.51856653307054 2.12623600042734
"139" 131 1.37202295963541 6.55923768370278 2.13186564920851
"140" 132 1.37369242992578 6.59931707280096 2.13747078677012
"141" 133 1.37543303370759 6.63745238703299 2.14305170431996
"142" 134 1.37708887173803 6.67471714934495 2.14860868744709
"143" 135 1.37870063059405 6.71339857214925 2.1541420162714
"144" 136 1.38039746862842 6.75260894919859 2.1596519655879
"145" 137 1.38216744414034 6.79125800565912 2.16513880500636
"146" 138 1.38382753581065 6.82958026120121 2.17060279908611
"147" 139 1.38552386043168 6.86765837207756 2.17604420746659
"148" 140 1.3871014911472 6.90734728983666 2.18146328499342
"149" 141 1.38871491036366 6.94326576618081 2.18686028184056
"150" 142 1.39029730010015 6.98297097481481 2.19223544362827
"151" 143 1.3918984550786 7.017163283044 2.19758901153753
"152" 144 1.39357521148569 7.05401738473621 2.20292122242065
"153" 145 1.39516184973515 7.09138940857668 2.20823230890847
"154" 146 1.39681281678639 7.13008019940819 2.21352249951405
"155" 147 1.39835398516293 7.16842382683957 2.2187920187333
"156" 148 1.3999197628555 7.20505627241032 2.22404108714235
"157" 149 1.40144903646845 7.24293699654122 2.22926992149196
"158" 150 1.40303835125941 7.27855601651313 2.2344787347991
"159" 151 1.4045673989709 7.31621781598051 2.23966773643559
"160" 152 1.40610979224396 7.35276821462231 2.24483713221426
"161" 153 1.40773074155369 7.3918759310562 2.24998712447232
"162" 154 1.40923892514758 7.42714390506617 2.25511791215247
"163" 155 1.4106914807328 7.46566045601331 2.26022969088136
"164" 156 1.41220588063715 7.5024021930787 2.26532265304592
"165" 157 1.41370251893858 7.53939860106326 2.2703969878674
"166" 158 1.41520275025885 7.57745953865116 2.27545288147326
"167" 159 1.41671808837162 7.61474468684602 2.28049051696696
"168" 160 1.41816205067792 7.65370931209281 2.28551007449576
"169" 161 1.41961724828971 7.6923574193287 2.29051173131665
"170" 162 1.42107285570691 7.73044654299459 2.29549566186027
"171" 163 1.42253444258121 7.76797922906426 2.30046203779321
"172" 164 1.42399147669486 7.80464016890942 2.30541102807838
"173" 165 1.42536706337743 7.8432777013624 2.31034279903386
"174" 166 1.42677437125236 7.88044775542215 2.31525751438998
"175" 167 1.42818608622455 7.91705156470596 2.32015533534501
"176" 168 1.42952491056337 7.95477413131962 2.3250364206191
"177" 169 1.43096409610377 7.99187657364813 2.32990092650695
"178" 170 1.4323884846439 8.0287499638864 2.33474900692898
"179" 171 1.43373401009374 8.06577435429188 2.3395808134811
"180" 172 1.43516456968413 8.10331626372754 2.34439649548319
"181" 173 1.43654263851258 8.14098219436653 2.34919620002633
"182" 174 1.43791365531957 8.17776270541576 2.35398007201864
"183" 175 1.43925428731799 8.21449770446589 2.35874825423008
"184" 176 1.44053828679463 8.25103254753867 2.3635008873361
"185" 177 1.44194617663577 8.28762343858284 2.36823810995989
"186" 178 1.44337016985052 8.32337061718559 2.37296005871387
"187" 179 1.44468397718723 8.35974369504244 2.37766686823989
"188" 180 1.44596377437759 8.39570530655844 2.3823586712486
"189" 181 1.44734737575941 8.43124760625242 2.38703559855753
"190" 182 1.44865101553083 8.46855478125376 2.39169777912858
"191" 183 1.4499758724112 8.50272051011511 2.39634534010426
"192" 184 1.45128311693351 8.5398260309621 2.40097840684316
"193" 185 1.45258516282113 8.5764791395035 2.40559710295455
"194" 186 1.4538117886494 8.61282128601343 2.41020155033209
"195" 187 1.45506566845159 8.64875312160418 2.4147918691867
"196" 188 1.4562814712215 8.68455377576619 2.41936817807874
"197" 189 1.45749851728296 8.71977762600984 2.42393059394918
"198" 190 1.45881926191992 8.75788612100715 2.42847923215024
"199" 191 1.46008751559216 8.79270667248976 2.43301420647527
"200" 192 1.46136531630957 8.82885681639162 2.43753562918771
"201" 193 1.462577860607 8.86502289050533 2.44204361104961
"202" 194 1.4637608708876 8.9018040761523 2.44653826134936
"203" 195 1.46496703770396 8.93755121515662 2.45101968792877
"204" 196 1.46621398458478 8.9731578674505 2.45548799720952
"205" 197 1.46739243841667 9.00732522833212 2.45994329421901
"206" 198 1.46856798656611 9.04273008460476 2.46438568261558
"207" 199 1.46982643367804 9.07876074360555 2.46881526471326
"208" 200 1.47101518112142 9.11647989650926 2.47323214150569
"209" 201 1.47215563011452 9.15414850459726 2.47763641268988
"210" 202 1.47334038014972 9.18862476035374 2.48202817668902
"211" 203 1.47454189102874 9.22461734304658 2.48640753067509
"212" 204 1.47572987651007 9.2611039685457 2.49077457059084
"213" 205 1.47686947046466 9.29829310783481 2.49512939117123
"214" 206 1.47812204027474 9.33598074271495 2.49947208596444
"215" 207 1.47931729188552 9.3714082364237 2.50380274735251
"216" 208 1.48048465614468 9.40877077200837 2.50812146657129
"217" 209 1.48157393234278 9.4447670890404 2.51242833373023
"218" 210 1.48276207391501 9.48022732942304 2.51672343783156
"219" 211 1.48392606142718 9.5133527484868 2.521006866789
"220" 212 1.48507961589641 9.54968572630672 2.52527870744635
"221" 213 1.48624596919595 9.58638095734531 2.5295390455953
"222" 214 1.48749326766311 9.62116226046479 2.53378796599318
"223" 215 1.48866668353557 9.65805045713286 2.53802555238012
"224" 216 1.48980156571103 9.69301338568985 2.54225188749597
"225" 217 1.49093072862743 9.72984833514529 2.54646705309683
"226" 218 1.49203180710176 9.76403468142162 2.55067112997116
"227" 219 1.49320164408526 9.79903281136294 2.55486419795568
"228" 220 1.49438193344555 9.83404548927066 2.55904633595084
"229" 221 1.49547820576717 9.87050114797926 2.56321762193596
"230" 222 1.49664466305391 9.90405032853645 2.5673781329842
"231" 223 1.49768104006209 9.9384626028996 2.57152794527699
"232" 224 1.49879013258089 9.97519812766812 2.57566713411843
"233" 225 1.49991503908098 10.0119828230171 2.57979577394918
"234" 226 1.50106619495691 10.0464258555042 2.5839139383601
"235" 227 1.50210802293033 10.0822941582988 2.58802170010583
"236" 228 1.50317025754048 10.1157032795906 2.59211913111775
"237" 229 1.50423856778826 10.1501216306796 2.59620630251697
"238" 230 1.50536490803107 10.1857049437127 2.60028328462688
"239" 231 1.50643486197689 10.2216726603173 2.6043501469856
"240" 232 1.50745383702894 10.256194970857 2.60840695835808
"241" 233 1.50841172850626 10.2912245226662 2.61245378674795
"242" 234 1.50944554327107 10.3274273082093 2.61649069940918
"243" 235 1.51047392174898 10.3620742810657 2.62051776285757
"244" 236 1.51147633909078 10.3951915791053 2.6245350428819
"245" 237 1.51253921978735 10.4299025387182 2.62854260455493
"246" 238 1.51359861435476 10.4661926025076 2.63254051224423
"247" 239 1.51465439068703 10.5003447024509 2.63652882962259
"248" 240 1.51569594829059 10.5342795200815 2.64050761967865
"249" 241 1.51674577818199 10.5703833669409 2.64447694472681
"250" 242 1.51777811034692 10.6053495243279 2.64843686641734
"251" 243 1.51881927294792 10.6386518877583 2.65238744574623
"252" 244 1.51991444148422 10.6750629296931 2.65632874306462
"253" 245 1.52101395734884 10.7101749730023 2.66026081808841
"254" 246 1.52199588888554 10.7448447522835 2.66418372990736
"255" 247 1.52298564293813 10.7799293609559 2.66809753699427
"256" 248 1.52401499933505 10.8159412816929 2.67200229721385
"257" 249 1.52500758853495 10.8509222807938 2.67589806783147
"258" 250 1.52597548705719 10.8874815964174 2.6797849055218
"259" 251 1.52697224600422 10.9218819078908 2.68366286637711
"260" 252 1.52802337875675 10.9580331526068 2.68753200591568
"261" 253 1.52899529028255 10.9920538440696 2.69139237908987
"262" 254 1.53000297610769 11.0256004137943 2.69524404029412
"263" 255 1.53092945550218 11.0600947206144 2.69908704337274
"264" 256 1.53186774205801 11.0951157037043 2.70292144162769
"265" 257 1.53286759960663 11.1304062265771 2.706747287826
"266" 258 1.5338464045526 11.1668785795184 2.71056463420739
"267" 259 1.53481263723498 11.2033741487939 2.71437353249132
"268" 260 1.53581352563736 11.2392594725541 2.71817403388447
"269" 261 1.53683093206593 11.2752909006619 2.72196618908746
"270" 262 1.5377200596578 11.3108527021103 2.72575004830193
"271" 263 1.53868661240845 11.3446246828444 2.72952566123733
"272" 264 1.53964572909741 11.3776239033551 2.73329307711761
"273" 265 1.54059489163859 11.4112447910494 2.73705234468768
"274" 266 1.54158369627113 11.4442226542704 2.74080351221999
"275" 267 1.54246548605436 11.4799076275862 2.74454662752075
"276" 268 1.543394150914 11.5141435896419 2.74828173793621
"277" 269 1.54436980962418 11.5477624180297 2.75200889035889
"278" 270 1.54537778266593 11.5802442830269 2.75572813123337
"279" 271 1.54634085605256 11.6139896254397 2.75943950656244
"280" 272 1.54721117652403 11.6480669707414 2.76314306191269
"281" 273 1.54814791264866 11.6827631133305 2.76683884242049
"282" 274 1.5489853074628 11.7180352669328 2.77052689279739
"283" 275 1.54994207960052 11.7544650983294 2.77420725733577
"284" 276 1.5509153669176 11.7887373865221 2.77787997991421
"285" 277 1.55183886202019 11.8232002567729 2.78154510400296
"286" 278 1.55277982300456 11.857422072882 2.78520267266898
"287" 279 1.55367440504686 11.8924392011097 2.7888527285814
"288" 280 1.55458894023835 11.9273559766687 2.79249531401634
"289" 281 1.5554905606746 11.9628389621876 2.79613047086209
"290" 282 1.55644357232098 11.9963966818352 2.79975824062403
"291" 283 1.55740835964185 12.0328447984079 2.80337866442934
"292" 284 1.5583153328927 12.0647141245197 2.80699178303185
"293" 285 1.5592006764042 12.0978689100395 2.81059763681687
"294" 286 1.56008566102219 12.1318546354673 2.81419626580545
"295" 287 1.56100165677506 12.1657908526829 2.81778770965937
"296" 288 1.56184574232283 12.2002531976829 2.82137200768525
"297" 289 1.56274696950632 12.235233519502 2.82494919883907
"298" 290 1.56365426420058 12.2681711828712 2.8285193217306
"299" 291 1.56448679990675 12.300374461014 2.83208241462746
"300" 292 1.56539594534297 12.3343547715628 2.8356385154595
"301" 293 1.56619909505657 12.3702637448797 2.83918766182287
"302" 294 1.56704778262628 12.4043990636064 2.84272989098396
"303" 295 1.56792558524673 12.4384924564289 2.84626523988362
"304" 296 1.56883760793023 12.4717455349753 2.84979374514093
"305" 297 1.56969858147891 12.5034917445681 2.85331544305713
"306" 298 1.57057709702598 12.5378287259925 2.85683036961949
"307" 299 1.57140032091817 12.573112953327 2.86033856050491
"308" 300 1.57220502391723 12.6080987331984 2.86384005108391
"309" 301 1.57303431024898 12.6388823838028 2.86733487642394
"310" 302 1.57386729145516 12.674138422402 2.87082307129322
"311" 303 1.57470694406873 12.7062770106157 2.87430467016418
"312" 304 1.57550643203735 12.7420787321719 2.87777970721689
"313" 305 1.57631947865222 12.7772123776726 2.88124821634261
"314" 306 1.57720280792199 12.8098388287781 2.88471023114714
"315" 307 1.57797167694081 12.8431541033808 2.88816578495406
"316" 308 1.57881737024515 12.8767746471201 2.89161491080811
"317" 309 1.57968600485806 12.9114248330416 2.89505764147835
"318" 310 1.580557413918 12.9440491784947 2.89849400946136
"319" 311 1.58140205752264 12.9784346550375 2.90192404698446
"320" 312 1.58218025208766 13.0107913999805 2.90534778600871
"321" 313 1.58301809948156 13.045611403611 2.90876525823195
"322" 314 1.58372790179057 13.0785619650785 2.9121764950918
"323" 315 1.58453929246964 13.1128595112726 2.91558152776872
"324" 316 1.58527261381192 13.1482967541903 2.9189803871888
"325" 317 1.58612534961386 13.1798938928579 2.92237310402668
"326" 318 1.58696878503744 13.2135611687822 2.92575970870845
"327" 319 1.58777348352856 13.246757094409 2.92914023141418
"328" 320 1.58866374898559 13.2810964789698 2.93251470208114
"329" 321 1.58950942014724 13.316110110068 2.93588315040598
"330" 322 1.59034783481295 13.3504128771355 2.93924560584777
"331" 323 1.59109832223002 13.3841366552562 2.94260209763058
"332" 324 1.5919231904088 13.4183538079817 2.94595265474585
"333" 325 1.59268868855715 13.4546399215491 2.94929730595522
"334" 326 1.5934792626223 13.486237694226 2.9526360797929
"335" 327 1.59426865229972 13.5203045128533 2.95596900456836
"336" 328 1.59494190306815 13.5563404348356 2.95929610836834
"337" 329 1.59577052515284 13.5892051293444 2.96261741905987
"338" 330 1.59657057483796 13.621275106937 2.96593296429214
"339" 331 1.59732526366752 13.6543884437487 2.96924277149919
"340" 332 1.59807977301146 13.6906548871371 2.97254686790196
"341" 333 1.59882517283983 13.724619529563 2.97584528051087
"342" 334 1.59962241607248 13.7571296785405 2.97913803612783
"343" 335 1.6003893744665 13.7915543920918 2.98242516134866
"344" 336 1.60117483733679 13.824567047117 2.98570668256506
"345" 337 1.6019003064034 13.8588152015987 2.98898262596708
"346" 338 1.60267872877547 13.8920913198204 2.99225301754488
"347" 339 1.60348198993397 13.9297344982173 2.99551788309123
"348" 340 1.6042816887288 13.9662970856178 2.99877724820332
"349" 341 1.60508677489729 13.9973887833453 3.00203113828489
"350" 342 1.60584982933255 14.0327224901691 3.00527957854825
"351" 343 1.60664007368248 14.0653691123389 3.00852259401635
"352" 344 1.60740298044653 14.0992075700225 3.01176020952469
"353" 345 1.60817066029727 14.1331976433965 3.01499244972317
"354" 346 1.60889231251344 14.1674651306968 3.01821933907819
"355" 347 1.60965893554075 14.201211238908 3.02144090187439
"356" 348 1.61043683774615 14.2302384911593 3.02465716221665
"357" 349 1.6111571101312 14.2652026997401 3.02786814403185
"358" 350 1.61194098436829 14.2996122333576 3.03107387107066
"359" 351 1.61271800847235 14.3337511978065 3.03427436690947
"360" 352 1.61345657653935 14.3676331948848 3.03746965495199
"361" 353 1.61419583549763 14.4009340443191 3.04065975843112
"362" 354 1.61494129700779 14.4360663129735 3.0438447004107
"363" 355 1.61568754269755 14.4701716500562 3.04702450378704
"364" 356 1.61649984347529 14.5048483971153 3.05019919129086
"365" 357 1.61724938631305 14.5383459162242 3.05336878548871
"366" 358 1.61800569032221 14.5724280119706 3.05653330878476
"367" 359 1.61875218956769 14.6057691181524 3.05969278342238
"368" 360 1.61947884633796 14.6378190968751 3.06284723148571
"369" 361 1.62022977073805 14.6702407544217 3.06599667490121
"370" 362 1.62105888558922 14.7029072862197 3.06914113543942
"371" 363 1.6217656046389 14.7360958914736 3.07228063471621
"372" 364 1.62242276888557 14.7695338004593 3.07541519419445
"373" 365 1.62316247832581 14.8024590980903 3.07854483518554
"374" 366 1.62380840590435 14.8378548847315 3.08166957885082
"375" 367 1.62450868707431 14.870669914061 3.08478944620307
"376" 368 1.62527166821553 14.9031365113762 3.087904458108
"377" 369 1.62604132519786 14.9345069214155 3.0910146352855
"378" 370 1.62674853754783 14.9664779634052 3.09411999831125
"379" 371 1.6274801580267 14.9965828023216 3.09722056761808
"380" 372 1.62817399484628 15.0301193193983 3.10031636349718
"381" 373 1.62885045459786 15.0651626153697 3.10340740609967
"382" 374 1.62954238385556 15.0989039400161 3.10649371543778
"383" 375 1.63020548528518 15.132424716893 3.10957531138634
"384" 376 1.63090197722622 15.1655093338448 3.11265221368384
"385" 377 1.63157438569662 15.2009929938843 3.115724441934
"386" 378 1.63231751928818 15.2326929389497 3.11879201560689
"387" 379 1.63295731043588 15.2646654696874 3.12185495404022
"388" 380 1.63361789413519 15.2988335973599 3.12491327644053
"389" 381 1.63436722503531 15.3312014483034 3.12796700188449
"390" 382 1.63499447812145 15.363117002367 3.13101614932024
"391" 383 1.6356920312319 15.3951538088697 3.13406073756832
"392" 384 1.63635282850095 15.4282950627643 3.13710078532301
"393" 385 1.63699601583802 15.4609253337598 3.14013631115354
"394" 386 1.63765549167996 15.4931535882771 3.14316733350514
"395" 387 1.63835622065529 15.5249745546372 3.14619387070031
"396" 388 1.63902551328516 15.5591588442856 3.14921594093983
"397" 389 1.63965310335588 15.5915350511613 3.15223356230391
"398" 390 1.64032593899979 15.6234563249115 3.15524675275346
"399" 391 1.64099695987204 15.6569072765987 3.15825553013094
"400" 392 1.64163319415386 15.6891680104113 3.16125991216155
"401" 393 1.64234438465083 15.7221588040662 3.16425991645429
"402" 394 1.6429336423342 15.7559035903781 3.16725556050299
"403" 395 1.64362236777956 15.7880556503258 3.17024686168755
"404" 396 1.64424883543338 15.8210575258826 3.17323383727456
"405" 397 1.64494695373973 15.8539214754989 3.17621650441874
"406" 398 1.64566279370881 15.8866626227415 3.17919488016368
"407" 399 1.6462524426079 15.9198814964612 3.18216898144293
"408" 400 1.64692767667267 15.9528180125969 3.18513882508112
"409" 401 1.6475835098639 15.9857425316651 3.18810442779448
"410" 402 1.64824892631456 16.0186550879396 3.19106580619245
"411" 403 1.64890297765714 16.0519012752785 3.19402297677817
"412" 404 1.64955096966379 16.084417194331 3.19697595594936
"413" 405 1.65016188983131 16.1172698680802 3.19992475999978
"414" 406 1.65080862214595 16.1500759358397 3.20286940511956
"415" 407 1.65152052446487 16.182943509224 3.20580990739635
"416" 408 1.65219427468237 16.2147880818122 3.20874628281641
"417" 409 1.65284413910732 16.2467645244244 3.21167854726511
"418" 410 1.65347785245429 16.2790400075028 3.21460671652815
"419" 411 1.65412566597374 16.3112098290529 3.21753080629215
"420" 412 1.65475996317482 16.3436309448429 3.22045083214581
"421" 413 1.65541113191636 16.3767640010768 3.22336680958044
"422" 414 1.65608844770662 16.4097702282906 3.2262787539911
"423" 415 1.6566930968626 16.4402065952761 3.22918668067716
"424" 416 1.65734017266168 16.4722257472208 3.23209060484327
"425" 417 1.65800056167526 16.504437011841 3.23499054160028
"426" 418 1.65865758082251 16.5355828889878 3.23788650596585
"427" 419 1.65928841973874 16.5673326676898 3.24077851286513
"428" 420 1.65991643573108 16.5999058272253 3.24366657713202
"429" 421 1.66055826955267 16.6318665976691 3.24655071350954
"430" 422 1.66120802981491 16.6639337360619 3.24943093665059
"431" 423 1.66184382061622 16.6957169612407 3.25230726111901
"432" 424 1.66247193728405 16.7277527495373 3.25517970139014
"433" 425 1.66307156153675 16.7597190372553 3.25804827185142
"434" 426 1.66372915799555 16.7928027146016 3.26091298680352
"435" 427 1.6643544420696 16.8241030350014 3.26377386046067
"436" 428 1.66502768120493 16.8571079307899 3.26663090695168
"437" 429 1.6656797913582 16.8893221431605 3.26948414032042
"438" 430 1.66625656307766 16.921381489591 3.27233357452662
"439" 431 1.66687201102803 16.9527726794597 3.27517922344671
"440" 432 1.66745525599748 16.983927052201 3.27802110087422
"441" 433 1.66808747870721 17.0148467397095 3.28085922052076
"442" 434 1.66870011584093 17.0467782777168 3.2836935960165
"443" 435 1.66925679497271 17.0786053223012 3.28652424091092
"444" 436 1.66985846083696 17.1114083045258 3.28935116867341
"445" 437 1.67046045819565 17.1434763840529 3.29217439269395
"446" 438 1.67101414688759 17.1769740563678 3.29499392628381
"447" 439 1.67161704404365 17.2082669507741 3.29780978267624
"448" 440 1.67226284972078 17.2419691269119 3.30062197502697
"449" 441 1.6728297136031 17.2755482831637 3.30343051641468
"450" 442 1.67344188297426 17.3090313807606 3.30623541984226
"451" 443 1.67407820277202 17.3390082779646 3.30903669823653
"452" 444 1.67468811978739 17.3714714842984 3.31183436444969
"453" 445 1.67533839408245 17.4044656485581 3.3146284312594
"454" 446 1.67594202983519 17.4342775685999 3.31741891136943
"455" 447 1.67649098118078 17.4647111503398 3.32020581741051
"456" 448 1.67708195176667 17.4975170027552 3.32298916194069
"457" 449 1.67774862958788 17.5299827205738 3.32576895744596
"458" 450 1.67838524119456 17.5637179544381 3.32854521634085
"459" 451 1.67898673573096 17.5968943097982 3.33131795096904
"460" 452 1.67958745290184 17.627263279215 3.33408717360383
"461" 453 1.68013326398874 17.6598129091504 3.33685289644868
"462" 454 1.68075953784951 17.6935209560269 3.33961513163797
"463" 455 1.68134773604411 17.7260286100373 3.34237389123715
"464" 456 1.68198603541096 17.7578472872458 3.34512918724379
"465" 457 1.68255107976027 17.7900963127043 3.34788103158767
"466" 458 1.68308953610707 17.8237474623806 3.35062943613155
"467" 459 1.68373931441285 17.8563411029024 3.35337441267155
"468" 460 1.68429333191091 17.8910672194794 3.35611597293783
"469" 461 1.68494560684354 17.922608393149 3.35885412859497
"470" 462 1.68549127388851 17.953707333413 3.36158889124257
"471" 463 1.68607119662876 17.9838289283492 3.36432027241557
"472" 464 1.68666992235589 18.0152436028394 3.36704828358501
"473" 465 1.68726707894126 18.047510499853 3.36977293615843
"474" 466 1.68787695977616 18.08037908337 3.37249424148011
"475" 467 1.6884327553269 18.1131567698929 3.37521221083202
"476" 468 1.6890928808993 18.1457563923778 3.37792685543392
"477" 469 1.68968133626329 18.1788278774767 3.38063818644392
"478" 470 1.69022645271112 18.2116881749735 3.38334621495901
"479" 471 1.69077924607362 18.2426483657973 3.38605095201548
"480" 472 1.69134474130626 18.2726284813843 3.38875240858955
"481" 473 1.69195508341704 18.3033748324304 3.39145059559751
"482" 474 1.69258115989027 18.3374328581721 3.39414552389642
"483" 475 1.69312877560225 18.3680814378403 3.3968372042843
"484" 476 1.6937070654049 18.3986278737968 3.39952564750106
"485" 477 1.6942804920736 18.4290662113482 3.40221086422839
"486" 478 1.694833671088 18.4626111403504 3.40489286509039
"487" 479 1.69541828706975 18.4938034165063 3.40757166065423
"488" 480 1.69599524470548 18.5250498566194 3.41024726143027
"489" 481 1.69652942893817 18.5594479065753 3.41291967787259
"490" 482 1.69712070826708 18.5920344356301 3.41558892037936
"491" 483 1.69770518680169 18.6246859238633 3.41825499929352
"492" 484 1.69829222051101 18.6561615320686 3.4209179249027
"493" 485 1.69884732279459 18.6874935648275 3.42357770744008
"494" 486 1.69941339746776 18.7191167259259 3.42623435708459
"495" 487 1.69997625197447 18.7520052064839 3.42888788396127
"496" 488 1.70055186459503 18.7848256512712 3.43153829814171
"497" 489 1.70112492601008 18.8169847443809 3.43418560964457
"498" 490 1.70169560132112 18.8498446826259 3.43682982843578
"499" 491 1.70223087718454 18.8830679533417 3.43947096442902
"500" 492 1.7028088686887 18.9134044467675 3.44210902748605
"501" 493 1.70339283050833 18.9432097231592 3.4447440274171
"502" 494 1.70392990274178 18.9744116276042 3.44737597398128
"503" 495 1.70445799860357 19.0059820359377 3.45000487688702
"504" 496 1.7049777087579 19.0362851147993 3.45263074579216
"505" 497 1.70551761467044 19.0686899753546 3.45525359030459
"506" 498 1.70605916875652 19.1009216349926 3.45787341998261
"507" 499 1.70661189027545 19.1331069745929 3.460490244335
"508" 500 1.70715472104317 19.1623560133334 3.46310407282162
"509" 501 1.70776904357323 19.1940790687318 3.46571491485387
"510" 502 1.70828684921927 19.2240912982994 3.46832277979471
"511" 503 1.70889046620244 19.2542159680278 3.47092767695914
"512" 504 1.7093909348403 19.2844171874423 3.47352961561462
"513" 505 1.70992019634536 19.31873224499 3.47612860498137
"514" 506 1.71045514159719 19.3530421447982 3.4787246542327
"515" 507 1.71098227900099 19.3867961431168 3.48131777249529
"516" 508 1.7115863496044 19.4193679159608 3.48390796884948
"517" 509 1.71217232240492 19.4556986415735 3.48649525232979
"518" 510 1.71265561897452 19.4863715385273 3.48907963192504
"519" 511 1.71323447389754 19.5160825759912 3.49166111657876
"520" 512 1.71376542897639 19.548313773752 3.49423971518968
"521" 513 1.71434345561698 19.5774104565738 3.49681543661151
"522" 514 1.71488364999673 19.6050574289739 3.49938828965395
"523" 515 1.71541101937764 19.63633002785 3.50195828308229
"524" 516 1.71594643235996 19.6694347334315 3.50452542561851
"525" 517 1.71647404595362 19.6998233946143 3.50708972594073
"526" 518 1.71699367488359 19.7311131767806 3.5096511926842
"527" 519 1.71750069304333 19.7636697802182 3.51220983444114
"528" 520 1.71798841900339 19.793122281136 3.51476565976149
"529" 521 1.7185097027828 19.8253334539569 3.51731867715256
"530" 522 1.71905634987483 19.8575506182672 3.51986889508
"531" 523 1.71958256622808 19.8898167289627 3.52241632196761
"532" 524 1.72009062689882 19.9220749522943 3.52496096619787
"533" 525 1.72066203116359 19.9518336265089 3.52750283611217
"534" 526 1.721208175147 19.9834242830671 3.53004194001085
"535" 527 1.72177681916589 20.0154099513727 3.53257828615402
"536" 528 1.72232709242147 20.047420632938 3.53511188276127
"537" 529 1.72281021136358 20.0792446894084 3.53764273801226
"538" 530 1.72328029508875 20.1112154240097 3.54017086004688
"539" 531 1.7237719356166 20.1423650053342 3.54269625696556
"540" 532 1.72426030889116 20.1725710730876 3.54521893682959
"541" 533 1.72474139829174 20.2062817662517 3.54773890766114
"542" 534 1.72530045369898 20.238454207601 3.55025617744384
"543" 535 1.72587023969121 20.2701113701738 3.55277075412293
"544" 536 1.72635647311836 20.3020448910927 3.55528264560527
"545" 537 1.7268658612053 20.3345646336573 3.55779185976007
"546" 538 1.72739588284476 20.3665996998374 3.56029840441862
"547" 539 1.72790276651714 20.3984922932523 3.56280228737505
"548" 540 1.72842087511913 20.4303280866254 3.5653035163861
"549" 541 1.72895593905171 20.4609205142293 3.56780209917169
"550" 542 1.72945225646948 20.4927456754077 3.57029804341509
"551" 543 1.72996958969878 20.5216659428962 3.57279135676306
"552" 544 1.7305039183142 20.5515467103208 3.57528204682636
"553" 545 1.73095775650321 20.5824915897765 3.57777012117939
"554" 546 1.73149252243963 20.6128894700303 3.58025558736129
"555" 547 1.73199066622924 20.6440500825874 3.58273845287537
"556" 548 1.73249117285696 20.6749910627074 3.58521872518992
"557" 549 1.73299482403788 20.7068754534743 3.58769641173799
"558" 550 1.73349525671641 20.7372110986116 3.59017151991794
"559" 551 1.73396773837185 20.7682455132426 3.59264405709368
"560" 552 1.73444166219977 20.7980095093921 3.59511403059443
"561" 553 1.73497911174365 20.8308424875196 3.59758144771566
"562" 554 1.73544540407629 20.8630236980928 3.60004631571863
"563" 555 1.73592018571033 20.8916595928167 3.6025086418312
"564" 556 1.73633277559312 20.9232350504354 3.60496843324739
"565" 557 1.73690737853599 20.9534182724012 3.60742569712841
"566" 558 1.73748618649344 20.9825629876089 3.609880440602
"567" 559 1.73799383274324 21.011572955321 3.61233267076337
"568" 560 1.73842265226033 21.0407792138186 3.61478239467492
"569" 561 1.73896980959556 21.0721508573353 3.61722961936676
"570" 562 1.73947773754953 21.1029262183383 3.61967435183674
"571" 563 1.7399886690105 21.1346340302051 3.62211659905062
"572" 564 1.74046805790601 21.1663520186059 3.6245563679425
"573" 565 1.74094227134019 21.1980625402519 3.62699366541481
"574" 566 1.74150666609883 21.2297656101114 3.62942849833858
"575" 567 1.74190409427795 21.2613926901989 3.63186087355373
"576" 568 1.74240661674705 21.293178151561 3.634290797869
"577" 569 1.74286798792812 21.3244359241007 3.63671827806238
"578" 570 1.74336589848342 21.354768260197 3.63914332088138
"579" 571 1.74382142847167 21.3850742748946 3.64156593304291
"580" 572 1.74433931781981 21.4153712283862 3.64398612123369
"581" 573 1.7448418883615 21.4456591392204 3.64640389211039
"582" 574 1.74535614168534 21.4766366653702 3.64881925229997
"583" 575 1.74582729537994 21.5090810114057 3.65123220839949
"584" 576 1.74631078200458 21.5402764284121 3.65364276697665
"585" 577 1.74675091291011 21.5714010060623 3.65605093456979
"586" 578 1.74726626768189 21.600828682747 3.65845671768814
"587" 579 1.74773148764409 21.6301897937338 3.66086012281194
"588" 580 1.74821295538105 21.6631940885101 3.66326115639282
"589" 581 1.74870933388909 21.6950833017989 3.66565982485366
"590" 582 1.74925567764547 21.7252560085371 3.66805613458886
"591" 583 1.74980455202141 21.75541980602 3.67045009196493
"592" 584 1.75029444218384 21.7854769635463 3.67284170331986
"593" 585 1.75078863802843 21.8153800218121 3.67523097496406
"594" 586 1.75125092087679 21.8454323731712 3.67761791318015
"595" 587 1.75167829446495 21.8753694481628 3.68000252422306
"596" 588 1.75218176912745 21.9053442867946 3.68238481432048
"597" 589 1.75269444613109 21.9340634363023 3.68476478967269
"598" 590 1.75311376009311 21.9617513186468 3.68714245645329
"599" 591 1.75355376033862 21.9894279349426 3.68951782080863
"600" 592 1.75400956032175 22.0188379457215 3.69189088885832
"601" 593 1.75445763703321 22.0518825019124 3.69426166669562
"602" 594 1.75492064835639 22.0849221619737 3.69663016038735
"603" 595 1.75538269006543 22.1152165621625 3.69899637597394
"604" 596 1.75585577072686 22.1445915548772 3.70136031946971
"605" 597 1.75635578063802 22.1768425975009 3.70372199686315
"606" 598 1.75681442410693 22.2099251100466 3.70608141411704
"607" 599 1.75727687292385 22.2429835754019 3.70843857716836
"608" 600 1.75773149270117 22.2746591738919 3.71079349192866
"609" 601 1.75823404960251 22.307278178973 3.71314616428426
"610" 602 1.75873898590435 22.3398918240898 3.71549660009617
"611" 603 1.75916171584695 22.3728146486909 3.71784480520038
"612" 604 1.75962057222689 22.4059604833279 3.72019078540816
"613" 605 1.76007463049567 22.436497476371 3.72253454650593
"614" 606 1.76052961060418 22.468179310102 3.72487609425551
"615" 607 1.76100361786863 22.498300673711 3.72721543439444
"616" 608 1.7614885875742 22.5282574530644 3.72955257263557
"617" 609 1.76196454217369 22.5581698269858 3.73188751466812
"618" 610 1.76242479932011 22.588341239079 3.734220266157
"619" 611 1.76287816111106 22.6183966142753 3.73655083274321
"620" 612 1.76334985043165 22.6482687845216 3.7388792200442
"621" 613 1.76373820427021 22.6780340465699 3.74120543365367
"622" 614 1.76423225291931 22.7049969712231 3.74352947914194
"623" 615 1.76472202457175 22.7346535811971 3.74585136205595
"624" 616 1.76515460814196 22.764419159609 3.74817108791961
"625" 617 1.76558403347801 22.7951426690065 3.75048866223352
"626" 618 1.76602074921892 22.8271019167091 3.75280409047562
"627" 619 1.76646449016773 22.8576497343376 3.75511737810103
"628" 620 1.76693055630826 22.887544128524 3.75742853054204
"629" 621 1.76735068499003 22.9147993421397 3.7597375532085
"630" 622 1.76773615107962 22.9460037658977 3.76204445148795
"631" 623 1.76811994872866 22.9771637053476 3.76434923074568
"632" 624 1.76855936622629 23.0071372081185 3.76665189632466
"633" 625 1.76901900880283 23.0370848129398 3.76895245354601
"634" 626 1.76945117574608 23.0669291508532 3.77125090770896
"635" 627 1.76993438592556 23.0988318639916 3.77354726409095
"636" 628 1.7703948106863 23.1297275021388 3.77584152794771
"637" 629 1.77090677258748 23.1586899777481 3.7781337045136
"638" 630 1.77143601715784 23.1877550343738 3.78042379900142
"639" 631 1.77188576767572 23.2178860659174 3.7827118166028
"640" 632 1.77231556418472 23.2484589771324 3.78499776248832
"641" 633 1.77274713441097 23.2791369948966 3.7872816418074
"642" 634 1.77319018911169 23.3092592279092 3.78956345968849
"643" 635 1.7736372169791 23.3384178279946 3.79184322123948
"644" 636 1.77405574394249 23.3680347885223 3.79412093154731
"645" 637 1.77450522838671 23.3990372748189 3.79639659567851
"646" 638 1.77499875664591 23.4304604099517 3.79867021867924
"647" 639 1.77540968662472 23.460073314595 3.80094180557505
"648" 640 1.77580985997917 23.4892360152458 3.80321136137166
"649" 641 1.7762279667153 23.5183612138807 3.80547889105446
"650" 642 1.77670532524218 23.5485329988242 3.80774439958873
"651" 643 1.77717602151766 23.5815434099947 3.81000789192007
"652" 644 1.77759953418387 23.6104797047903 3.81226937297434
"653" 645 1.77800903071094 23.63715682838 3.81452884765762
"654" 646 1.7784642916072 23.6669049711006 3.81678632085636
"655" 647 1.77890838439734 23.6977266406211 3.81904179743775
"656" 648 1.77934907460114 23.728491363731 3.82129528224959
"657" 649 1.77981294808485 23.7592494260056 3.82354678012035
"658" 650 1.78024682630007 23.7900008391591 3.82579629585952
"659" 651 1.78067062442145 23.8207456148675 3.82804383425759
"660" 652 1.78114891222229 23.851587566419 3.83028940008582
"661" 653 1.78158936702718 23.8825169963873 3.83253299809708
"662" 654 1.78199307170654 23.9134400467634 3.83477463302532
"663" 655 1.78245981529676 23.9442843949017 3.83701430958583
"664" 656 1.78290076242406 23.9749549349355 3.83925203247541
"665" 657 1.78332675764747 24.0046405033948 3.84148780637272
"666" 658 1.78375688830311 24.0344429503758 3.84372163593771
"667" 659 1.78425730377435 24.065184073952 3.8459535258124
"668" 660 1.78463976357731 24.09524722876 3.84818348062077
"669" 661 1.78509228564513 24.1248965023719 3.85041150496838
"670" 662 1.78561735322292 24.1555505964408 3.85263760344327
"671" 663 1.78605344097015 24.1861981664479 3.8548617806156
"672" 664 1.78644477841188 24.2167850930655 3.85708404103771
"673" 665 1.78683266299655 24.2473588824472 3.85930438924448
"674" 666 1.78722467168368 24.2770771219341 3.86152282975291
"675" 667 1.78764925694331 24.3048897847319 3.86373936706291
"676" 668 1.78814515036177 24.3339672983123 3.86595400565689
"677" 669 1.78854091713223 24.3634959414277 3.86816675000015
"678" 670 1.7889669414784 24.3925790937526 3.8703776045407
"679" 671 1.78938134637842 24.4232355607448 3.87258657370957
"680" 672 1.78975461009254 24.4538801475842 3.87479366192076
"681" 673 1.79018524440784 24.4836901772064 3.87699887357132
"682" 674 1.79060316130848 24.5132317108307 3.87920221304159
"683" 675 1.79100208178444 24.5432632623188 3.88140368469529
"684" 676 1.7913463426867 24.5753025029092 3.88360329287929
"685" 677 1.79180746218849 24.607339201088 3.88580104192424
"686" 678 1.7922402750856 24.6392570977887 3.88799693614396
"687" 679 1.79262612686073 24.6686888111546 3.89019097983646
"688" 680 1.79311428404142 24.6993364906974 3.89238317728276
"689" 681 1.79349019002851 24.7299779729669 3.89457353274842
"690" 682 1.79391377910288 24.760613268311 3.89676205048237
"691" 683 1.79437267492691 24.7912101691498 3.89894873471771
"692" 684 1.79476893157128 24.8191718569446 3.90113358967172
"693" 685 1.79516982750816 24.8471100399705 3.90331661954575
"694" 686 1.79555701496221 24.8766662673887 3.90549782852528
"695" 687 1.79599336491761 24.9065134184437 3.90767722078025
"696" 688 1.79644492071152 24.9345531227182 3.90985480046493
"697" 689 1.79683393356928 24.9662078765348 3.91203057171795
"698" 690 1.79723664944718 24.9977866105712 3.91420453866279
"699" 691 1.79770836147257 25.0293603723862 3.91637670540737
"700" 692 1.798128319673 25.0607422241429 3.91854707604426
"701" 693 1.79853026131001 25.0883388820085 3.92071565465117
"702" 694 1.79892172126532 25.1173725916495 3.92288244529022
"703" 695 1.79938396384328 25.1489716186274 3.92504745200867
"704" 696 1.79978184411712 25.1783663097655 3.92721067883907
"705" 697 1.80016676731599 25.2089618271286 3.92937212979879
"706" 698 1.80056273887753 25.2395513910545 3.93153180889029
"707" 699 1.80096552144397 25.2700565843931 3.93368972010167
"708" 700 1.80134640067388 25.3009601458108 3.93584586740599
"709" 701 1.80174860542179 25.3312112122313 3.9380002547619
"710" 702 1.8021593956491 25.3616961225311 3.94015288611354
"711" 703 1.80259378304472 25.3921674541328 3.94230376539054
"712" 704 1.80301516315319 25.4223422679351 3.94445289650827
"713" 705 1.80339013085113 25.4516659116388 3.94660028336768
"714" 706 1.80376089517945 25.4807932697874 3.94874592985556
"715" 707 1.80420359340416 25.5088666054843 3.95088983984455
"716" 708 1.80457000897709 25.5369086393652 3.95303201719313
"717" 709 1.80501764705955 25.5649424590098 3.95517246574593
"718" 710 1.80541436427557 25.5929680784058 3.95731118933352
"719" 711 1.80576004509567 25.6211571653976 3.95944819177249
"720" 712 1.80610669705303 25.6512691991223 3.96158347686584
"721" 713 1.80646931897786 25.6813750408861 3.96371704840289
"722" 714 1.80689314049586 25.7113091674908 3.96584891015919
"723" 715 1.80726071137802 25.740149385503 3.96797906589646
"724" 716 1.80766764845464 25.7701301443282 3.97010751936322
"725" 717 1.80812425440866 25.7997831278879 3.97223427429445
"726" 718 1.80849613652593 25.8283151253817 3.97435933441183
"727" 719 1.80898157371095 25.8580010557615 3.97648270342347
"728" 720 1.80939822110161 25.8878123986919 3.97860438502437
"729" 721 1.80984037081266 25.9175772399977 3.98072438289628
"730" 722 1.81025654512489 25.9473337065796 3.98284270070804
"731" 723 1.81059855423511 25.9777008228368 3.98495934211518
"732" 724 1.81092990359209 26.0070402205048 3.98707431076027
"733" 725 1.81127737664498 26.0377372270397 3.98918761027286
"734" 726 1.81166311323455 26.0684288535596 3.99129924427004
"735" 727 1.81206726321841 26.0984764129539 3.99340921635571
"736" 728 1.81243858878505 26.1260807432229 3.995517530121
"737" 729 1.812849819409 26.1544958694784 3.99762418914467
"738" 730 1.81326396477039 26.1817962900475 3.99972919699258
"739" 731 1.81367345951556 26.2109367407025 4.00183255721809
"740" 732 1.81404306333572 26.2400417256127 4.00393427336222
"741" 733 1.81440105852335 26.2690447465449 4.00603434895331
"742" 734 1.81475573183693 26.2996369195331 4.00813278750752
"743" 735 1.81512143149499 26.3304641508115 4.01022959252879
"744" 736 1.81552258190648 26.3600498919517 4.01232476750839
"745" 737 1.8159099442535 26.3899597244062 4.01441831592575
"746" 738 1.81630812815063 26.4221841457925 4.01651024124807
"747" 739 1.81665131223479 26.4506663752835 4.01860054693063
"748" 740 1.81704649273809 26.4813356443241 4.02068923641622
"749" 741 1.81741630985054 26.5092339214128 4.02277631313623
"750" 742 1.81778407453858 26.540663925189 4.02486178050974
"751" 743 1.81812893512765 26.5713920927072 4.02694564194438
"752" 744 1.81848603002472 26.6011350943609 4.02902790083546
"753" 745 1.81887643276945 26.6308586488487 4.03110856056708
"754" 746 1.81925243351323 26.6608507605891 4.03318762451126
"755" 747 1.81961834263015 26.6919423754096 4.0352650960287
"756" 748 1.81998391661479 26.7229492466352 4.03734097846833
"757" 749 1.8203495145839 26.7520350952848 4.03941527516774
"758" 750 1.820713770298 26.7816041983441 4.04148798945295
"759" 751 1.82111157487746 26.8130147821137 4.04355912463855
"760" 752 1.82150206474462 26.8436374760984 4.04562868402788
"761" 753 1.82193819505965 26.8742279061007 4.04769667091298
"762" 754 1.82234491649747 26.9047142713118 4.04976308857453
"763" 755 1.82272895779484 26.9334221516573 4.05182794028229
"764" 756 1.82312202975235 26.9638274109944 4.05389122929452
"765" 757 1.82350858744673 26.9942653586059 4.05595295885866
"766" 758 1.82389364169305 27.0246589328779 4.05801313221108
"767" 759 1.82430421493577 27.0531661026825 4.06007175257716
"768" 760 1.8246859126228 27.0805807021678 4.06212882317124
"769" 761 1.82505821492524 27.1079851224596 4.06418434719714
"770" 762 1.82541620887072 27.1352992729666 4.06623832784737
"771" 763 1.82579683460187 27.1649670872389 4.06829076830396
"772" 764 1.82622164521358 27.194908952669 4.07034167173827
"773" 765 1.82660643666749 27.225095565943 4.07239104131069
"774" 766 1.82700279112376 27.2550344296929 4.07443888017156
"775" 767 1.82738339804072 27.2848338907233 4.07648519145979
"776" 768 1.82776358749199 27.3150532802699 4.07852997830477
"777" 769 1.82810291820034 27.3451440354834 4.08057324382441
"778" 770 1.82841979849341 27.3752294375816 4.08261499112709
"779" 771 1.8288241382521 27.4053094944645 4.08465522331014
"780" 772 1.82922971809893 27.4353842140176 4.08669394346105
"781" 773 1.82961451680594 27.4682706474713 4.08873115465673
"782" 774 1.83003175837532 27.5007963981645 4.09076685996381
"783" 775 1.8304288359071 27.5296747998144 4.09280106243895
"784" 776 1.83081584104665 27.5580428755023 4.09483376512871
"785" 777 1.83118669893214 27.586333501345 4.09686497106931
"786" 778 1.8316126637058 27.6146528907068 4.09889468328723
"787" 779 1.83203296498886 27.643052217371 4.10092290479848
"788" 780 1.83241086260874 27.671444812546 4.1029496386096
"789" 781 1.83275025674979 27.699830686458 4.1049748877169
"790" 782 1.83308689891329 27.7282098493094 4.10699865510713
"791" 783 1.83347703900231 27.7582052547569 4.10902094375694
"792" 784 1.8339027828845 27.7895374242039 4.1110417566334
"793" 785 1.8343297170727 27.8200085802077 4.11306109669358
"794" 786 1.83475608204737 27.8457394370051 4.11507896688527
"795" 787 1.83515402577653 27.8734599931744 4.11709537014641
"796" 788 1.83555634303109 27.9044942226066 4.11911030940505
"797" 789 1.83594113540058 27.934379886528 4.12112378758031
"798" 790 1.83628231817028 27.9633022942909 4.12313580758115
"799" 791 1.83659871146743 27.994507991112 4.12514637230778
"800" 792 1.83693029545629 28.0260350557069 4.12715548465014
"801" 793 1.83726482213513 28.0576580732224 4.12916314748946
"802" 794 1.83762248990875 28.0891982204026 4.13116936369752
"803" 795 1.83803750090449 28.115115659702 4.13317413613639
"804" 796 1.83842975925401 28.1409860112446 4.1351774676594
"805" 797 1.83880186087974 28.1705392841449 4.1371793611104
"806" 798 1.83913909045909 28.1975970148827 4.1391798193241
"807" 799 1.83952061141519 28.2252268091326 4.14117884512617
"808" 800 1.83985023608586 28.2547117818505 4.14317644133279
"809" 801 1.84024366407557 28.2841912552709 4.14517261075183
"810" 802 1.84061589861554 28.3136200656389 4.14716735618149
"811" 803 1.84102373987443 28.3430731728794 4.14916068041118
"812" 804 1.84138593482356 28.3728105381442 4.1511525862217
"813" 805 1.84174411233274 28.4037721542529 4.15314307638446
"814" 806 1.8420836901117 28.4329871390101 4.15513215366227
"815" 807 1.84250550217237 28.4616230436825 4.15711982080931
"816" 808 1.84281639446467 28.4902669429975 4.15910608057058
"817" 809 1.84313765797309 28.5197064854553 4.16109093568265
"818" 810 1.84354187616906 28.5500950900914 4.1630743888734
"819" 811 1.84388536580274 28.5784313025213 4.16505644286184
"820" 812 1.84428634187329 28.6085074418132 4.1670371003584
"821" 813 1.84457856472206 28.6389728684345 4.16901636406513
"822" 814 1.84494328381835 28.6699453741783 4.1709942366754
"823" 815 1.84527209810511 28.7009139495263 4.17297072087401
"824" 816 1.84564949587377 28.7318785998001 4.17494581933744
"825" 817 1.84603121040516 28.7628177560458 4.1769195347337
"826" 818 1.84643025028134 28.7905913007952 4.1788918697223
"827" 819 1.84679467627576 28.8173359961948 4.18086282695434
"828" 820 1.84715119743677 28.8440732813616 4.18283240907305
"829" 821 1.84754369655659 28.8726378677887 4.18480061871271
"830" 822 1.8478520671404 28.9020036463954 4.18676745850002
"831" 823 1.84821443988177 28.9317384784092 4.18873293105275
"832" 824 1.84859557195323 28.9624332792894 4.19069703898117
"833" 825 1.84897509097793 28.9932413548725 4.19265978488699
"834" 826 1.84929501558074 29.0242002002507 4.19462117136392
"835" 827 1.84966196587528 29.052111396465 4.19658120099774
"836" 828 1.85000242509537 29.0819261086097 4.19853987636579
"837" 829 1.85034402106603 29.1108526893822 4.20049720003796
"838" 830 1.85071328299174 29.1423311724144 4.2024531745759
"839" 831 1.85111333365973 29.1725944229976 4.20440780253306
"840" 832 1.85141772584448 29.2014128305487 4.20636108645546
"841" 833 1.8518132647089 29.2295037927276 4.20831302888097
"842" 834 1.85212305050338 29.2575885037245 4.21026363233981
"843" 835 1.85245815008044 29.2856669724206 4.21221289935406
"844" 836 1.85284330569201 29.3137392076786 4.2141608324384
"845" 837 1.8531868269343 29.3418052183383 4.21610743409977
"846" 838 1.85351283037901 29.3697902927972 4.21805270683713
"847" 839 1.85382714425245 29.3969444343509 4.21999665314181
"848" 840 1.85415139667708 29.4259074745682 4.2219392754979
"849" 841 1.854529068935 29.4539314403053 4.22388057638145
"850" 842 1.85487505584227 29.4819293538332 4.22582055826123
"851" 843 1.85520092796838 29.5099210669577 4.2277592235981
"852" 844 1.85554557959976 29.5379065884106 4.22969657484605
"853" 845 1.85586461569527 29.5658859268898 4.23163261445082
"854" 846 1.85620367855267 29.5939056501079 4.23356734485126
"855" 847 1.85657555301991 29.6219457046018 4.23550076847858
"856" 848 1.85693947987985 29.649979659444 4.23743288775675
"857" 849 1.85733791901268 29.6780075231555 4.23936370510242
"858" 850 1.85771855638546 29.7060293042315 4.24129322292467
"859" 851 1.85805701543214 29.7360711110185 4.24322144362543
"860" 852 1.85840941690711 29.7666006599974 4.24514836959938
"861" 853 1.8587633036966 29.7970905860466 4.24707400323406
"862" 854 1.85912755931316 29.8255764892006 4.24899834690979
"863" 855 1.85949161209502 29.8509407963765 4.25092140299959
"864" 856 1.85984305913644 29.8755030135392 4.25284317386945
"865" 857 1.86018091237221 29.9024491961427 4.25476366187812
"866" 858 1.86051134422316 29.932651526387 4.25668286937768
"867" 859 1.86086494888758 29.9628497041896 4.25860079871248
"868" 860 1.86120588966105 29.9930437349645 4.26051745222047
"869" 861 1.86154610877306 30.0232336241094 4.26243283223241
"870" 862 1.86188137009973 30.0518361194141 4.26434694107202
"871" 863 1.86227381642519 30.0805683533101 4.2662597810561
"872" 864 1.86261936868369 30.1107119083206 4.26817135449482
"873" 865 1.86290229223097 30.1392529391992 4.27008166369081
"874" 866 1.86325697266219 30.1696110662297 4.27199071094066
"875" 867 1.86364482664255 30.1999652528247 4.2738984985337
"876" 868 1.86398329080505 30.2303155040381 4.27580502875246
"877" 869 1.86428691083509 30.2589911214107 4.27771030387297
"878" 870 1.86461788633258 30.2882275741124 4.27961432616423
"879" 871 1.86495546408121 30.318080396224 4.28151709788854
"880" 872 1.86527619176249 30.3469273975438 4.28341862130194
"881" 873 1.86561748882709 30.3752628768431 4.28531889865336
"882" 874 1.86596791968863 30.4036508371134 4.28721793218513
"883" 875 1.86632302925766 30.4320439466016 4.28911572413341
"884" 876 1.8666714068574 30.4594511891683 4.29101227672741
"885" 877 1.86701950772236 30.4867883430709 4.29290759218981
"886" 878 1.86737040533213 30.5161564010506 4.29480167273695
"887" 879 1.86772116553165 30.5472793997168 4.29669452057866
"888" 880 1.86807120629097 30.5765775420485 4.29858613791789
"889" 881 1.86842187487226 30.6051960208937 4.30047652695194
"890" 882 1.86879010604655 30.6355759736283 4.30236568987103
"891" 883 1.86911573202579 30.6647272776131 4.30425362885921
"892" 884 1.86943830041459 30.6947709568195 4.30614034609416
"893" 885 1.86973844033607 30.723313942948 4.30802584374739
"894" 886 1.87013322053937 30.7514080444958 4.30991012398408
"895" 887 1.87047317603793 30.7807622622922 4.31179318896269
"896" 888 1.87078641025525 30.8101118765526 4.31367504083591
"897" 889 1.87112175820494 30.8394568931807 4.31555568174992
"898" 890 1.87145006891527 30.8685155798557 4.31743511384499
"899" 891 1.87174947574652 30.8973792362393 4.31931333925509
"900" 892 1.87209611937315 30.926237930465 4.32119036010758
"901" 893 1.87243446558824 30.9550916689542 4.3230661785245
"902" 894 1.87279683523433 30.9839404581056 4.32494079662131
"903" 895 1.87311928042178 31.0127843042986 4.32681421650711
"904" 896 1.87344203596085 31.0415802522001 4.32868644028559
"905" 897 1.8737660672689 31.0701031163289 4.33055747005376
"906" 898 1.87410842505383 31.0991632773047 4.33242730790347
"907" 899 1.87442267924066 31.1287224973467 4.33429595591942
"908" 900 1.87474267614848 31.1598560308734 4.3361634161816
"909" 901 1.87510918294419 31.1907539058126 4.33802969076292
"910" 902 1.87540230056361 31.2179811086764 4.33989478173129
"911" 903 1.87575722129691 31.2451413656876 4.34175869114803
"912" 904 1.87607657158759 31.274465602772 4.34362142106915
"913" 905 1.87642283739338 31.3042611529288 4.34548297354437
"914" 906 1.87674516497686 31.3325353337882 4.34734335061783
"915" 907 1.87705256374252 31.360262851359 4.34920255432785
"916" 908 1.87739986956509 31.387984723062 4.35106058670677
"917" 909 1.87773740089232 31.4158266747463 4.35291744978171
"918" 910 1.8780508248794 31.4444484302274 4.35477314557343
"919" 911 1.8784127340297 31.473442002349 4.3566276760972
"920" 912 1.8786965395063 31.5019165344697 4.3584810433628
"921" 913 1.87906603659084 31.5307175136232 4.36033324937394
"922" 914 1.8793892588357 31.5595137063234 4.36218429612929
"923" 915 1.87975164334283 31.5883051185999 4.36403418562128
"924" 916 1.88009856958428 31.6170917564764 4.36588291983723
"925" 917 1.88045087182438 31.645752613216 4.36773050075837
"926" 918 1.88075100948436 31.6742977579267 4.36957693036097
"927" 919 1.8810498721142 31.7028379807951 4.37142221061519
"928" 920 1.88135526185966 31.7315454092269 4.37326634348621
"929" 921 1.88166533464142 31.7603015823824 4.37510933093324
"930" 922 1.88198479036944 31.7890530118684 4.37695117491034
"931" 923 1.88227368759518 31.8177997036152 4.37879187736612
"932" 924 1.88260162702984 31.8465416635321 4.38063144024329
"933" 925 1.88297238284256 31.8752089846274 4.38246986548004
"934" 926 1.88334685208838 31.903733093208 4.38430715500829
"935" 927 1.88364190562794 31.9322990464943 4.38614331075507
"936" 928 1.88401156913467 31.9622298284964 4.38797833464205
"937" 929 1.88425500858402 31.9921213759036 4.38981222858548
"938" 930 1.88460503850684 32.0210868133113 4.39164499449609
"939" 931 1.88488767933121 32.0508650809215 4.39347663427993
"940" 932 1.8851464713201 32.0806395099596 4.39530714983717
"941" 933 1.88545507992828 32.110410105038 4.39713654306296
"942" 934 1.88579522045117 32.1401214378484 4.39896481584738
"943" 935 1.88617736914083 32.1682537887242 4.40079197007508
"944" 936 1.88650026121108 32.1954399270923 4.40261800762552
"945" 937 1.88681411827673 32.2225688384813 4.40444293037354
"946" 938 1.88716464390414 32.2496919936446 4.40626674018782
"947" 939 1.88746594544872 32.2768093999456 4.40808943893292
"948" 940 1.88779436633818 32.3045743769374 4.40991102846783
"949" 941 1.88810492554253 32.3331380548188 4.41173151064629
"950" 942 1.88840834877127 32.3616503604795 4.41355088731733
"951" 943 1.88871278778347 32.3900175674944 4.41536916032459
"952" 944 1.88902663562967 32.4176901877086 4.41718633150724
"953" 945 1.88936555450193 32.4473457965632 4.41900240269894
"954" 946 1.88969205193544 32.4761602059477 4.42081737572836
"955" 947 1.89005010039593 32.5054695420524 4.42263125241933
"956" 948 1.89037773148493 32.5347028227875 4.42444403459095
"957" 949 1.89067374658139 32.5639354608167 4.42625572405715
"958" 950 1.8909640470729 32.5920562031729 4.42806632262684
"959" 951 1.89128712940295 32.619567880828 4.42987583210424
"960" 952 1.89159492797972 32.6474511482735 4.43168425428881
"961" 953 1.8919253551313 32.676025669378 4.43349159097466
"962" 954 1.8923334112134 32.7044932920909 4.43529784395141
"963" 955 1.8926576123249 32.7333152887029 4.437103015004
"964" 956 1.89302876779349 32.7618948956199 4.43890710591224
"965" 957 1.89331452666171 32.7900538910256 4.44071011845112
"966" 958 1.89356905834776 32.8186449681024 4.44251205439161
"967" 959 1.89382463556637 32.8472315194708 4.44431291549861
"968" 960 1.89407258980872 32.8768862615573 4.44611270353368
"969" 961 1.89435619081305 32.9065738113331 4.44791142025262
"970" 962 1.89469664057917 32.9362228990112 4.44970906740705
"971" 963 1.89506644325922 32.9657861014595 4.45150564674373
"972" 964 1.89535380511387 32.9953455687254 4.45330116000494
"973" 965 1.89565569509617 33.0249013051546 4.45509560892788
"974" 966 1.89595487411095 33.0530897482677 4.45688899524577
"975" 967 1.89631440010178 33.0808097003813 4.45868132068689
"976" 968 1.89663801543043 33.108524584686 4.4604725869747
"977" 969 1.89692669853879 33.1362344073468 4.46226279582821
"978" 970 1.89722885116145 33.1639391745196 4.46405194896222
"979" 971 1.89754627349485 33.191638892338 4.46584004808639
"980" 972 1.89786283159933 33.2193335669347 4.46762709490671
"981" 973 1.8981791174113 33.2470232044127 4.46941309112362
"982" 974 1.89849513144448 33.2749357526274 4.47119803843359
"983" 975 1.89878608270099 33.3056328684898 4.47298193852896
"984" 976 1.8990387382997 33.3369788187406 4.47476479309703
"985" 977 1.89934235108574 33.3683226432674 4.47654660382092
"986" 978 1.89963282999241 33.3996643443914 4.47832737237911
"987" 979 1.89995874278614 33.4309864386479 4.48010710044604
"988" 980 1.90028126192454 33.4622381078877 4.48188578969151
"989" 981 1.90060698392595 33.4934875973411 4.48366344178082
"990" 982 1.90093329038984 33.5230828083709 4.48544005837523
"991" 983 1.90123836794852 33.5511115525413 4.48721564113129
"992" 984 1.90150580515182 33.5790409862992 4.48899019170147
"993" 985 1.90184905486269 33.6069259050131 4.49076371173413
"994" 986 1.90219023103506 33.6347946213962 4.49253620287271
"995" 987 1.90249616870397 33.6647203030288 4.49430766675676
"996" 988 1.90279412618039 33.6953529013022 4.49607810502172
"997" 989 1.90313450690186 33.7255259924102 4.49784751929849
"998" 990 1.90343636906682 33.7537160957407 4.49961591121346
"999" 991 1.90375667266031 33.781901648491 4.50138328238973
"1000" 992 1.90407834398508 33.8109965932838 4.50314963444504
"1001" 993 1.90440484485263 33.8406885871818 4.50491496899407
"1002" 994 1.90475414236828 33.8703063282365 4.50667928764615
"1003" 995 1.90503748854258 33.8979361477902 4.50844259200753
"1004" 996 1.90536919581094 33.9250704346201 4.51020488367937
"1005" 997 1.90567246164088 33.9544051135033 4.51196616425954
"1006" 998 1.90595650115098 33.9814939157494 4.51372643534144
"1007" 999 1.90627359796109 34.0085648229143 4.51548569851397
"1008" 1000 1.90657694821731 34.0356305008712 4.51724395536262
