"T" "IC_low" "IC_up" "x_ML"
"1" 1.1 0.677919360249887 0.693472509979453 0.684459639458806
"2" 1.2 0.68522823179355 0.706475118788297 0.694165995569778
"3" 1.3 0.692159321454513 0.718507483198708 0.703247742640642
"4" 1.4 0.698750613593017 0.729736112275219 0.711788788682537
"5" 1.5 0.705040976721755 0.740264897803838 0.719856709243058
"6" 1.6 0.71107896112193 0.750201656575049 0.727506784022489
"7" 1.7 0.716850853389669 0.75961106564768 0.734784849661027
"8" 1.8 0.722398704743287 0.768557012441215 0.741729364215888
"9" 1.9 0.727718254114926 0.77709467007659 0.748372932308319
"10" 2 0.73283258373049 0.785216852277043 0.754743452457976
"11" 3 0.775854659596109 0.852794329892928 0.807507120997615
"12" 4 0.808853357832344 0.90558699018055 0.847668282556247
"13" 5 0.835514579935477 0.950515534783729 0.880476632092071
"14" 6 0.857895200800058 0.990719087358879 0.908409126251291
"15" 7 0.877121313748818 1.02732394126871 0.93284630010478
"16" 8 0.894045526085698 1.06136180348663 0.954642129079964
"17" 9 0.909069263321875 1.09364087238817 0.974364295856107
"18" 10 0.9225356480471 1.12410321445391 0.99241067107493
"19" 11 0.934785280040795 1.15311336056962 1.00907166633054
"20" 12 0.946084320696077 1.18100684464648 1.02456619226397
"21" 13 0.95649945063864 1.20759439347763 1.03906363743305
"22" 14 0.966196012797569 1.23361029701036 1.0526979465272
"23" 15 0.975261971319765 1.25848696617209 1.06557699227049
"24" 16 0.983677144750133 1.28265873992888 1.07778901918434
"25" 17 0.99162667023869 1.30585428812849 1.08940719757099
"26" 18 0.999170517761272 1.32860412323072 1.10049291909565
"27" 19 1.00621899577471 1.35067854557883 1.11109823142108
"28" 20 1.01303415851006 1.37213779680246 1.12126766972932
"29" 21 1.0195002255686 1.39333723145741 1.13103965685628
"30" 22 1.02567067389414 1.41369420899321 1.14044758910631
"31" 23 1.03153946505269 1.43384298418954 1.14952068922336
"32" 24 1.03718009767159 1.45332389064818 1.15828468428753
"33" 25 1.0425514262923 1.47287609787205 1.16676235018792
"34" 26 1.0477195955641 1.49173070763386 1.17497395316069
"35" 27 1.05270581789348 1.51008308682825 1.18293761102096
"36" 28 1.05747960043552 1.52820438177149 1.19066959109677
"37" 29 1.06210733673686 1.54609010648153 1.19818455779828
"38" 30 1.06657206055022 1.5637024782984 1.20549577976193
"39" 31 1.07093777182142 1.58119804609623 1.21261530428477
"40" 32 1.07508327252594 1.59819837917462 1.21955410509268
"41" 33 1.07910441172549 1.61479294161387 1.22632220821701
"42" 34 1.08298261222596 1.63133704844608 1.23292879978196
"43" 35 1.08684126072559 1.64777060013215 1.23938231875292
"44" 36 1.09055673024743 1.6634842970038 1.24569053711018
"45" 37 1.09411233777179 1.67940570792702 1.25186062945175
"46" 38 1.09761251573165 1.69523513866572 1.25789923366456
"47" 39 1.1010463807434 1.71069389570641 1.26381250401332
"48" 40 1.10435394473068 1.72573751740087 1.26960615776297
"49" 41 1.10765468839377 1.74088093018414 1.27528551626317
"50" 42 1.11083445108591 1.75590468567186 1.28085554127054
"51" 43 1.11387444425229 1.77072210775478 1.2863208671601
"52" 44 1.1169093138165 1.78502002289285 1.29168582957514
"53" 45 1.11986726508305 1.79968594108412 1.29695449098077
"54" 46 1.122769969797 1.81410721920512 1.30213066351661
"55" 47 1.12555591897899 1.82800420536687 1.30721792948623
"56" 48 1.12830579768627 1.84223308146331 1.31221965977237
"57" 49 1.13101336145173 1.855738211932 1.31713903042659
"58" 50 1.13364686904372 1.86936362361733 1.32197903764746
"59" 51 1.13624741609904 1.88277976035453 1.3267425113329
"60" 52 1.13877547399442 1.89633093730047 1.33143212736734
"61" 53 1.14124446912457 1.90955919898168 1.33605041878385
"62" 54 1.14372099572263 1.92260308523703 1.3405997859233
"63" 55 1.14606469060375 1.93553905294407 1.34508250569752
"64" 56 1.1483993101374 1.94832285600096 1.3495007400502
"65" 57 1.15071142404283 1.96133570966907 1.35385654369803
"66" 58 1.15290414759151 1.97398405921106 1.3581518712248
"67" 59 1.15514269917666 1.98680643595775 1.36238858359268
"68" 60 1.1573952273275 1.99889834896811 1.36656845412749
"69" 61 1.15953411365546 2.01150280408047 1.3706931740287
"70" 62 1.16165389713345 2.02367348716414 1.37476435744873
"71" 63 1.16365745027794 2.03564068820022 1.3787835461818
"72" 64 1.1656650953808 2.04740127611105 1.38275221399793
"73" 65 1.1676397718554 2.05962463553591 1.38667177065407
"74" 66 1.16964363185104 2.07161357753709 1.39054356561099
"75" 67 1.17158644977353 2.08314019187746 1.39436889148157
"76" 68 1.17352848784476 2.09481753718865 1.39814898723367
"77" 69 1.17540015653547 2.10649938565952 1.4018850411684
"78" 70 1.17732119513513 2.117926704451 1.40557819369234
"79" 71 1.17916501121215 2.12957331803295 1.40922953990107
"80" 72 1.18090179047845 2.14070470169203 1.41284013198886
"81" 73 1.18264312240033 2.1523087098972 1.41641098149893
"82" 74 1.18438971871991 2.1636612939365 1.41994306142641
"83" 75 1.18612970877614 2.17481703903172 1.42343730818584
"84" 76 1.18782188460184 2.18584194370079 1.42689462345343
"85" 77 1.18947540855735 2.19693710700098 1.43031587589366
"86" 78 1.19114998072151 2.20824184884697 1.4337019027788
"87" 79 1.19282788981004 2.21911652346186 1.43705351150943
"88" 80 1.19438719058784 2.23001111014472 1.44037148104299
"89" 81 1.19601868116682 2.24074242478505 1.44365656323714
"90" 82 1.19762501770338 2.25128665478985 1.44690948411397
"91" 83 1.19917495394119 2.26209423188822 1.45013094505053
"92" 84 1.20065823643918 2.27240406322167 1.45332162390096
"93" 85 1.20216235221015 2.28292608935905 1.45648217605476
"94" 86 1.20365895606445 2.29320994545269 1.45961323543572
"95" 87 1.20515015075615 2.3034920785495 1.46271541544524
"96" 88 1.20666396061126 2.3140205592681 1.46578930985399
"97" 89 1.20805451255452 2.32444865912914 1.46883549364515
"98" 90 1.20948024911075 2.33462101003313 1.47185452381236
"99" 91 1.21088734813468 2.34438914969668 1.47484694011537
"100" 92 1.212293004957 2.35447258656372 1.477813265796
"101" 93 1.21375085404849 2.36476702669732 1.48075400825698
"102" 94 1.21515409107726 2.37523205895437 1.48366965970582
"103" 95 1.2164808804395 2.38492807246251 1.4865606977661
"104" 96 1.21785484843293 2.39497833614555 1.48942758605788
"105" 97 1.21919929112266 2.40446749944335 1.49227077474931
"106" 98 1.22049358824479 2.41428177941562 1.49509070108108
"107" 99 1.22180026532831 2.42446462634904 1.49788778986522
"108" 100 1.22314498125675 2.43409232394183 1.50066245395995
"109" 101 1.22440172049138 2.44377787503862 1.50341509472172
"110" 102 1.22569922467597 2.45333845477267 1.5061461024359
"111" 103 1.22696799591509 2.46290794102511 1.50885585672739
"112" 104 1.22820279166785 2.47223162099411 1.51154472695201
"113" 105 1.22945018347639 2.48132634490949 1.51421307257005
"114" 106 1.23067871880845 2.49068706143143 1.51686124350274
"115" 107 1.23186673817368 2.50010280799574 1.51948958047268
"116" 108 1.23308232407165 2.50940771430033 1.52209841532906
"117" 109 1.23429498403338 2.51916878605211 1.52468807135843
"118" 110 1.23545978452054 2.52845960483415 1.527258863582
"119" 111 1.23664580845351 2.53763463457623 1.52981109903981
"120" 112 1.23774938068067 2.54671516367335 1.53234507706282
"121" 113 1.23889216149472 2.55571946800469 1.53486108953335
"122" 114 1.24004087391857 2.56495309717573 1.53735942113445
"123" 115 1.24116017629668 2.57415970550241 1.53984034958889
"124" 116 1.24229768465562 2.58319406069 1.54230414588814
"125" 117 1.24343243034395 2.59219884537868 1.54475107451198
"126" 118 1.24455138401498 2.60097792433504 1.5471813936391
"127" 119 1.24564302891531 2.60978659938402 1.54959535534918
"128" 120 1.24669974643167 2.61834045955415 1.55199320581683
"129" 121 1.24772355877253 2.62712625378627 1.55437518549782
"130" 122 1.24875425597153 2.63589663648446 1.55674152930797
"131" 123 1.24979179072534 2.64466200981657 1.55909246679497
"132" 124 1.25081475931728 2.65354711119652 1.56142822230362
"133" 125 1.25186060789872 2.66198231930213 1.56374901513457
"134" 126 1.25281506032251 2.67063083107135 1.5660550596971
"135" 127 1.25379104494354 2.67964749113424 1.56834656565603
"136" 128 1.25478918065805 2.68852259589733 1.57062373807313
"137" 129 1.25576187918496 2.69676611874855 1.57288677754327
"138" 130 1.25668827934781 2.70525247028973 1.57513588032545
"139" 131 1.25766087882688 2.71414970762876 1.57737123846906
"140" 132 1.25863249155132 2.7226133796797 1.57959303993558
"141" 133 1.25955364714223 2.73111040665685 1.58180146871573
"142" 134 1.26051256648108 2.7398636653397 1.58399670494254
"143" 135 1.2614798322516 2.74818895589066 1.58617892500036
"144" 136 1.26239368802529 2.75651244212033 1.58834830162992
"145" 137 1.2632724495813 2.7647353790839 1.59050500402982
"146" 138 1.26420959065956 2.77295377487424 1.59264919795435
"147" 139 1.26512256253595 2.78118160334275 1.59478104580806
"148" 140 1.26604019655702 2.78929895288165 1.59690070673696
"149" 141 1.26697458918953 2.79751687219042 1.59900833671663
"150" 142 1.26785870555382 2.80573805913162 1.6011040886374
"151" 143 1.26875164929948 2.81375027961906 1.60318811238657
"152" 144 1.26964424953811 2.82190221879397 1.60526055492797
"153" 145 1.27049423795185 2.83018773658537 1.60732156037878
"154" 146 1.27135621639629 2.83815879029535 1.60937127008391
"155" 147 1.27219463103793 2.84628832567536 1.61140982268793
"156" 148 1.27309708933101 2.85400988585309 1.61343735420451
"157" 149 1.27395693176786 2.86206598568172 1.61545399808388
"158" 150 1.27477834353612 2.87012157955373 1.61745988527789
"159" 151 1.27560507699376 2.87801735790686 1.61945514430311
"160" 152 1.27645956864202 2.8858401056257 1.62143990130191
"161" 153 1.27727787694755 2.89342948181966 1.62341428010158
"162" 154 1.27813522132906 2.90112679500218 1.62537840227169
"163" 155 1.27896294345075 2.90914784637722 1.62733238717958
"164" 156 1.2797836609046 2.91689892337595 1.62927635204415
"165" 157 1.28059308924924 2.92430227627216 1.63121041198804
"166" 158 1.281386091271 2.9320331591333 1.63313468008821
"167" 159 1.28216922985837 2.94004082323623 1.63504926742496
"168" 160 1.28297445871617 2.94754221201434 1.63695428312948
"169" 161 1.28374423979765 2.95540247939006 1.63884983443003
"170" 162 1.28451943022016 2.96278991570197 1.64073602669666
"171" 163 1.28529683244955 2.97047939397481 1.64261296348469
"172" 164 1.28602598074087 2.97803005148475 1.64448074657684
"173" 165 1.28677428788431 2.98573491788764 1.64633947602424
"174" 166 1.28751816942011 2.99351229676576 1.64818925018611
"175" 167 1.2882816483797 3.00108929285182 1.65003016576839
"176" 168 1.28903491045322 3.00853333600219 1.65186231786125
"177" 169 1.28978483466919 3.01605296262346 1.65368579997552
"178" 170 1.29055348957149 3.02337450822696 1.65550070407809
"179" 171 1.29129635255016 3.03055339074971 1.65730712062629
"180" 172 1.29201970191674 3.03811299330474 1.65910513860136
"181" 173 1.29277706698195 3.04552301301305 1.66089484554095
"182" 174 1.29347300314192 3.05315030076612 1.66267632757072
"183" 175 1.29413720849095 3.06042402688766 1.66444966943511
"184" 176 1.2947978153755 3.06745906904151 1.6662149545272
"185" 177 1.29548840477844 3.07430836480438 1.66797226491783
"186" 178 1.29622166975656 3.08145839088729 1.66972168138389
"187" 179 1.29691251419495 3.08821842020896 1.67146328343584
"188" 180 1.29760623484123 3.09543634274755 1.67319714934456
"189" 181 1.2982908342502 3.10234474332132 1.67492335616739
"190" 182 1.29896672951447 3.10925045982891 1.67664197977356
"191" 183 1.29966792591242 3.11681692913635 1.67835309486894
"192" 184 1.30036919379801 3.12356085550139 1.68005677502005
"193" 185 1.30100400824655 3.13068765135232 1.68175309267762
"194" 186 1.30163069157131 3.13796870476943 1.68344211919935
"195" 187 1.30228895082174 3.14551998131445 1.68512392487228
"196" 188 1.3029333108938 3.15248090967194 1.68679857893435
"197" 189 1.30355608482315 3.15945576684083 1.68846614959565
"198" 190 1.30420359695086 3.16623901094674 1.69012670405901
"199" 191 1.3048668357637 3.17307059520657 1.69178030854001
"200" 192 1.30551183247542 3.17968652718924 1.69342702828667
"201" 193 1.30615993757532 3.18651512977364 1.69506692759848
"202" 194 1.30678987400563 3.19354070965708 1.69670006984503
"203" 195 1.30742851141348 3.20019065686185 1.69832651748419
"204" 196 1.30805997730965 3.20719588243665 1.69994633207982
"205" 197 1.30870726770526 3.21382741916936 1.70155957431904
"206" 198 1.30934821699282 3.22044000937264 1.70316630402911
"207" 199 1.30998629076354 3.22731813481502 1.70476658019387
"208" 200 1.3106255510579 3.23432590634253 1.70636046096984
"209" 201 1.31126182488222 3.2406660918182 1.70794800370183
"210" 202 1.31189177237469 3.24766344231475 1.70952926493829
"211" 203 1.31251697166394 3.25438422776153 1.71110430044626
"212" 204 1.31315581912635 3.26081408049746 1.7126731652259
"213" 205 1.31380778194874 3.26745425159335 1.71423591352481
"214" 206 1.31441778432813 3.27430041653768 1.71579259885186
"215" 207 1.31503900708468 3.28096472837663 1.71734327399084
"216" 208 1.31564780921598 3.28747595063013 1.71888799101374
"217" 209 1.31628190968403 3.29400153618161 1.72042680129367
"218" 210 1.31685573983756 3.30072005318759 1.72195975551753
"219" 211 1.31745427153206 3.30725608755708 1.72348690369849
"220" 212 1.31804400719261 3.31381837233974 1.72500829518796
"221" 213 1.31860880368109 3.32054658028538 1.72652397868752
"222" 214 1.31919575972117 3.32710395317684 1.72803400226042
"223" 215 1.31978182542632 3.33369978667355 1.72953841334292
"224" 216 1.3203410859312 3.34024251292529 1.73103725875533
"225" 217 1.32094074430072 3.34684707909998 1.73253058471282
"226" 218 1.32145459130475 3.3528697238332 1.73401843683597
"227" 219 1.32200202107253 3.35938207562621 1.73550086016115
"228" 220 1.32255859523312 3.36596417921211 1.73697789915059
"229" 221 1.32313226672517 3.37212551005395 1.73844959770228
"230" 222 1.32369491015039 3.37872400442583 1.73991599915967
"231" 223 1.32424553776578 3.38510667899336 1.74137714632111
"232" 224 1.32478183531347 3.39138394105906 1.74283308144911
"233" 225 1.32532818411494 3.39753622968679 1.74428384627944
"234" 226 1.32585122429564 3.4041264859078 1.74572948202998
"235" 227 1.3264085394168 3.41063049986202 1.7471700294094
"236" 228 1.3269646351085 3.41737097919169 1.7486055286257
"237" 229 1.32752813146548 3.42418954550962 1.75003601939445
"238" 230 1.32807079928945 3.43102222165553 1.75146154094706
"239" 231 1.32864201075531 3.43743221263933 1.75288213203864
"240" 232 1.32919844279511 3.44377454839557 1.7542978309559
"241" 233 1.32971769598928 3.45017363804271 1.75570867552478
"242" 234 1.33023379959288 3.45659267890582 1.75711470311789
"243" 235 1.33080441798064 3.46289171568529 1.75851595066197
"244" 236 1.33134646030238 3.46896769776886 1.75991245464495
"245" 237 1.33189644397441 3.47510631815919 1.7613042511231
"246" 238 1.33239941938828 3.48164743989676 1.76269137572788
"247" 239 1.33290263514773 3.48769283313722 1.76407386367273
"248" 240 1.33346015696807 3.49417645029703 1.76545174975968
"249" 241 1.33399833783083 3.5002584056855 1.76682506838587
"250" 242 1.33452061847072 3.50589350471023 1.76819385354989
"251" 243 1.33502561641226 3.51183021678683 1.76955813885806
"252" 244 1.3355083656324 3.5178359621451 1.77091795753051
"253" 245 1.33598410654398 3.52437250656966 1.77227334240721
"254" 246 1.33650879768338 3.53071773289417 1.77362432595385
"255" 247 1.33703599498488 3.53675045651049 1.77497094026757
"256" 248 1.33753418926508 3.54272847618002 1.77631321708268
"257" 249 1.33798491123196 3.54865820079741 1.77765118777614
"258" 250 1.33847833921532 3.55451763890904 1.77898488337304
"259" 251 1.33897960217836 3.56047081902233 1.78031433455194
"260" 252 1.33947510471051 3.56643399408828 1.78163957165009
"261" 253 1.3399691076367 3.57244932975943 1.78296062466854
"262" 254 1.34043980550984 3.57835991069351 1.78427752327722
"263" 255 1.34093705063867 3.58461410276879 1.78559029681986
"264" 256 1.34143733066851 3.59077902432159 1.78689897431886
"265" 257 1.34193441903307 3.59668252577647 1.78820358448
"266" 258 1.34244290576856 3.60283747409552 1.78950415569717
"267" 259 1.34294416613039 3.60893046616566 1.79080071605693
"268" 260 1.34343599895029 3.61528810872928 1.79209329334297
"269" 261 1.34391252551513 3.62113349204655 1.79338191504059
"270" 262 1.34444796470039 3.62669614486067 1.794666608341
"271" 263 1.34490363164733 3.63263105217361 1.79594740014557
"272" 264 1.34536246188049 3.63853928816737 1.79722431707002
"273" 265 1.34581178477449 3.64431325650048 1.79849738544854
"274" 266 1.34628060565623 3.65037630910505 1.79976663133775
"275" 267 1.3467623566227 3.65626927289956 1.80103208052078
"276" 268 1.34722245610467 3.66202249797877 1.80229375851101
"277" 269 1.34770775304256 3.66808237723 1.80355169055597
"278" 270 1.34817409692086 3.67353831536195 1.80480590164109
"279" 271 1.34866633608193 3.67927632381623 1.80605641649336
"280" 272 1.34913469735546 3.68525989968008 1.80730325958491
"281" 273 1.34960482827679 3.69142409575401 1.80854645513663
"282" 274 1.35007202125764 3.69713935710199 1.80978602712162
"283" 275 1.35054126045146 3.70307460306581 1.81102199926865
"284" 276 1.35098172912396 3.70868474309519 1.81225439506545
"285" 277 1.35144565166671 3.71474228122821 1.81348323776213
"286" 278 1.35191205720626 3.72060494664779 1.81470855037436
"287" 279 1.35232691838198 3.7263161723606 1.81593035568658
"288" 280 1.35278290683175 3.73223725249207 1.81714867625514
"289" 281 1.35323511797251 3.73782618531624 1.81836353441144
"290" 282 1.35367420474976 3.74342433377019 1.81957495226486
"291" 283 1.35411481759268 3.74906691409688 1.82078295170586
"292" 284 1.35451603732613 3.75468083637867 1.82198755440884
"293" 285 1.35497507604449 3.76027899488433 1.82318878183505
"294" 286 1.35544159282349 3.76619243689241 1.82438665523539
"295" 287 1.35586000080515 3.77170506338421 1.82558119565329
"296" 288 1.35629358330414 3.7773349442615 1.82677242392733
"297" 289 1.35674255811674 3.78311361073518 1.82796036069404
"298" 290 1.35715965770667 3.78867961545169 1.82914502639049
"299" 291 1.35763954874785 3.79460709515583 1.83032644125691
"300" 292 1.35806753127167 3.80031867518527 1.83150462533927
"301" 293 1.35850693501799 3.80604769734669 1.8326795984918
"302" 294 1.35890867150058 3.81167432049268 1.83385138037946
"303" 295 1.35936296120711 3.81749887494328 1.83501999048036
"304" 296 1.35977731461417 3.82306721610708 1.83618544808825
"305" 297 1.36015365195872 3.82864795398862 1.83734777231474
"306" 298 1.36057631686784 3.8343635573977 1.83850698209177
"307" 299 1.36099552650264 3.83991052821395 1.8396630961738
"308" 300 1.36141503081398 3.84549472291278 1.84081613314009
"309" 301 1.36180046033935 3.8509474313422 1.84196611139692
"310" 302 1.36217224697527 3.85662978602415 1.84311304917979
"311" 303 1.36260955424182 3.86219565676362 1.84425696455549
"312" 304 1.36304008684261 3.86778181818227 1.8453978754243
"313" 305 1.36348472506133 3.87303483658162 1.84653579952202
"314" 306 1.36389190748786 3.87847271737485 1.84767075442202
"315" 307 1.36428492864654 3.88392536581222 1.84880275753724
"316" 308 1.36467825437725 3.88896579747583 1.8499318261222
"317" 309 1.36513674516506 3.89445924310235 1.85105797727495
"318" 310 1.36556273104583 3.90006903747837 1.85218122793896
"319" 311 1.36597390783269 3.90569852220321 1.85330159490504
"320" 312 1.36639000007349 3.91129262206869 1.85441909481318
"321" 313 1.36680228038351 3.91674020416411 1.8555337441544
"322" 314 1.3672031464593 3.92217789080982 1.85664555927255
"323" 315 1.36760881306369 3.9270860468852 1.85775455636605
"324" 316 1.36799168278121 3.93263521548687 1.85886075148974
"325" 317 1.36839225484495 3.93782550723119 1.85996416055649
"326" 318 1.36877425929031 3.9432080996088 1.86106479933896
"327" 319 1.3691552915094 3.94827944826269 1.86216268347126
"328" 320 1.36949785172494 3.9534770903198 1.86325782845062
"329" 321 1.36986959757859 3.95865431258232 1.86435024963893
"330" 322 1.37025940110875 3.96411863898398 1.86543996226446
"331" 323 1.37071356361427 3.96944797317141 1.86652698142333
"332" 324 1.37109974366734 3.97474477708782 1.86761132208111
"333" 325 1.37144527373792 3.98033920320772 1.86869299907436
"334" 326 1.37186016801235 3.98576275335976 1.86977202711209
"335" 327 1.37224651436959 3.99126875523765 1.8708484207773
"336" 328 1.37262773968642 3.99644828473126 1.87192219452837
"337" 329 1.37299004556966 4.0016314347888 1.87299336270058
"338" 330 1.3733825106272 4.00732165127908 1.87406193950747
"339" 331 1.37376745172924 4.01245840015747 1.87512793904225
"340" 332 1.3741516878374 4.01753642304982 1.87619137527921
"341" 333 1.37451455356918 4.02236496363071 1.87725226207506
"342" 334 1.3748590905073 4.0274747340128 1.87831061317024
"343" 335 1.37522819987756 4.03269113524154 1.87936644219028
"344" 336 1.37559285245109 4.03800388113633 1.88041976264711
"345" 337 1.37596189455763 4.04333648388095 1.88147058794026
"346" 338 1.37631300599041 4.04855789305388 1.88251893135825
"347" 339 1.37668238193951 4.05365945755679 1.88356480607973
"348" 340 1.37706063272999 4.05914692213945 1.88460822517475
"349" 341 1.37740761570946 4.06444900688413 1.88564920160597
"350" 342 1.37774713736122 4.06962122494896 1.88668774822989
"351" 343 1.37810272003726 4.07487967649107 1.88772387779795
"352" 344 1.37847750093088 4.08001471808494 1.88875760295772
"353" 345 1.37882416384358 4.08501950279622 1.88978893625412
"354" 346 1.37918056184302 4.09033187788429 1.89081789013043
"355" 347 1.37952752082472 4.09525076559386 1.89184447692951
"356" 348 1.37987011315098 4.10082958871461 1.89286870889478
"357" 349 1.38023353637973 4.10574517590028 1.89389059817142
"358" 350 1.38058567321882 4.11065395079841 1.89491015680739
"359" 351 1.38091711899345 4.11581194179077 1.89592739675449
"360" 352 1.38122161046747 4.12060200064255 1.89694232986936
"361" 353 1.38157628428192 4.1257374854936 1.89795496791454
"362" 354 1.38190330626199 4.13083003091771 1.8989653225595
"363" 355 1.38223959032316 4.13617642432539 1.89997340538161
"364" 356 1.38257236948692 4.14145987882798 1.90097922786713
"365" 357 1.38293715789222 4.14668856093389 1.90198280141218
"366" 358 1.38331478829682 4.15203187671141 1.90298413732367
"367" 359 1.38365647762277 4.15692962023142 1.90398324682031
"368" 360 1.38397824097478 4.16208652025427 1.90498014103351
"369" 361 1.38434469183859 4.16720051668421 1.90597483100824
"370" 362 1.38468401187659 4.17222574085686 1.90696732770405
"371" 363 1.38500214713225 4.17700118880984 1.90795764199587
"372" 364 1.38533125009675 4.18179220550262 1.90894578467496
"373" 365 1.385656594409 4.18696749843389 1.90993176644973
"374" 366 1.38595652780376 4.19211116369462 1.91091559794665
"375" 367 1.38630360141118 4.19739059515905 1.91189728971103
"376" 368 1.3866586964989 4.20234020721808 1.91287685220793
"377" 369 1.38702032990997 4.20767253680594 1.913854295823
"378" 370 1.3873838125874 4.212850078141 1.91482963086316
"379" 371 1.3876916806622 4.21756153956414 1.91580286755758
"380" 372 1.38802960852962 4.22273396830896 1.91677401605838
"381" 373 1.38835514174809 4.22770121368219 1.91774308644141
"382" 374 1.38867884303568 4.2326839990253 1.91871008870707
"383" 375 1.38902266082241 4.23785997926585 1.91967503278104
"384" 376 1.38935491590304 4.24314330231452 1.92063792851508
"385" 377 1.38969458970778 4.24847860973754 1.92159878568771
"386" 378 1.39001752952749 4.25367056944729 1.92255761400497
"387" 379 1.39036217448082 4.25854439793591 1.92351442310121
"388" 380 1.3906610283688 4.2637412770244 1.92446922253973
"389" 381 1.39101697162216 4.26854567296507 1.9254220218135
"390" 382 1.39134033226273 4.2734935274804 1.9263728303459
"391" 383 1.39164225176421 4.27832499486109 1.92732165749137
"392" 384 1.39199524343205 4.2830938214721 1.92826851253613
"393" 385 1.3922800597766 4.28768720821142 1.9292134046988
"394" 386 1.39260918348486 4.29214623165315 1.93015634313113
"395" 387 1.39292897266804 4.29722993664504 1.93109733691864
"396" 388 1.39323016981749 4.30237961994569 1.93203639508119
"397" 389 1.39352397575096 4.30725253916763 1.93297352657375
"398" 390 1.39384600292268 4.31186034490631 1.93390874028694
"399" 391 1.39416963697457 4.31650095373654 1.93484204504772
"400" 392 1.39449153513506 4.32112547498845 1.93577344961992
"401" 393 1.39478605780589 4.32584561084881 1.93670296270495
"402" 394 1.3951194416007 4.33092074969523 1.93763059294234
"403" 395 1.39542968044425 4.33539066339215 1.93855634891033
"404" 396 1.3957658269188 4.34008198365496 1.93948023912656
"405" 397 1.39605567966845 4.34491625920757 1.94040227204845
"406" 398 1.39637495829139 4.3497549819961 1.941322456074
"407" 399 1.39668193485986 4.35465420283729 1.94224079954221
"408" 400 1.39700130437324 4.35939894889637 1.94315731073367
"409" 401 1.39731772990835 4.36445391992223 1.94407199787117
"410" 402 1.39764869170642 4.37003934055999 1.94498486912019
"411" 403 1.39796827787634 4.3752012203226 1.94589593258941
"412" 404 1.3982427272668 4.37986583945986 1.94680519633139
"413" 405 1.39851915766218 4.3843418010202 1.94771266834286
"414" 406 1.39881294381839 4.38942683398307 1.94861835656552
"415" 407 1.39915122857171 4.39441473681983 1.94952226888633
"416" 408 1.39944142210722 4.39923423414231 1.9504244131381
"417" 409 1.39972527929699 4.40346178595425 1.95132479710003
"418" 410 1.40003273990535 4.4082482177545 1.9522234284982
"419" 411 1.40032438382697 4.41307326765102 1.95312031500596
"420" 412 1.40062393670376 4.41817247118906 1.95401546424458
"421" 413 1.40093362156263 4.42299871566779 1.95490888378355
"422" 414 1.40123255762934 4.42808543002506 1.95580058114122
"423" 415 1.40155071898333 4.43306209596451 1.95669056378517
"424" 416 1.401852692866 4.43778447550809 1.95757883913271
"425" 417 1.40211785474924 4.44258883272567 1.95846541455132
"426" 418 1.40239790182595 4.44719333076724 1.95935029735909
"427" 419 1.40268507927827 4.45178956299385 1.96023349482525
"428" 420 1.40297166708653 4.45638523579266 1.9611150141705
"429" 421 1.40328747695579 4.46109487177618 1.96199486256753
"430" 422 1.4035897898464 4.46555448981461 1.96287304714141
"431" 423 1.40388709685988 4.47023054904071 1.96374957497004
"432" 424 1.40419760328003 4.47507412010639 1.96462445308454
"433" 425 1.40448275541628 4.47992752152383 1.96549768846972
"434" 426 1.40480044988197 4.48441860628289 1.96636928806448
"435" 427 1.40508234032513 4.48900602416617 1.96723925876214
"436" 428 1.40536537258934 4.49381259468193 1.96810760741102
"437" 429 1.40565881456834 4.49854011884542 1.96897434081461
"438" 430 1.40589675993996 4.5035320018266 1.96983946573217
"439" 431 1.40616758794076 4.5081443349067 1.97070298887901
"440" 432 1.40647137203139 4.51330839600981 1.97156491692687
"441" 433 1.40675518675837 4.5178261896066 1.97242525650439
"442" 434 1.40701048878639 4.5228428658206 1.9732840141974
"443" 435 1.40730675001054 4.52761865645133 1.97414119654932
"444" 436 1.40757681627232 4.53236761089483 1.97499681006157
"445" 437 1.40785998134632 4.53674933806626 1.97585086119389
"446" 438 1.40811856276456 4.54111557993829 1.97670335636467
"447" 439 1.4084022976969 4.54550617773144 1.97755430195145
"448" 440 1.4086903153226 4.5500447174594 1.97840370429106
"449" 441 1.40897330858042 4.55427542504562 1.97925156968016
"450" 442 1.40922598530296 4.55861547639076 1.98009790437547
"451" 443 1.40955189390785 4.56297634423662 1.98094271459422
"452" 444 1.4098488311233 4.5677132369428 1.98178600651437
"453" 445 1.41012532268457 4.57245682748363 1.98262778627499
"454" 446 1.41041062196304 4.57649130389771 1.98346805997663
"455" 447 1.41069010045672 4.58111772684193 1.98430683368158
"456" 448 1.41094389216509 4.58513143157884 1.98514411341429
"457" 449 1.41122327927172 4.58932097762693 1.98597990516159
"458" 450 1.41152294769535 4.59394019529511 1.98681421487304
"459" 451 1.41177983944493 4.59853726802347 1.98764704846132
"460" 452 1.41198696902289 4.60282867799009 1.98847841180238
"461" 453 1.41225384366947 4.60755558040318 1.98930831073591
"462" 454 1.41253939231257 4.61222583076628 1.99013675106557
"463" 455 1.41281029470377 4.6168917262412 1.99096373855926
"464" 456 1.41310509804283 4.62145740151223 1.9917892789495
"465" 457 1.41335830918987 4.62603143673824 1.99261337793369
"466" 458 1.4136286155736 4.63060366519297 1.9934360411743
"467" 459 1.41387913726863 4.63526100910083 1.99425727429936
"468" 460 1.41416261165921 4.63996968264734 1.99507708290257
"469" 461 1.41441782860418 4.64469398734 1.9958954725437
"470" 462 1.41469225838339 4.64907138435608 1.99671244874875
"471" 463 1.41493332057878 4.65337426722541 1.99752801701036
"472" 464 1.41520603901361 4.65789249068883 1.99834218278795
"473" 465 1.41545558523208 4.66241400852695 1.99915495150816
"474" 466 1.41569334457418 4.66694157068577 1.99996632856493
"475" 467 1.41595853505917 4.67118894136366 2.00077631931987
"476" 468 1.41620819443051 4.67562568606651 2.00158492910252
"477" 469 1.41647036691725 4.67996436888168 2.00239216321063
"478" 470 1.41675238057037 4.68431718828089 2.00319802691032
"479" 471 1.41698734649352 4.68849319483917 2.00400252543645
"480" 472 1.41722948697659 4.69285519938093 2.00480566399276
"481" 473 1.41748359090471 4.69769912771596 2.00560744775226
"482" 474 1.41773866221686 4.70217247480856 2.00640788185733
"483" 475 1.41797930299057 4.70606756861384 2.0072069714201
"484" 476 1.41821237281526 4.71056861360019 2.00800472152254
"485" 477 1.41849708684341 4.71509828929423 2.00880113721682
"486" 478 1.41872811976961 4.719625015636 2.00959622352557
"487" 479 1.41900292669346 4.72393235707125 2.01038998544195
"488" 480 1.41927644186295 4.72814496397067 2.01118242793009
"489" 481 1.41952941711054 4.73236217009201 2.01197355592517
"490" 482 1.41974733678511 4.73664061940599 2.01276337433367
"491" 483 1.42002787051182 4.74126472328972 2.01355188803366
"492" 484 1.42029921871122 4.74590128513467 2.014339101875
"493" 485 1.42054438377683 4.75048972986993 2.01512502067951
"494" 486 1.42077713657457 4.75496721996158 2.01590964924125
"495" 487 1.42101722051456 4.75900669511456 2.0166929923267
"496" 488 1.4212520093776 4.76324972931245 2.01747505467501
"497" 489 1.42148720375704 4.76752274086223 2.01825584099817
"498" 490 1.42172438910921 4.77186437501647 2.01903535598121
"499" 491 1.42196932037587 4.77618101436894 2.01981360428254
"500" 492 1.42224360430576 4.78047023529238 2.02059059053393
"501" 493 1.42249179654746 4.78473206091562 2.02136631934094
"502" 494 1.42274857600409 4.78884064836655 2.02214079528297
"503" 495 1.42299709894829 4.7931686247295 2.02291402291354
"504" 496 1.42327469788708 4.79753288700662 2.02368600676047
"505" 497 1.42355627103179 4.80179301145241 2.02445675132601
"506" 498 1.42379507044468 4.80577392693753 2.02522626108715
"507" 499 1.42405084217288 4.81030055936756 2.02599454049575
"508" 500 1.42427924682609 4.81469120987696 2.02676159397871
"509" 501 1.42454054100673 4.81895179975412 2.02752742593822
"510" 502 1.4247736878433 4.82320805581933 2.0282920407519
"511" 503 1.42501437075322 4.82752023561988 2.02905544277299
"512" 504 1.42528502214869 4.83170092728488 2.02981763633055
"513" 505 1.42552952304274 4.83580875132084 2.03057862572964
"514" 506 1.42578346556805 4.84009003155208 2.03133841525148
"515" 507 1.42601822888472 4.84434969222983 2.03209700915367
"516" 508 1.42624032219779 4.84851905301044 2.03285441167034
"517" 509 1.42648172434076 4.8526724826417 2.03361062701231
"518" 510 1.42671610381492 4.85684048590554 2.03436565936726
"519" 511 1.4269426801937 4.86099147214333 2.03511951289995
"520" 512 1.42716471950918 4.86520084431074 2.03587219175238
"521" 513 1.42739834945147 4.86928376797423 2.03662370004394
"522" 514 1.42763109992679 4.87373983393576 2.03737404187151
"523" 515 1.42788278341138 4.87807150713834 2.03812322130976
"524" 516 1.42811803344364 4.88200886717597 2.03887124241125
"525" 517 1.42836274414554 4.88651141086797 2.03961810920657
"526" 518 1.42856468017775 4.89077166668623 2.0403638257045
"527" 519 1.42881276588158 4.89488274220715 2.04110839589226
"528" 520 1.42904675289608 4.89907904093277 2.04185182373551
"529" 521 1.42926944626699 4.90365320971244 2.04259411317867
"530" 522 1.42947601504951 4.90803953279067 2.04333526814496
"531" 523 1.42972273177896 4.91229534423902 2.0440752925366
"532" 524 1.42996683330298 4.91647637086587 2.04481419023501
"533" 525 1.43017374699582 4.920755939797 2.04555196510084
"534" 526 1.43043887918744 4.92474907750568 2.04628862097422
"535" 527 1.4306697169064 4.92871518489582 2.04702416167482
"536" 528 1.43088233089715 4.93275559726188 2.04775859100218
"537" 529 1.4311264129322 4.93676676719166 2.04849191273562
"538" 530 1.43136270286446 4.94072240815265 2.04922413063453
"539" 531 1.43159501109731 4.94478272557972 2.04995524843845
"540" 532 1.43184213095729 4.94890852991691 2.05068526986729
"541" 533 1.4320617787963 4.95302561938626 2.05141419862139
"542" 534 1.43230888975331 4.957195512477 2.05214203838165
"543" 535 1.43253062761083 4.96144200296306 2.05286879280976
"544" 536 1.4327566945823 4.96553779447332 2.05359446554826
"545" 537 1.43297427672953 4.96995586631076 2.05431906022073
"546" 538 1.43319351144161 4.97434844593058 2.05504258043181
"547" 539 1.43339667731741 4.97843099731498 2.0557650297675
"548" 540 1.43361335798701 4.98282469281891 2.05648641179515
"549" 541 1.4338193031496 4.98721957622463 2.05720673006366
"550" 542 1.43404478644529 4.99141978495626 2.05792598810364
"551" 543 1.4342957448364 4.9955655038271 2.05864418942743
"552" 544 1.43453052645576 4.99972983258445 2.05936133752934
"553" 545 1.4347583109385 5.00408455914776 2.06007743588569
"554" 546 1.43496428460628 5.00849933223681 2.06079248795498
"555" 547 1.43519807220947 5.01249436900391 2.06150649717805
"556" 548 1.43539160750082 5.01651552199305 2.06221946697813
"557" 549 1.43562263163462 5.02065535541364 2.06293140076094
"558" 550 1.43585346076583 5.02489438729326 2.06364230191495
"559" 551 1.43608457256765 5.02883086664062 2.06435217381137
"560" 552 1.4363034263819 5.03303148407664 2.06506101980431
"561" 553 1.43649839645532 5.03731778251264 2.06576884323086
"562" 554 1.43669996030179 5.04187282142247 2.06647564741133
"563" 555 1.43691213328676 5.04602290550534 2.06718143564923
"564" 556 1.43712258832952 5.05034142226954 2.06788621123143
"565" 557 1.43734953663977 5.05433466471892 2.06858997742825
"566" 558 1.43755626712359 5.0583080763712 2.06929273749368
"567" 559 1.43777227523842 5.0624509857354 2.06999449466537
"568" 560 1.43798251062756 5.06655347223606 2.07069525216476
"569" 561 1.43818088768297 5.07063758095202 2.07139501319723
"570" 562 1.43841254570119 5.0748205596057 2.07209378095218
"571" 563 1.43861420438462 5.07896103277534 2.07279155860318
"572" 564 1.43881526927723 5.08329616415734 2.07348834930804
"573" 565 1.43902491592082 5.08725469324189 2.07418415620889
"574" 566 1.43923114345196 5.09140367060015 2.07487898243232
"575" 567 1.43943021972777 5.09554402420017 2.07557283108952
"576" 568 1.43963771574636 5.09964151677424 2.07626570527629
"577" 569 1.43981674561802 5.10361121078616 2.07695760807326
"578" 570 1.44001551701317 5.10775941166915 2.07764854254589
"579" 571 1.4402144520737 5.1118636863946 2.07833851174459
"580" 572 1.44042734690662 5.11593132756563 2.07902751870488
"581" 573 1.44064959410927 5.11998456406474 2.07971556644742
"582" 574 1.44084356578276 5.12398092333114 2.08040265797814
"583" 575 1.44104701945023 5.12810870782325 2.08108879628837
"584" 576 1.44128340092657 5.13216146601486 2.08177398435482
"585" 577 1.4414844707243 5.13636487202383 2.08245822513985
"586" 578 1.44168688459241 5.14054368377623 2.08314152159142
"587" 579 1.44188741517513 5.14470267682253 2.0838238766432
"588" 580 1.44212963938612 5.14871290134304 2.08450529321477
"589" 581 1.44235134815619 5.15262634741742 2.0851857742116
"590" 582 1.44259949888654 5.15645568849756 2.08586532252521
"591" 583 1.44279328626873 5.16068285374581 2.0865439410332
"592" 584 1.44300909004204 5.16465565560811 2.08722163259938
"593" 585 1.44324267321551 5.16849512119827 2.08789840007388
"594" 586 1.44346744742339 5.17257777328354 2.08857424629323
"595" 587 1.44364153443759 5.1770152489284 2.08924917408034
"596" 588 1.44381355492762 5.18125042035444 2.08992318624476
"597" 589 1.44405778699518 5.18534901614383 2.09059628558267
"598" 590 1.44427960621511 5.18945424987667 2.09126847487696
"599" 591 1.44447812184578 5.19320362961168 2.09193975689737
"600" 592 1.44467203015484 5.19692078077352 2.09261013440052
"601" 593 1.44486914144835 5.20074293323855 2.09327961013
"602" 594 1.44506996165452 5.20466644873634 2.09394818681647
"603" 595 1.44526259095196 5.20866213663267 2.0946158671778
"604" 596 1.4454771741036 5.21293065646343 2.09528265391903
"605" 597 1.44565944819159 5.21685043975371 2.09594854973253
"606" 598 1.44587236988341 5.22066493920987 2.09661355729806
"607" 599 1.44606364375621 5.22463800071801 2.09727767928289
"608" 600 1.44624535267372 5.22843803046347 2.09794091834179
"609" 601 1.44643924660101 5.23241326816498 2.09860327711724
"610" 602 1.44666082815402 5.23657713798214 2.0992647582393
"611" 603 1.44684888255253 5.24091132781234 2.09992536432597
"612" 604 1.44702036209432 5.24509396510704 2.10058509798301
"613" 605 1.44721377932495 5.24888757093699 2.10124396180419
"614" 606 1.44742235808075 5.25244951523401 2.1019019583712
"615" 607 1.44762183801194 5.25663710264051 2.10255909025397
"616" 608 1.44782557340328 5.26038214644105 2.10321536001046
"617" 609 1.44803206749621 5.26424783876822 2.10387077018694
"618" 610 1.44823132539181 5.26849182793979 2.10452532331797
"619" 611 1.44842119319523 5.27286124302034 2.1051790219265
"620" 612 1.44861717881307 5.27717024410559 2.10583186852397
"621" 613 1.44881015940363 5.28099982576843 2.10648386561028
"622" 614 1.44900062163945 5.28482474913184 2.10713501567402
"623" 615 1.44917355875849 5.28885051331927 2.10778532119235
"624" 616 1.44938182863061 5.29293763286386 2.1084347846313
"625" 617 1.44957759900952 5.29676979711098 2.1090834084456
"626" 618 1.44978649117221 5.30067397997156 2.10973119507886
"627" 619 1.44998380113276 5.30422908589819 2.11037814696371
"628" 620 1.45018108013333 5.3078988840569 2.11102426652181
"629" 621 1.45039588515551 5.31159779843547 2.11166955616375
"630" 622 1.45060769900283 5.31526687295622 2.11231401828946
"631" 623 1.45081170205375 5.3190622403798 2.11295765528799
"632" 624 1.45099900736074 5.3228801158478 2.11360046953762
"633" 625 1.4511938201791 5.32699392493014 2.11424246340608
"634" 626 1.45139097678466 5.33115676873332 2.11488363925047
"635" 627 1.45158654804062 5.33531656758141 2.11552399941739
"636" 628 1.451789726242 5.33947332855313 2.11616354624287
"637" 629 1.45198526575493 5.34360055174058 2.11680228205272
"638" 630 1.45218630922004 5.347481556086 2.11744020916225
"639" 631 1.45238195532179 5.35119638310596 2.11807732987663
"640" 632 1.4525609231084 5.3547532935242 2.11871364649072
"641" 633 1.45277367550967 5.35825088567889 2.11934916128925
"642" 634 1.45293863443929 5.36186027270669 2.11998387654691
"643" 635 1.4531074022253 5.365749307554 2.12061779452835
"644" 636 1.453322322184 5.36980526769381 2.12125091748818
"645" 637 1.45351705211368 5.37385709985148 2.12188324767118
"646" 638 1.4537369858351 5.37786131354293 2.12251478731229
"647" 639 1.45391542108936 5.38184710491394 2.12314553863655
"648" 640 1.45412961087271 5.38555877135368 2.12377550385938
"649" 641 1.45432860824732 5.38948753645767 2.1244046851865
"650" 642 1.45451253204886 5.39325222008647 2.12503308481395
"651" 643 1.45468466919062 5.39734980338696 2.12566070492831
"652" 644 1.45487650695286 5.40140187612545 2.12628754770654
"653" 645 1.45507343998278 5.40523385391086 2.12691361531625
"654" 646 1.45528169281244 5.40911644847781 2.12753890991561
"655" 647 1.45550361080293 5.41306731503828 2.12816343365346
"656" 648 1.45569413092935 5.41680205480407 2.12878718866932
"657" 649 1.45590205214457 5.42052382595317 2.12941017709359
"658" 650 1.45610086785291 5.42433614885703 2.13003240104736
"659" 651 1.45632241568233 5.42817110854475 2.13065386264267
"660" 652 1.45651668064704 5.43196189459021 2.13127456398252
"661" 653 1.45673853089746 5.43558261019214 2.1318945071608
"662" 654 1.45692262556886 5.43914768658126 2.13251369426253
"663" 655 1.45713388521111 5.44315807517987 2.13313212736377
"664" 656 1.45732303133041 5.44666764516806 2.13374980853174
"665" 657 1.45753652365809 5.45040548965447 2.13436673982484
"666" 658 1.45772449854042 5.45418454776769 2.13498292329271
"667" 659 1.4579467467559 5.45802669882954 2.13559836097631
"668" 660 1.45810859514468 5.46187832826446 2.13621305490787
"669" 661 1.45828148793023 5.46571603603967 2.13682700711113
"670" 662 1.45847948744187 5.46967912759843 2.13744021960118
"671" 663 1.45865525519212 5.47366038155978 2.13805269438465
"672" 664 1.4588468941753 5.47744103070166 2.13866443345965
"673" 665 1.45900972809313 5.48120681754046 2.13927543881593
"674" 666 1.45918199519363 5.4849741553484 2.13988571243488
"675" 667 1.45935302965354 5.48850469335457 2.14049525628958
"676" 668 1.45954219276591 5.49198934365323 2.14110407234479
"677" 669 1.45972892505669 5.49563459937867 2.14171216255705
"678" 670 1.45989788755671 5.4994612549053 2.14231952887482
"679" 671 1.46008714103857 5.50338466987405 2.14292617323833
"680" 672 1.46026323700049 5.50716103240163 2.14353209757975
"681" 673 1.46045623648512 5.5109967321018 2.14413730382327
"682" 674 1.46066683399272 5.51482966588036 2.14474179388497
"683" 675 1.46086187601958 5.51865983983165 2.14534556967314
"684" 676 1.46103207228319 5.52248726002696 2.14594863308805
"685" 677 1.46120177989216 5.526245291693 2.14655098602211
"686" 678 1.46137161556987 5.52997944721295 2.14715263036001
"687" 679 1.46155272430517 5.53372199937141 2.14775356797859
"688" 680 1.46174563533232 5.53744201271255 2.14835380074702
"689" 681 1.46190297567579 5.5411668138253 2.14895333052671
"690" 682 1.46209492281163 5.54453383915933 2.14955215917146
"691" 683 1.46226744291779 5.54787761609209 2.15015028852756
"692" 684 1.46243716305141 5.55121866535712 2.15074772043358
"693" 685 1.46259949695446 5.55500289295662 2.15134445672073
"694" 686 1.46276811277606 5.55878392643987 2.15194049921266
"695" 687 1.46294165103645 5.56257206986575 2.15253584972563
"696" 688 1.46312839583402 5.56636470737272 2.15313051006848
"697" 689 1.46329658970431 5.56993006735431 2.15372448204269
"698" 690 1.4634739669628 5.57338783828283 2.1543177674425
"699" 691 1.46363294363257 5.57695229998253 2.1549103680548
"700" 692 1.46382463290798 5.58065479524511 2.15550228565931
"701" 693 1.46400041003201 5.58434908264949 2.1560935220285
"702" 694 1.46415767628171 5.58802695808822 2.1566840789278
"703" 695 1.46432022611772 5.59170218164673 2.1572739581154
"704" 696 1.46449048580768 5.59534829747045 2.15786316134248
"705" 697 1.46464722710371 5.59907057458096 2.15845169035321
"706" 698 1.46481174306991 5.60285566918891 2.15903954688476
"707" 699 1.46498764990757 5.60677252242922 2.15962673266724
"708" 700 1.4651477392517 5.6106867882177 2.16021324942402
"709" 701 1.4653007669701 5.6145984719558 2.1607990988714
"710" 702 1.46546288190669 5.61850632090536 2.16138428271902
"711" 703 1.46563647140335 5.62224289053337 2.16196880266955
"712" 704 1.4658425085021 5.62578752183749 2.16255266041898
"713" 705 1.46600632590449 5.62932626364791 2.16313585765659
"714" 706 1.46617099041379 5.63330720734024 2.16371839606482
"715" 707 1.46635846053475 5.63713071568504 2.16430027731964
"716" 708 1.46652883354954 5.64078474439831 2.16488150309029
"717" 709 1.46669732853526 5.64443619906241 2.16546207503934
"718" 710 1.46686795712098 5.64808495250392 2.16604199482302
"719" 711 1.46704995035081 5.6514545978813 2.16662126409085
"720" 712 1.46722848084316 5.6550829329083 2.1671998844859
"721" 713 1.46739018903626 5.65885791416945 2.16777785764487
"722" 714 1.46757559953825 5.66243319087546 2.16835518519797
"723" 715 1.46773870166552 5.66610699346792 2.16893186876906
"724" 716 1.46790084733338 5.66980715296113 2.16950790997566
"725" 717 1.46805438692737 5.6734150515004 2.17008331042892
"726" 718 1.46820983958518 5.67710007531782 2.17065807173375
"727" 719 1.46840129282385 5.68082266809381 2.17123219548878
"728" 720 1.46857035739325 5.68422360095657 2.17180568328651
"729" 721 1.46874793125423 5.68781771183324 2.1723785367132
"730" 722 1.46889986646103 5.69140708886149 2.1729507573489
"731" 723 1.46907089123695 5.69499332249278 2.17352234676765
"732" 724 1.46926825979877 5.69848821767913 2.17409330653732
"733" 725 1.46945413066346 5.70177771339726 2.17466363821979
"734" 726 1.46960360911468 5.70537296864741 2.17523334337086
"735" 727 1.46978884889568 5.70889294722224 2.17580242354041
"736" 728 1.46996599523906 5.71239257560532 2.1763708802723
"737" 729 1.47015665686209 5.7161049222628 2.17693871510449
"738" 730 1.47031946529333 5.71960646045574 2.177505929569
"739" 731 1.47052062916415 5.72351859626707 2.17807252519208
"740" 732 1.47071067982574 5.72720746325802 2.17863850349402
"741" 733 1.47086053670468 5.73078118274297 2.1792038659894
"742" 734 1.47103781040379 5.7343524574748 2.17976861418699
"743" 735 1.47120123461684 5.73792129245359 2.18033274958983
"744" 736 1.47135551430724 5.74148769266195 2.18089627369518
"745" 737 1.471540762814 5.74504909191872 2.18145918799467
"746" 738 1.47172944543825 5.74860499149922 2.18202149397431
"747" 739 1.471880501119 5.75217412512569 2.18258319311438
"748" 740 1.47204995028339 5.75585026684096 2.18314428688969
"749" 741 1.47218566967033 5.75962322655543 2.1837047767693
"750" 742 1.47231665566978 5.76318540599627 2.18426466421692
"751" 743 1.47244887750559 5.76678386843805 2.18482395069062
"752" 744 1.47260973308819 5.7704816400322 2.18538263764304
"753" 745 1.47279605158495 5.77407440940823 2.1859407265213
"754" 746 1.472956962603 5.77782543106951 2.18649821876722
"755" 747 1.47310915185877 5.78138327659758 2.18705511581707
"756" 748 1.47326696549072 5.78507501367791 2.18761141910177
"757" 749 1.47342641769967 5.78899906768696 2.18816713004701
"758" 750 1.47361339242992 5.79292867962329 2.18872225007307
"759" 751 1.47376208513993 5.79685599213021 2.18927678059487
"760" 752 1.47390912866731 5.80076714139517 2.18983072302225
"761" 753 1.47406698307898 5.80432616860451 2.19038407875959
"762" 754 1.47422274993114 5.80770208394523 2.19093684920623
"763" 755 1.47439020367154 5.81139482692421 2.19148903575623
"764" 756 1.47454355560456 5.81477024425263 2.19204063979853
"765" 757 1.47471690328347 5.81814331932836 2.19259166271694
"766" 758 1.47486814519064 5.82158187878264 2.19314210589008
"767" 759 1.47502656696224 5.82523123577646 2.19369197069155
"768" 760 1.47516886730825 5.82875401070341 2.19424125848993
"769" 761 1.47532202467592 5.83211942687411 2.19478997064872
"770" 762 1.47548323656116 5.83573812640905 2.19533810852639
"771" 763 1.47560969107676 5.83948051153835 2.19588567347645
"772" 764 1.47577386692683 5.84349173466818 2.19643266684747
"773" 765 1.47593287897133 5.84689757261899 2.19697908998305
"774" 766 1.4760761126808 5.85021174196251 2.19752494422186
"775" 767 1.4762372610017 5.85374866480773 2.19807023089779
"776" 768 1.47640234719451 5.85733333940839 2.19861495133978
"777" 769 1.47658424820498 5.86089327080845 2.19915910687193
"778" 770 1.47675154295729 5.86432943354544 2.19970269881358
"779" 771 1.47692510948359 5.86761504890689 2.20024572847919
"780" 772 1.47709718569312 5.87094824270237 2.20078819717862
"781" 773 1.4772825221116 5.87415856476574 2.20133010621674
"782" 774 1.47745298726372 5.87731647219273 2.20187145689398
"783" 775 1.47759012617213 5.88067524986289 2.20241225050583
"784" 776 1.47774161017574 5.88423896539363 2.20295248834329
"785" 777 1.47789918900185 5.88779556592167 2.20349217169257
"786" 778 1.478061411274 5.89119907917107 2.20403130183533
"787" 779 1.47819660300903 5.89442975544925 2.20456988004864
"788" 780 1.47832230903022 5.89753826551946 2.20510790760496
"789" 781 1.47848121736338 5.90107007380689 2.20564538577213
"790" 782 1.47864859689563 5.90464975943603 2.20618231581351
"791" 783 1.4788206602571 5.90802551699316 2.206718698988
"792" 784 1.47899652792573 5.91146761146758 2.20725453654994
"793" 785 1.47918073712194 5.91517218940899 2.20778982974915
"794" 786 1.47932969166864 5.91890281046657 2.2083245798311
"795" 787 1.47949084441924 5.92251590369617 2.20885878803677
"796" 788 1.479638610176 5.92590084321549 2.20939245560271
"797" 789 1.47981322855936 5.92928130015325 2.20992558376121
"798" 790 1.47996755194183 5.93271928943565 2.21045817374
"799" 791 1.4801334306979 5.93633308158315 2.21099022676266
"800" 792 1.48029485321968 5.93952228688835 2.21152174404827
"801" 793 1.48045832358758 5.94295174918443 2.21205272681177
"802" 794 1.48060935886745 5.94665149160046 2.21258317626368
"803" 795 1.48074837940718 5.95047330518332 2.21311309361033
"804" 796 1.48090542477531 5.95411327225818 2.21364248005382
"805" 797 1.48107546931659 5.95771159177897 2.21417133679199
"806" 798 1.48120927067849 5.9614863341558 2.2146996650185
"807" 799 1.48135483445646 5.96479869334616 2.21522746592279
"808" 800 1.48152430359342 5.96834654314839 2.21575474069018
"809" 801 1.48166284558226 5.97194924405323 2.21628149050187
"810" 802 1.48179793167455 5.97537029503911 2.21680771653487
"811" 803 1.48194132951707 5.9787804901123 2.21733341996215
"812" 804 1.48209647723739 5.98215712645258 2.21785860195253
"813" 805 1.48222703375726 5.98552014132374 2.21838326367083
"814" 806 1.48238969224707 5.98862164062782 2.21890740627778
"815" 807 1.48257084012719 5.99174239969219 2.21943103093012
"816" 808 1.48271450132997 5.9953906660463 2.21995413878061
"817" 809 1.48286723973153 5.99871565731507 2.22047673097791
"818" 810 1.48299824858629 6.00227527186944 2.22099880866676
"819" 811 1.48313600729005 6.00572222631494 2.22152037298805
"820" 812 1.48331341009587 6.00899250656852 2.22204142507863
"821" 813 1.48346260618685 6.01212460914593 2.22256196607142
"822" 814 1.48361486542079 6.0155507662345 2.22308199709553
"823" 815 1.48376747755966 6.01912438603906 2.22360151927611
"824" 816 1.48391604816771 6.02249449103539 2.22412053373453
"825" 817 1.48407133584897 6.02585327717868 2.22463904158826
"826" 818 1.4842140826265 6.02935566537232 2.22515704395099
"827" 819 1.48436966174043 6.03296793095223 2.22567454193253
"828" 820 1.48449887331024 6.03614989278905 2.22619153663895
"829" 821 1.48467095597934 6.0394876543762 2.22670802917262
"830" 822 1.48481101566556 6.04307301793579 2.22722402063198
"831" 823 1.48492742752566 6.04628744621482 2.22773951211191
"832" 824 1.48507243261665 6.04947318165896 2.22825450470353
"833" 825 1.4852186262477 6.05264964909393 2.22876899949413
"834" 826 1.48535648111059 6.05583593448187 2.22928299756751
"835" 827 1.48550666749615 6.05902831659108 2.22979650000363
"836" 828 1.48565270246242 6.06223242742011 2.23030950787893
"837" 829 1.48578032840709 6.06573741626149 2.23082202226616
"838" 830 1.4859341323257 6.06891985236228 2.23133404423443
"839" 831 1.48608383291572 6.07229152529691 2.23184557484929
"840" 832 1.48621710783426 6.07566117345799 2.23235661517267
"841" 833 1.48635977478829 6.07910973145421 2.23286716626295
"842" 834 1.48651954229099 6.08253660655037 2.23337722917499
"843" 835 1.48665478352164 6.08578490883529 2.23388680496002
"844" 836 1.48679943766203 6.08913705888597 2.23439589466592
"845" 837 1.4869477355848 6.09248720202964 2.23490449933686
"846" 838 1.4870932598794 6.09565185470029 2.23541262001362
"847" 839 1.48723662407686 6.09895921970888 2.23592025773359
"848" 840 1.48738013989332 6.10246389256252 2.23642741353058
"849" 841 1.48752701200264 6.1059196142261 2.23693408843501
"850" 842 1.48766734188545 6.10927663122765 2.23744028347385
"851" 843 1.48782742314064 6.11263984704501 2.23794599967068
"852" 844 1.48796360609636 6.11612743961305 2.23845123804567
"853" 845 1.48809145801321 6.11972361272449 2.23895599961569
"854" 846 1.48823566463885 6.12331784190475 2.23946028539407
"855" 847 1.48837758206861 6.12691013050131 2.23996409639103
"856" 848 1.48851684928601 6.13049481677252 2.24046743361324
"857" 849 1.48867322804467 6.13385461767233 2.24097029806415
"858" 850 1.48881650806752 6.13719020915374 2.2414726907439
"859" 851 1.48894822290104 6.14049005550754 2.24197461264937
"860" 852 1.48909354821769 6.14371088884869 2.24247606477408
"861" 853 1.48923753928101 6.14712583300929 2.24297704810839
"862" 854 1.48939296627808 6.15044807695216 2.2434775636393
"863" 855 1.48953943260854 6.15384334195851 2.24397761235073
"864" 856 1.48967101276039 6.15722870471774 2.24447719522319
"865" 857 1.48980004220355 6.16044632377083 2.24497631323417
"866" 858 1.48993627692808 6.16351043482514 2.2454749673579
"867" 859 1.49008919823727 6.16657346587953 2.2459731585654
"868" 860 1.49023547842018 6.16994051495823 2.24647088782453
"869" 861 1.49038130572378 6.1732924075086 2.24696815610011
"870" 862 1.49051791342269 6.17625453260439 2.24746496435374
"871" 863 1.49065782210367 6.17947684083816 2.24796131354384
"872" 864 1.4907918894227 6.18299155248588 2.24845720462589
"873" 865 1.49092941945088 6.18650437739822 2.2489526385521
"874" 866 1.49106701730914 6.19001390329352 2.24944761627179
"875" 867 1.49120448330404 6.1933710093058 2.24994213873102
"876" 868 1.49134678432088 6.19666297139907 2.25043620687296
"877" 869 1.49147745470346 6.19995303581935 2.2509298216377
"878" 870 1.49161439435087 6.20329613459529 2.25142298396219
"879" 871 1.49176132505614 6.20652006668566 2.25191569478052
"880" 872 1.49188836104674 6.2098070816966 2.25240795502369
"881" 873 1.4920225232416 6.21308291580648 2.25289976561982
"882" 874 1.49215725874343 6.21635686806121 2.25339112749388
"883" 875 1.49228730580607 6.2196987361089 2.25388204156813
"884" 876 1.49243329769306 6.22297704356961 2.25437250876161
"885" 877 1.49256528892753 6.22620543683802 2.25486252999064
"886" 878 1.49268765789338 6.229478757722 2.25535210616846
"887" 879 1.49282400330478 6.23275002403816 2.25584123820556
"888" 880 1.49297003378853 6.23601942820356 2.25632992700944
"889" 881 1.49310567771241 6.23944461014959 2.25681817348473
"890" 882 1.49324063907075 6.24302422548946 2.25730597853314
"891" 883 1.49339993948283 6.24660202770255 2.2577933430536
"892" 884 1.49353990547109 6.25017801975984 2.25828026794222
"893" 885 1.49367953959064 6.25339516694126 2.25876675409218
"894" 886 1.49380116668977 6.25649746941634 2.25925280239387
"895" 887 1.49395012466865 6.25959792505733 2.25973841373487
"896" 888 1.49409801245874 6.26269653704462 2.26022358900005
"897" 889 1.49423852691747 6.26626869458753 2.26070832907132
"898" 890 1.49437094997219 6.26984268332645 2.26119263482799
"899" 891 1.49451769172259 6.27341488485007 2.26167650714649
"900" 892 1.49467236555668 6.27673115781782 2.26215994690055
"901" 893 1.49481670540268 6.27991573171144 2.26264295496119
"902" 894 1.49493458821293 6.28309225538097 2.26312553219661
"903" 895 1.49507363033384 6.28612267347183 2.26360767947242
"904" 896 1.49521713403184 6.28906643141903 2.26408939765142
"905" 897 1.49534967738927 6.29255284780175 2.26457068759377
"906" 898 1.49547602682305 6.29605062569198 2.26505155015687
"907" 899 1.4955909621017 6.29925587309951 2.26553198619566
"908" 900 1.49573651293658 6.30217411341515 2.26601199656214
"909" 901 1.49585859394315 6.30532696797345 2.26649158210588
"910" 902 1.49599208599011 6.30849524889675 2.26697074367373
"911" 903 1.49612508087668 6.31166173466228 2.26744948210989
"912" 904 1.49624937960357 6.31482597465563 2.26792779825598
"913" 905 1.49639183589269 6.31810686670705 2.26840569295108
"914" 906 1.49652360389748 6.32151660191306 2.26888316703152
"915" 907 1.49665482065466 6.32426322660389 2.26936022133118
"916" 908 1.49675434726608 6.32741047794917 2.26983685668135
"917" 909 1.49689057425752 6.33079402864313 2.27031307391075
"918" 910 1.49700815723541 6.33409830662259 2.27078887384552
"919" 911 1.49716853397562 6.3369614647924 2.27126425730928
"920" 912 1.49728989685451 6.34025238024242 2.27173922512313
"921" 913 1.49741212448512 6.34338911249504 2.27221377810564
"922" 914 1.49753308225811 6.34669483045947 2.27268791707294
"923" 915 1.49768918066431 6.35000396730593 2.27316164283857
"924" 916 1.49784349218396 6.3534911088408 2.27363495621362
"925" 917 1.49797543510837 6.35653386366629 2.27410785800668
"926" 918 1.49810723437319 6.35961473670693 2.27458034902398
"927" 919 1.49824463565741 6.36263099572398 2.27505243006917
"928" 920 1.498389578606 6.36567500320312 2.27552410194349
"929" 921 1.49851229640654 6.36884417751645 2.27599536544577
"930" 922 1.49863058110293 6.37235568199774 2.27646622137239
"931" 923 1.49877307446988 6.37586549136433 2.27693667051738
"932" 924 1.49893519608082 6.37951229385586 2.27740671367224
"933" 925 1.49908373223266 6.38291123640583 2.27787635162624
"934" 926 1.49920531016446 6.38640882194436 2.27834558516608
"935" 927 1.49932294585823 6.38967728750811 2.27881441507618
"936" 928 1.49947182700784 6.39281299071585 2.2792828421387
"937" 929 1.49960023741022 6.39594015500739 2.27975086713321
"938" 930 1.49972935463368 6.39915254498616 2.28021849083712
"939" 931 1.49987534739325 6.40241225843272 2.28068571402547
"940" 932 1.50002040432385 6.4056702693712 2.28115253747083
"941" 933 1.50015620195341 6.40892658051725 2.28161896194373
"942" 934 1.50029168911621 6.41216241459993 2.2820849882121
"943" 935 1.50041886432385 6.4153191617445 2.28255061704175
"944" 936 1.50054492308758 6.41847420993889 2.28301584919614
"945" 937 1.50067279195182 6.42162756191154 2.28348068543651
"946" 938 1.50078661346618 6.42491118662321 2.28394512652168
"947" 939 1.50092696960842 6.42816620880552 2.28440917320838
"948" 940 1.5010554982033 6.43131811373663 2.28487282625099
"949" 941 1.50121682017115 6.43478709531372 2.28533608640172
"950" 942 1.50133746997966 6.43792499476906 2.28579895441041
"951" 943 1.50146368099158 6.44103105967481 2.28626143102482
"952" 944 1.50156876436129 6.44425457623705 2.28672351699039
"953" 945 1.50168521303543 6.44767651973929 2.28718521305045
"954" 946 1.50181067997325 6.45109546128439 2.28764651994606
"955" 947 1.50193600357296 6.45441398131363 2.28810743841608
"956" 948 1.5020640078251 6.4576530019494 2.28856796919723
"957" 949 1.50220677536415 6.46089017490312 2.28902811302404
"958" 950 1.50234728899692 6.46411723022288 2.28948787062888
"959" 951 1.50248685972815 6.46725368683452 2.28994724274195
"960" 952 1.50260052423283 6.47035848171477 2.29040623009136
"961" 953 1.50271505095052 6.47366424019751 2.29086483340301
"962" 954 1.50283875802593 6.47692640212906 2.29132305340074
"963" 955 1.50294515023523 6.48020514512768 2.29178089080614
"964" 956 1.50309353861017 6.48347765660627 2.29223834633884
"965" 957 1.5032121125357 6.48657578240727 2.29269542071629
"966" 958 1.50333699035976 6.48974039735523 2.29315211465383
"967" 959 1.50346260711681 6.49308373445245 2.29360842886481
"968" 960 1.50357912367022 6.49658591224607 2.29406436406031
"969" 961 1.50373624766729 6.4998737442429 2.29451992094959
"970" 962 1.50387221402971 6.50315075921838 2.29497510023959
"971" 963 1.5039686221636 6.50648067238992 2.29542990263545
"972" 964 1.5040889874678 6.5096840357072 2.29588432883999
"973" 965 1.50421694591664 6.51281665500371 2.29633837955427
"974" 966 1.50432834475009 6.51584128140861 2.29679205547708
"975" 967 1.5044362490005 6.51886199502062 2.29724535730535
"976" 968 1.50459024434984 6.52204692690754 2.29769828573392
"977" 969 1.50471278116954 6.5250015732357 2.29815084145558
"978" 970 1.50485137059326 6.52805786147434 2.29860302516132
"979" 971 1.50496041396463 6.53132809651138 2.29905483753986
"980" 972 1.50507819324471 6.53460770991266 2.29950627927814
"981" 973 1.50519905814171 6.53780487583103 2.29995735106103
"982" 974 1.50531300224354 6.54113299231417 2.30040805357149
"983" 975 1.5054299634671 6.54422334929353 2.30085838749049
"984" 976 1.50554670993597 6.54723386573244 2.30130835349703
"985" 977 1.50566346350307 6.55024017864045 2.30175795226825
"986" 978 1.50577981557887 6.5533029537754 2.30220718447917
"987" 979 1.50591000606256 6.55650070255056 2.30265605080305
"988" 980 1.50601772055253 6.55957962214006 2.30310455191125
"989" 981 1.50612999446703 6.56276050093814 2.30355268847302
"990" 982 1.50624508163066 6.56597214741612 2.30400046115588
"991" 983 1.50634741338189 6.56913590280855 2.3044478706254
"992" 984 1.50646502947218 6.57204552471623 2.30489491754518
"993" 985 1.5065885855528 6.57492986515248 2.30534160257711
"994" 986 1.50670856639674 6.57792149796547 2.305787926381
"995" 987 1.50682354408171 6.58096882883336 2.30623388961494
"996" 988 1.50693816391057 6.58400923035378 2.3066794929351
"997" 989 1.50704743917625 6.5871774589279 2.30712473699575
"998" 990 1.50716803843995 6.59056126519107 2.30756962244939
"999" 991 1.5072816962062 6.59358765111569 2.30801414994664
"1000" 992 1.50739984992366 6.59656167630325 2.30845832013622
"1001" 993 1.50753616748713 6.59982520886371 2.30890213366518
"1002" 994 1.50765134247 6.60287034797753 2.30934559117861
"1003" 995 1.50775745935146 6.60574858699323 2.30978869331983
"1004" 996 1.50790624698128 6.60872995670523 2.31023144073035
"1005" 997 1.50803330668004 6.61173758979624 2.31067383404985
"1006" 998 1.50815176709574 6.61489390609139 2.31111587391632
"1007" 999 1.50827314661996 6.61793193582174 2.31155756096586
"1008" 1000 1.50838660153742 6.62093865753097 2.31199889583283
