"T" "IC_low" "IC_up" "x_ML"
"1" 1.1 0.52055940146546 0.530626963071338 0.525044173808205
"2" 1.2 0.525919075727404 0.538366454857375 0.53146110003262
"3" 1.3 0.530945147520519 0.545543241357504 0.537432523332925
"4" 1.4 0.535668183075422 0.552233718839779 0.543020306651589
"5" 1.5 0.540127228332027 0.558496620265247 0.548274019865138
"6" 1.6 0.544359543677452 0.564393687611738 0.553234023338768
"7" 1.7 0.548378700508319 0.569963852479868 0.557933636802573
"8" 1.8 0.55222059079492 0.575249284743207 0.562400701961354
"9" 1.9 0.555893247993608 0.580278919723264 0.566658732108839
"10" 2 0.559397614561524 0.585084381651053 0.570727773596912
"11" 3 0.588330436641065 0.624064233334342 0.603926904446586
"12" 4 0.609983772595008 0.653164835056475 0.628634292732879
"13" 5 0.627326914162674 0.676769926844137 0.648485778641956
"14" 6 0.641857587636947 0.696853203659298 0.665165548329114
"15" 7 0.654371571180634 0.714462818934831 0.679599193002262
"16" 8 0.66536381648581 0.730242920743149 0.692352763581492
"17" 9 0.675194995042873 0.744586562833214 0.703798928221739
"18" 10 0.684011914465974 0.757838324081436 0.714196700068662
"19" 11 0.692082449277394 0.770108457551155 0.723733742975461
"20" 12 0.699502485837767 0.781575704030112 0.732550582056927
"21" 13 0.706361433568162 0.7923693113393 0.740755301339158
"22" 14 0.712713788088975 0.802566328777198 0.748432900335906
"23" 15 0.71868243415859 0.812248091975673 0.755651487921935
"24" 16 0.724289742912754 0.821416823313539 0.762466519128641
"25" 17 0.729565105002849 0.830225627362885 0.768923775174037
"26" 18 0.73455919464388 0.838636400307145 0.775061510484372
"27" 19 0.739266189964084 0.846824812670827 0.780912032260915
"28" 20 0.743775235249098 0.854635327524463 0.786502884136327
"29" 21 0.748082572366845 0.862143259362375 0.791857747723768
"30" 22 0.752191012488821 0.869449235515722 0.796997139351564
"31" 23 0.756167572583031 0.876531397217901 0.801938955589162
"32" 24 0.759962562018036 0.883358770977184 0.806698905445813
"33" 25 0.763590100833595 0.890067953173339 0.81129085646787
"34" 26 0.767097751124802 0.896545967906091 0.815727114604411
"35" 27 0.770470783432831 0.902814448772216 0.820018652545894
"36" 28 0.773736687899317 0.908944229591128 0.824175297557922
"37" 29 0.776875181065361 0.914955054859982 0.828205887169098
"38" 30 0.779894555978153 0.92081012027081 0.832118399121126
"39" 31 0.782836764854243 0.926578048983202 0.835920060542958
"40" 32 0.785698355553465 0.932191728090932 0.839617440226623
"41" 33 0.788435859159928 0.937671186545897 0.843216527061251
"42" 34 0.791114896562078 0.942963816325938 0.846722797053968
"43" 35 0.793727380040807 0.948239814950424 0.850141270881961
"44" 36 0.796292605776379 0.953309190328478 0.853476563543192
"45" 37 0.798792432188917 0.958255294001771 0.856732927377856
"46" 38 0.801204600043632 0.963168381068886 0.859914289499271
"47" 39 0.803544315132418 0.967932218400682 0.863024284487395
"48" 40 0.805831746033252 0.972682805084746 0.866066283049529
"49" 41 0.80805910467472 0.977369175753471 0.869043417233207
"50" 42 0.81023927628091 0.981929192040486 0.871958602679268
"51" 43 0.812379002743685 0.986468036021677 0.874814558324206
"52" 44 0.814472885300276 0.99090468777235 0.87761382389618
"53" 45 0.81650944554709 0.99523762075103 0.880358775495901
"54" 46 0.818505508429246 0.999531826627546 0.883051639509571
"55" 47 0.820469547491176 1.00379311923438 0.885694505064547
"56" 48 0.822374244128365 1.00791360694438 0.888289335207868
"57" 49 0.824247864297669 1.01200844702883 0.890837976962292
"58" 50 0.826075230229712 1.01614706214124 0.893342170392974
"59" 51 0.827884604703452 1.02013323804402 0.895803556799852
"60" 52 0.829656216149855 1.0240507744105 0.898223686135379
"61" 53 0.831425999613295 1.02791920664734 0.90060402373426
"62" 54 0.833150230061907 1.03176098464566 0.902945956430681
"63" 55 0.834827601464989 1.0354397749085 0.905250798129016
"64" 56 0.836493545326168 1.03919232189329 0.907519794885813
"65" 57 0.83810308540918 1.04292881240622 0.909754129553848
"66" 58 0.839715845972393 1.04654998087485 0.911954926032953
"67" 59 0.841280795467528 1.05013209108665 0.914123253167069
"68" 60 0.842812174192057 1.05357710733331 0.916260128322437
"69" 61 0.844313140445858 1.05712035372617 0.91836652067785
"70" 62 0.845830044734995 1.06051148501477 0.920443354254469
"71" 63 0.847318637962755 1.06395904348071 0.92249151070963
"72" 64 0.848761007264845 1.06733217728558 0.924511831916486
"73" 65 0.850175492837859 1.07070297205216 0.926505122348956
"74" 66 0.851580728193057 1.07396226247442 0.928472151289428
"75" 67 0.85297937548436 1.07725396995697 0.930413654874871
"76" 68 0.854333220278205 1.08057206132532 0.932330337995381
"77" 69 0.855664199434956 1.08379919975654 0.934222876057832
"78" 70 0.857001449893876 1.08690913619665 0.936091916626005
"79" 71 0.85831254424669 1.09002401865814 0.937938080947483
"80" 72 0.859578731230652 1.09316720840982 0.939761965376601
"81" 73 0.860827822104229 1.09624946613667 0.941564142701873
"82" 74 0.862093334004655 1.09921690568882 0.94334516338552
"83" 75 0.863330545494824 1.10217203523069 0.945105556722011
"84" 76 0.864543135366069 1.10511868113565 0.94684583192193
"85" 77 0.865738499302264 1.10799948367285 0.948566479126888
"86" 78 0.866925843532727 1.11091456390094 0.950267970360692
"87" 79 0.868086920946136 1.11380894963311 0.951950760421557
"88" 80 0.869261152656079 1.11670909663538 0.953615287719688
"89" 81 0.870419742801947 1.11951226650382 0.95526197506424
"90" 82 0.871564605080091 1.12232634840593 0.956891230403268
"91" 83 0.872704847451216 1.12510180421534 0.958503447520052
"92" 84 0.873835343031609 1.12787898026898 0.960099006688819
"93" 85 0.874922950999737 1.13067656023545 0.961678275292712
"94" 86 0.87601747728788 1.13347898555495 0.963241608406592
"95" 87 0.87709515400455 1.13622745602206 0.964789349347031
"96" 88 0.878140221570681 1.13895183925872 0.966321830191751
"97" 89 0.879177195183488 1.14163632816239 0.96783937227047
"98" 90 0.880213483231261 1.14430862937732 0.969342286629083
"99" 91 0.881223709202625 1.14696234929384 0.970830874468864
"100" 92 0.882217700989317 1.14957596113807 0.972305427562341
"101" 93 0.883205284240687 1.15213960093872 0.973766228647259
"102" 94 0.884200297542688 1.15471152368425 0.975213551800064
"103" 95 0.885160774554987 1.15724328446796 0.976647662790154
"104" 96 0.886114425318354 1.15973276557771 0.978068819416066
"105" 97 0.887090597062318 1.16213844743175 0.97947727182473
"106" 98 0.888038436308372 1.16465217600952 0.980873262814771
"107" 99 0.888995421374831 1.1671819913499 0.982257028124853
"108" 100 0.889918115460089 1.16960228048674 0.983628796707898
"109" 101 0.890841015955653 1.1720228592078 0.984988790992049
"110" 102 0.89173551482961 1.17440549278418 0.986337227129101
"111" 103 0.892631757375588 1.17678290877288 0.987674315231168
"112" 104 0.893531149409226 1.17913477896303 0.989000259596198
"113" 105 0.894405266386701 1.18148569356586 0.990315258923001
"114" 106 0.895288531587574 1.1837910475733 0.99161950651636
"115" 107 0.896171003586769 1.18615271037344 0.992913190482769
"116" 108 0.897024768821965 1.18844170726666 0.994196493917311
"117" 109 0.89790312908592 1.19084548202687 0.995469595082163
"118" 110 0.898761452366689 1.19312543278484 0.996732667577156
"119" 111 0.899625898881719 1.19535682166712 0.997985880502844
"120" 112 0.900470119272314 1.19760915709419 0.999229398616439
"121" 113 0.901308884051274 1.19992076515053 1.00046338248101
"122" 114 0.902115665883627 1.2021360749639 1.0016879886083
"123" 115 0.90291760920667 1.20437179826465 1.00290336959544
"124" 116 0.903710339446783 1.20659081789501 1.00410967425596
"125" 117 0.904519812317896 1.2087725562545 1.00530704774525
"126" 118 0.905311493636152 1.21090505861764 1.00649563168091
"127" 119 0.906085076263809 1.21314076047091 1.0076755642581
"128" 120 0.906851571813281 1.2153425951082 1.00884698036023
"129" 121 0.907621036697515 1.21747296293074 1.01001001166514
"130" 122 0.908391346865384 1.21959863575298 1.01116478674709
"131" 123 0.909149140525488 1.22172244199499 1.01231143117462
"132" 124 0.909923235656247 1.22380123099677 1.01345006760465
"133" 125 0.910694368773969 1.22586196100381 1.01458081587279
"134" 126 0.911454457857702 1.22787315776079 1.01570379308028
"135" 127 0.912197053906124 1.22996959700648 1.01681911367745
"136" 128 0.912944563357065 1.23202396996901 1.01792688954411
"137" 129 0.913661661141855 1.23403486318564 1.01902723006683
"138" 130 0.914392943185478 1.23608421267854 1.02012024221336
"139" 131 0.915095271078695 1.23795003924985 1.0212060306042
"140" 132 0.91579935970261 1.23995852725455 1.02228469758163
"141" 133 0.916508835387682 1.24197720864134 1.02335634327613
"142" 134 0.91720685212817 1.24395014542622 1.02442106567037
"143" 135 0.917910092100953 1.24594115371928 1.02547896066096
"144" 136 0.918602789052991 1.24794971799935 1.02653012211794
"145" 137 0.919298953600345 1.24989402902789 1.02757464194209
"146" 138 0.919972062348131 1.25182558098643 1.02861261012035
"147" 139 0.920644320854334 1.25375618172528 1.02964411477914
"148" 140 0.921317593657998 1.25571604150585 1.03066924223596
"149" 141 0.921993962086568 1.2576582469883 1.03168807704907
"150" 142 0.922648655343456 1.25961762595795 1.03270070206561
"151" 143 0.923314008720313 1.26153531995075 1.03370719846793
"152" 144 0.92396221856876 1.26342125561975 1.03470764581844
"153" 145 0.9246177167252 1.26530086491364 1.03570212210295
"154" 146 0.92526024029955 1.26717275040923 1.0366907037725
"155" 147 0.925916132076193 1.26901502964414 1.03767346578387
"156" 148 0.926547260606554 1.27088399643672 1.03865048163871
"157" 149 0.927171613894845 1.2727400213822 1.03962182342139
"158" 150 0.927821682519737 1.27456042930121 1.04058756183567
"159" 151 0.928456811382476 1.27645001809805 1.04154776624009
"160" 152 0.929069159921377 1.27831731183799 1.04250250468233
"161" 153 0.929680058670071 1.28008230384774 1.04345184393239
"162" 154 0.930294039210364 1.28185991095308 1.04439584951476
"163" 155 0.930901616597117 1.2836085863985 1.04533458573957
"164" 156 0.931497311382354 1.28541919880697 1.04626811573276
"165" 157 0.932087902571122 1.28718690810203 1.04719650146533
"166" 158 0.932692121115539 1.28896144028478 1.04811980378166
"167" 159 0.933289916088728 1.29074610834409 1.04903808242697
"168" 160 0.93386729584726 1.29247319943146 1.04995139607395
"169" 161 0.934452619891236 1.29414747310347 1.05085980234859
"170" 162 0.935027982375938 1.29585161769494 1.05176335785521
"171" 163 0.935608745503873 1.29756214376165 1.05266211820076
"172" 164 0.936182639503029 1.2992618049369 1.05355613801838
"173" 165 0.936766725397795 1.30096004501172 1.05444547099026
"174" 166 0.937338174402367 1.30268027482513 1.05533016986989
"175" 167 0.937911056198923 1.30437601437278 1.05621028650355
"176" 168 0.938475102536687 1.30604904616711 1.05708587185128
"177" 169 0.939033700132456 1.30772992682491 1.05795697600717
"178" 170 0.939589776089758 1.30941326853735 1.05882364821914
"179" 171 0.940142948758859 1.31104789746465 1.05968593690805
"180" 172 0.940685816962194 1.31272579507111 1.06054388968641
"181" 173 0.941232105986342 1.31435251002314 1.06139755337643
"182" 174 0.941773842616634 1.31601911779822 1.06224697402763
"183" 175 0.942317188402871 1.3176817426296 1.06309219693395
"184" 176 0.942851360966258 1.31931855409302 1.06393326665042
"185" 177 0.943360474141118 1.32095549395973 1.06477022700925
"186" 178 0.943889522180971 1.32262783056989 1.06560312113567
"187" 179 0.944406846492998 1.32422668595969 1.06643199146313
"188" 180 0.944947531380004 1.3257716674117 1.06725687974827
"189" 181 0.945467528898234 1.32737819386837 1.06807782708536
"190" 182 0.945975037756504 1.32896134762177 1.06889487392043
"191" 183 0.946508293657987 1.33052310283736 1.06970806006495
"192" 184 0.947021716497369 1.33207187570107 1.07051742470924
"193" 185 0.947530568851755 1.3336183383618 1.07132300643545
"194" 186 0.948024808584831 1.3351686507597 1.07212484323023
"195" 187 0.948529736542153 1.33674287146387 1.07292297249706
"196" 188 0.949039711169669 1.33831977334916 1.07371743106829
"197" 189 0.949531817334932 1.33988486619047 1.07450825521683
"198" 190 0.950035020338098 1.3414001572287 1.07529548066753
"199" 191 0.950540451115052 1.34290805242831 1.07607914260835
"200" 192 0.951030939574635 1.344417232942 1.07685927570116
"201" 193 0.951516843147605 1.34590857809045 1.07763591409228
"202" 194 0.952048287187092 1.34738628910752 1.07840909142281
"203" 195 0.952517524026784 1.34893583556423 1.07917884083865
"204" 196 0.95299960723557 1.35044212778506 1.07994519500028
"205" 197 0.95347542942574 1.35193816318332 1.08070818609232
"206" 198 0.953950251560822 1.35345010251994 1.08146784583282
"207" 199 0.954430859061922 1.3549474994328 1.08222420548235
"208" 200 0.954921942867149 1.35641209693984 1.08297729585286
"209" 201 0.955398077876708 1.35790454359785 1.08372714731631
"210" 202 0.955872776315266 1.35938679500548 1.08447378981315
"211" 203 0.956343243934834 1.36092303379959 1.0852172528605
"212" 204 0.956794002310852 1.36239223095383 1.0859575655602
"213" 205 0.95724796772181 1.36382322284226 1.08669475660669
"214" 206 0.957708533673508 1.36528984782616 1.08742885429461
"215" 207 0.958177231875018 1.36676355745588 1.08815988652634
"216" 208 0.958632959096882 1.36823580885961 1.08888788081927
"217" 209 0.959078026852436 1.36968591028248 1.08961286431293
"218" 210 0.959538739113988 1.37108596541948 1.09033486377596
"219" 211 0.959995973684329 1.37251532556349 1.09105390561295
"220" 212 0.960442541979403 1.37393346611445 1.09177001587104
"221" 213 0.960868877208937 1.37527357413992 1.09248322024646
"222" 214 0.961313970570178 1.37666323516466 1.09319354409085
"223" 215 0.961755462891248 1.37808556642139 1.09390101241748
"224" 216 0.962188597600415 1.37945879096981 1.09460564990733
"225" 217 0.96261967493367 1.38086217140247 1.09530748091497
"226" 218 0.963058706195868 1.38224685657126 1.09600652947443
"227" 219 0.963487697520755 1.38366823610908 1.09670281930481
"228" 220 0.963921477380376 1.38503876594089 1.09739637381585
"229" 221 0.964364616622744 1.38641334180265 1.09808721611331
"230" 222 0.964781058602228 1.38783052159256 1.09877536900437
"231" 223 0.965216328431361 1.38914462449653 1.09946085500267
"232" 224 0.965657184218534 1.39054530939769 1.10014369633354
"233" 225 0.966065944824731 1.3919041600303 1.10082391493881
"234" 226 0.966493602393928 1.39326552909806 1.10150153248179
"235" 227 0.966895747980424 1.3945638525995 1.10217657035196
"236" 228 0.967317932946704 1.39586645858884 1.10284904966961
"237" 229 0.967724547410472 1.39715762060492 1.10351899129045
"238" 230 0.968132087604672 1.39852369374052 1.10418641580999
"239" 231 0.96854095371761 1.39990293882464 1.10485134356795
"240" 232 0.968954434569031 1.40123741184284 1.10551379465252
"241" 233 0.969362299955651 1.40253929076566 1.10617378890453
"242" 234 0.969773876712543 1.40383604400615 1.10683134592154
"243" 235 0.970190893042173 1.40516277855609 1.10748648506187
"244" 236 0.970587617141003 1.40649939005492 1.1081392254485
"245" 237 0.971010970284082 1.40777739451386 1.10878958597292
"246" 238 0.971410067716348 1.40907348722995 1.10943758529891
"247" 239 0.971810837575915 1.4103834530644 1.11008324186621
"248" 240 0.972209717954458 1.41169270591734 1.11072657389413
"249" 241 0.972615450040545 1.41299716199576 1.11136759938512
"250" 242 0.973020046054286 1.41427308159042 1.11200633612822
"251" 243 0.973415250736953 1.4155353348676 1.11264280170245
"252" 244 0.973799139203684 1.41681840262907 1.11327701348016
"253" 245 0.97417283322496 1.41808545598639 1.11390898863029
"254" 246 0.974551834539147 1.41940480646496 1.11453874412154
"255" 247 0.974935636919935 1.42074323325409 1.11516629672559
"256" 248 0.975316201457652 1.42198199310546 1.11579166302007
"257" 249 0.975711837057237 1.42321841040488 1.11641485939167
"258" 250 0.976082076938923 1.42445805068418 1.11703590203903
"259" 251 0.976452679239514 1.42576287308046 1.11765480697567
"260" 252 0.976809270212444 1.42700876075737 1.11827159003282
"261" 253 0.977193011604192 1.42819384987992 1.11888626686225
"262" 254 0.977578768173035 1.42945613133796 1.11949885293893
"263" 255 0.977956041275581 1.4307665470942 1.12010936356379
"264" 256 0.978327544910012 1.43199896377956 1.1207178138663
"265" 257 0.978695877315038 1.43318884117821 1.12132421880708
"266" 258 0.979059460517073 1.43443305773385 1.1219285931804
"267" 259 0.979433284386639 1.43568551296349 1.12253095161671
"268" 260 0.979788062983271 1.43698364331413 1.12313130858507
"269" 261 0.980150230960086 1.43818913620721 1.12372967839549
"270" 262 0.980501674374626 1.43940510632257 1.12432607520136
"271" 263 0.980874969969532 1.44065030453324 1.1249205130017
"272" 264 0.981232006285153 1.44189532953855 1.12551300564343
"273" 265 0.981580371280717 1.44310932710213 1.12610356682362
"274" 266 0.981933541838068 1.44429823252883 1.12669221009162
"275" 267 0.982297362771243 1.44549059171435 1.12727894885127
"276" 268 0.982651347592675 1.44669747835297 1.12786379636294
"277" 269 0.983005099186488 1.44788713845281 1.1284467657456
"278" 270 0.983353596613145 1.44907319681143 1.12902786997891
"279" 271 0.983703352140912 1.45026170543205 1.12960712190513
"280" 272 0.984070793322041 1.45141980301549 1.13018453423111
"281" 273 0.984406840743117 1.45262114040247 1.13076011953022
"282" 274 0.984759026980591 1.45381286505784 1.13133389024421
"283" 275 0.985096011794853 1.4549954340253 1.13190585868508
"284" 276 0.985441052977372 1.4561264119018 1.13247603703691
"285" 277 0.985777519274216 1.45729768448094 1.13304443735762
"286" 278 0.986109832243752 1.45847242636614 1.13361107158073
"287" 279 0.986451211545135 1.45965783565444 1.13417595151711
"288" 280 0.986793804784455 1.46084372437556 1.13473908885663
"289" 281 0.987123703819607 1.46203627017444 1.13530049516991
"290" 282 0.987469594228043 1.46323642233817 1.13586018190985
"291" 283 0.987805037196373 1.46439393109675 1.13641816041331
"292" 284 0.988139109945157 1.46556122420588 1.13697444190267
"293" 285 0.988490781871595 1.46676734826839 1.1375290374874
"294" 286 0.98882572280882 1.46791708637471 1.13808195816556
"295" 287 0.989153071336549 1.46907835211022 1.13863321482532
"296" 288 0.989488100244804 1.4702328452803 1.13918281824643
"297" 289 0.989804532418506 1.4713706750147 1.1397307791017
"298" 290 0.990133319435591 1.47247785785424 1.14027710795836
"299" 291 0.990469046317363 1.47357978552209 1.14082181527954
"300" 292 0.990816454786185 1.47481450790395 1.14136491142562
"301" 293 0.991134558696087 1.47598630592462 1.14190640665554
"302" 294 0.991476946047776 1.47705318119428 1.14244631112822
"303" 295 0.991788408248672 1.47817191683861 1.14298463490382
"304" 296 0.992100226879154 1.47928604366527 1.14352138794503
"305" 297 0.992415333776433 1.48046498140926 1.14405658011836
"306" 298 0.992748109293344 1.48154785226916 1.14459022119537
"307" 299 0.993071254218381 1.4826318699532 1.14512232085393
"308" 300 0.993401149534992 1.48378072173724 1.14565288867937
"309" 301 0.993730821412317 1.48484639084566 1.14618193416575
"310" 302 0.994040236402133 1.48591198593581 1.14670946671696
"311" 303 0.994358339203098 1.48698793989185 1.14723549564789
"312" 304 0.994667532430696 1.4880305232879 1.14776003018559
"313" 305 0.99497281190946 1.48907839627224 1.14828307947035
"314" 306 0.995272062454264 1.49019725421493 1.14880465255683
"315" 307 0.99558259658698 1.49131030794053 1.1493247584151
"316" 308 0.995873789028974 1.49238540998637 1.14984340593173
"317" 309 0.996181353257274 1.49348671192589 1.15036060391083
"318" 310 0.996489401296069 1.4945605959348 1.15087636107507
"319" 311 0.996799180269527 1.49567815510111 1.15139068606673
"320" 312 0.997104002088314 1.49675664960046 1.15190358744864
"321" 313 0.997412580929458 1.4978851694855 1.15241507370518
"322" 314 0.997730301169943 1.49896102637891 1.1529251532433
"323" 315 0.998005670807272 1.50008137410802 1.15343383439339
"324" 316 0.998313904247952 1.50112565178935 1.15394112541025
"325" 317 0.998624433057004 1.5022126457352 1.15444703447407
"326" 318 0.998922101145437 1.50331945959767 1.15495156969123
"327" 319 0.999222954863264 1.50439330828627 1.15545473909527
"328" 320 0.999527440703993 1.50544793226578 1.15595655064776
"329" 321 0.999827156630426 1.50650285041537 1.15645701223915
"330" 322 1.00012734562987 1.50760501165886 1.15695613168964
"331" 323 1.00043659118861 1.50865490367479 1.15745391675001
"332" 324 1.00072988157547 1.5097427377928 1.15795037510244
"333" 325 1.00102282875871 1.51083103622661 1.15844551436137
"334" 326 1.00130523240419 1.5118279270982 1.15893934207425
"335" 327 1.00159098971975 1.51292879030709 1.15943186572236
"336" 328 1.00190880890667 1.51394121683553 1.15992309272161
"337" 329 1.00222576253981 1.51502437528767 1.16041303042326
"338" 330 1.00250106786286 1.5160290758273 1.16090168611471
"339" 331 1.00280575550312 1.51705901103422 1.16138906702024
"340" 332 1.00308736134498 1.51802235731605 1.16187518030176
"341" 333 1.00339581135119 1.51899888120456 1.1623600330595
"342" 334 1.00368500799343 1.52004834640723 1.16284363233276
"343" 335 1.00396359790398 1.5210384971194 1.16332598510058
"344" 336 1.00424374269253 1.52207333178557 1.16380709828249
"345" 337 1.00452961940154 1.52303499280396 1.1642869787391
"346" 338 1.00480862976046 1.52405844193246 1.16476563327287
"347" 339 1.005101017155 1.52511121811389 1.16524306862874
"348" 340 1.00538291483571 1.52616002109231 1.16571929149474
"349" 341 1.0056602389669 1.52721189061008 1.16619430850269
"350" 342 1.00593843639365 1.52826385301325 1.16666812622885
"351" 343 1.00621092595799 1.52930330942604 1.16714075119447
"352" 344 1.00648945765399 1.53034739779428 1.16761218986647
"353" 345 1.006779607871 1.53132995800043 1.16808244865804
"354" 346 1.00705035679739 1.53231516531731 1.16855153392926
"355" 347 1.00732683484972 1.53336409394649 1.16901945198759
"356" 348 1.00759697201132 1.53434501812586 1.16948620908862
"357" 349 1.00786084279499 1.53535106371891 1.16995181143649
"358" 350 1.00813757056925 1.53635831938215 1.17041626518456
"359" 351 1.00843130346446 1.53736984302591 1.17087957643593
"360" 352 1.00869894714657 1.5384201135624 1.17134175124398
"361" 353 1.00897707415115 1.53939659798926 1.17180279561296
"362" 354 1.00923674519396 1.54040301120226 1.17226271549847
"363" 355 1.00950745462519 1.54135110943403 1.17272151680804
"364" 356 1.00976624695312 1.54228676413558 1.1731792054016
"365" 357 1.01004047679717 1.54327335423916 1.17363578709208
"366" 358 1.01030635145831 1.54425114722938 1.17409126764582
"367" 359 1.01057302542303 1.54523874755769 1.17454565278313
"368" 360 1.01083325627036 1.54623519663786 1.17499894817876
"369" 361 1.0111138585964 1.5472593709185 1.17545115946243
"370" 362 1.01136480344441 1.54818748916241 1.17590229221925
"371" 363 1.0116341438902 1.54912475437178 1.17635235199024
"372" 364 1.01189179629654 1.55007724557985 1.17680134427278
"373" 365 1.01214535187402 1.55101976333056 1.17724927452108
"374" 366 1.01240191225682 1.5519533617139 1.17769614814663
"375" 367 1.01265101220634 1.55291609449992 1.17814197051866
"376" 368 1.01290156504346 1.55388941284277 1.17858674696457
"377" 369 1.01315147634733 1.55485194542647 1.17903048277037
"378" 370 1.01340870923973 1.5557845969009 1.17947318318113
"379" 371 1.01365512990387 1.55670568615441 1.17991485340141
"380" 372 1.01390340273852 1.55768340738682 1.18035549859563
"381" 373 1.01414341755853 1.55866405717001 1.18079512388855
"382" 374 1.01440369518929 1.55965018727577 1.18123373436564
"383" 375 1.01465997117855 1.56064641016614 1.18167133507351
"384" 376 1.01490278059522 1.56163355427594 1.1821079310203
"385" 377 1.0151397492984 1.56254737371469 1.18254352717605
"386" 378 1.01539771511885 1.56348774226579 1.18297812847313
"387" 379 1.01564242258484 1.56439763420781 1.18341173980662
"388" 380 1.01589087368736 1.56531679433668 1.18384436603464
"389" 381 1.01612553482787 1.56626437094199 1.18427601197881
"390" 382 1.01638663389937 1.56718904027396 1.18470668242452
"391" 383 1.01665518632294 1.56810835504704 1.18513638212139
"392" 384 1.01689709321264 1.5690764296773 1.18556511578356
"393" 385 1.01714450221451 1.57001352463006 1.18599288809008
"394" 386 1.01739293155977 1.57094982385818 1.18641970368527
"395" 387 1.01765050262407 1.5718679938671 1.18684556717905
"396" 388 1.01789061095464 1.57280101397247 1.18727048314727
"397" 389 1.01813870939472 1.57373053549188 1.18769445613207
"398" 390 1.01837835434074 1.57467014458418 1.18811749064221
"399" 391 1.01862039321429 1.57558007968994 1.1885395911534
"400" 392 1.01886482624161 1.5765330562803 1.18896076210864
"401" 393 1.01910509620868 1.57743019701596 1.1893810079185
"402" 394 1.01934259495563 1.57837389523864 1.18980033296148
"403" 395 1.01958758202987 1.57930274643839 1.19021874158431
"404" 396 1.01983640996927 1.58022249217681 1.19063623810224
"405" 397 1.0200770513864 1.58109870836279 1.19105282679942
"406" 398 1.02030518487297 1.58199654944332 1.19146851192907
"407" 399 1.0205464029306 1.58288642800822 1.19188329771393
"408" 400 1.02078517764908 1.58382983610539 1.19229718834644
"409" 401 1.02102942919262 1.58470843436756 1.19271018798908
"410" 402 1.02127005054942 1.58555913738275 1.19312230077467
"411" 403 1.02151521183554 1.58647454385519 1.19353353080664
"412" 404 1.02176841104512 1.58735427851628 1.19394388215928
"413" 405 1.02200223302678 1.58824038468191 1.19435335887807
"414" 406 1.02222913754066 1.58911887019382 1.19476196497994
"415" 407 1.02246356498489 1.58997632093747 1.1951697044535
"416" 408 1.02270511006553 1.590850367371 1.1955765812594
"417" 409 1.02293341141743 1.59171256618067 1.19598259933047
"418" 410 1.02317636981876 1.59257944337978 1.19638776257207
"419" 411 1.02343038007936 1.59344058520784 1.19679207486237
"420" 412 1.02367753395972 1.59430913137241 1.19719554005251
"421" 413 1.02391432559542 1.59518640916105 1.19759816196691
"422" 414 1.02414200511222 1.59604974703531 1.19799994440355
"423" 415 1.02438410507286 1.59689631250391 1.19840089113416
"424" 416 1.02461072604793 1.59779765548893 1.19880100590447
"425" 417 1.02484510536254 1.59874483298615 1.19920029243448
"426" 418 1.02506267705072 1.59965020142132 1.19959875441871
"427" 419 1.02528828452416 1.60055286735745 1.19999639552638
"428" 420 1.02553100430972 1.60145524780199 1.20039321940166
"429" 421 1.02576239015035 1.60232933704873 1.20078922966396
"430" 422 1.02598117194397 1.60322453635528 1.20118442990805
"431" 423 1.02623267472605 1.60409369629514 1.20157882370441
"432" 424 1.02644612505172 1.60495300266609 1.20197241459934
"433" 425 1.02665637516307 1.60580139448152 1.20236520611523
"434" 426 1.02688107711981 1.60666548917955 1.20275720175081
"435" 427 1.02711271556493 1.60753631874971 1.20314840498128
"436" 428 1.02734021753811 1.60839772552346 1.2035388192586
"437" 429 1.02756211743287 1.60925875260838 1.20392844801166
"438" 430 1.02779145688512 1.61011884756131 1.20431729464651
"439" 431 1.02801261162416 1.6109346684513 1.20470536254653
"440" 432 1.02822690249717 1.61183294168802 1.20509265507269
"441" 433 1.02843866268319 1.6126522458985 1.20547917556366
"442" 434 1.0286541119166 1.61348179912156 1.20586492733613
"443" 435 1.02887379544211 1.61429902676748 1.20624991368489
"444" 436 1.02909117965523 1.61512033585235 1.2066341378831
"445" 437 1.02931362220078 1.61594739539031 1.20701760318245
"446" 438 1.02953528515198 1.61676674134963 1.20740031281333
"447" 439 1.02975802345239 1.61761126596651 1.2077822699851
"448" 440 1.02996158594983 1.61851348510527 1.20816347788616
"449" 441 1.03017818238132 1.61937622508543 1.20854393968421
"450" 442 1.03038208952223 1.62019773188577 1.20892365852643
"451" 443 1.03060169594123 1.62106253936717 1.20930263753961
"452" 444 1.03082765771766 1.62191449452794 1.20968087983038
"453" 445 1.03104126012302 1.62273014823422 1.21005838848537
"454" 446 1.03126112831324 1.62359771361362 1.21043516657136
"455" 447 1.03147887314108 1.62438206175379 1.21081121713547
"456" 448 1.0316939704063 1.62525776400429 1.21118654320535
"457" 449 1.03191700545319 1.62605241964957 1.2115611477893
"458" 450 1.03213228930605 1.62686975701048 1.21193503387648
"459" 451 1.03233625665508 1.62769296982272 1.21230820443704
"460" 452 1.03254512261035 1.62852194180832 1.21268066242233
"461" 453 1.03276028669274 1.62933082053334 1.21305241076501
"462" 454 1.03297210041073 1.63008301895718 1.21342345237921
"463" 455 1.0331917903969 1.6309324759722 1.21379379016074
"464" 456 1.03340679468069 1.63176423508679 1.21416342698721
"465" 457 1.0336138588226 1.63256981973121 1.21453236571817
"466" 458 1.03382671506214 1.63339411965883 1.21490060919528
"467" 459 1.03403261427763 1.63420593433385 1.21526816024245
"468" 460 1.03424000056387 1.63501711632706 1.21563502166603
"469" 461 1.03445606384427 1.63582534400292 1.21600119625491
"470" 462 1.03465878944414 1.636644667231 1.21636668678067
"471" 463 1.03487696434426 1.63745023630545 1.21673149599775
"472" 464 1.0350814467822 1.63829818397551 1.21709562664358
"473" 465 1.03528849489998 1.63911098346432 1.21745908143872
"474" 466 1.03550210346531 1.63988362644519 1.21782186308699
"475" 467 1.03570177548527 1.64069407237303 1.21818397427562
"476" 468 1.03591726699529 1.64152134059073 1.2185454176754
"477" 469 1.03613480414662 1.64230403246863 1.2189061959408
"478" 470 1.03635540943216 1.64312237687576 1.2192663117101
"479" 471 1.03655915218661 1.64387698045366 1.21962576760552
"480" 472 1.03675657870064 1.64466833907213 1.21998456623338
"481" 473 1.03696710520725 1.64546143789246 1.2203427101842
"482" 474 1.03717386932212 1.64627157252781 1.22070020203285
"483" 475 1.03737703758707 1.64707720791418 1.22105704433864
"484" 476 1.03757747464452 1.64787168800459 1.22141323964552
"485" 477 1.03778032309465 1.64866852291975 1.2217687904821
"486" 478 1.03797836982915 1.6495130886548 1.22212369936189
"487" 479 1.03818298113142 1.65036516253843 1.22247796878331
"488" 480 1.03837952079586 1.65115457032751 1.22283160122992
"489" 481 1.03858119766883 1.65195619865951 1.22318459917043
"490" 482 1.03878310058737 1.65270369682774 1.22353696505891
"491" 483 1.03899614349096 1.65348490835219 1.22388870133486
"492" 484 1.03918819893355 1.65425556037701 1.22423981042334
"493" 485 1.03939374764178 1.65505666655755 1.22459029473509
"494" 486 1.03958685337786 1.65583732420847 1.22494015666661
"495" 487 1.03978964114329 1.65658274336509 1.22528939860034
"496" 488 1.03998368138559 1.65737297034251 1.22563802290469
"497" 489 1.04017471703985 1.6581526471765 1.22598603193422
"498" 490 1.04035908017044 1.65897075987265 1.22633342802973
"499" 491 1.04055602167924 1.65979084522367 1.22668021351831
"500" 492 1.04076417525536 1.66056168284201 1.22702639071355
"501" 493 1.040965155094 1.66135162001851 1.22737196191557
"502" 494 1.04116772654614 1.66213382765227 1.22771692941115
"503" 495 1.04136873858737 1.66292165396127 1.22806129547384
"504" 496 1.04157323036888 1.66367013847287 1.22840506236405
"505" 497 1.04176132271582 1.66443661084188 1.22874823232915
"506" 498 1.0419581172313 1.66517399784878 1.2290908076036
"507" 499 1.04216063866532 1.66590719098104 1.22943279040902
"508" 500 1.04234673753253 1.66665566036257 1.22977418295429
"509" 501 1.04254443429361 1.66740060180455 1.23011498743567
"510" 502 1.04273392616269 1.66817462309596 1.23045520603686
"511" 503 1.04292917526914 1.66894875972902 1.23079484092917
"512" 504 1.04311916326992 1.66973857015158 1.23113389427152
"513" 505 1.04331213650817 1.6705078222873 1.2314723682106
"514" 506 1.04349806088816 1.67127613008573 1.23181026488093
"515" 507 1.04369368155208 1.67204252658699 1.232147586405
"516" 508 1.04387808786771 1.67280844447627 1.23248433489329
"517" 509 1.04406654607739 1.67357736409665 1.23282051244442
"518" 510 1.04425419283243 1.67434070018519 1.23315612114522
"519" 511 1.04444242505527 1.67511161472426 1.23349116307081
"520" 512 1.04462801933005 1.67586209627145 1.23382564028472
"521" 513 1.0448170434822 1.67660259986965 1.23415955483892
"522" 514 1.04501075754855 1.67737330169541 1.23449290877396
"523" 515 1.04518964134591 1.67811650947034 1.23482570411904
"524" 516 1.04537763057951 1.67887577239502 1.2351579428921
"525" 517 1.04555740744269 1.6796261635415 1.23548962709987
"526" 518 1.04574553288381 1.68041621033487 1.23582075873801
"527" 519 1.04593500552102 1.68113159043842 1.23615133979114
"528" 520 1.04611995836166 1.68188469899819 1.23648137223296
"529" 521 1.04630473233321 1.68263341626651 1.23681085802631
"530" 522 1.04649054450979 1.68340604299636 1.23713979912325
"531" 523 1.04668356453899 1.68416939617737 1.23746819746516
"532" 524 1.04687298070196 1.68489040397802 1.23779605498281
"533" 525 1.04706487044903 1.68565243640077 1.23812337359639
"534" 526 1.04726239260971 1.68639459359346 1.23845015521568
"535" 527 1.04744832360498 1.68715650358994 1.23877640174006
"536" 528 1.04762659527299 1.68786973984292 1.23910211505862
"537" 529 1.04781795981484 1.68864811317727 1.23942729705015
"538" 530 1.04800826403283 1.68936376845796 1.23975194958338
"539" 531 1.04818614155841 1.69011219177848 1.24007607451689
"540" 532 1.04838531317858 1.69084880770901 1.24039967369929
"541" 533 1.04855837097429 1.69154700635094 1.24072274896922
"542" 534 1.04873670251545 1.692229091932 1.24104530215547
"543" 535 1.04891738030201 1.69296877763385 1.24136733507704
"544" 536 1.04910380260851 1.69366795020128 1.24168884954321
"545" 537 1.04927627857027 1.69442233402285 1.24200984735358
"546" 538 1.04945289733627 1.69514090588322 1.24233033029821
"547" 539 1.0496311464722 1.69585216185383 1.24265030015762
"548" 540 1.0498097372488 1.69656772987734 1.24296975870287
"549" 541 1.05000075394437 1.6972906512689 1.24328870769566
"550" 542 1.05017241625613 1.69804589477249 1.24360714888838
"551" 543 1.05035371691428 1.698791315762 1.24392508402417
"552" 544 1.05052128603244 1.69953130999536 1.24424251483697
"553" 545 1.05070563659033 1.70021787248785 1.24455944305164
"554" 546 1.05090403113783 1.70093790630968 1.24487587038397
"555" 547 1.05107810642112 1.70164847536875 1.24519179854075
"556" 548 1.05125371270424 1.70241319392703 1.24550722921987
"557" 549 1.05143300824 1.70314622548389 1.24582216411035
"558" 550 1.0515999598004 1.7038931468675 1.24613660489242
"559" 551 1.05178520275485 1.70458450361133 1.24645055323756
"560" 552 1.05196200455035 1.70532396225309 1.24676401080857
"561" 553 1.05213870278048 1.70602375342496 1.24707697925966
"562" 554 1.05231399032002 1.70673667191749 1.24738946023647
"563" 555 1.05248718562349 1.70743536347515 1.24770145537615
"564" 556 1.05266095856771 1.70821260958476 1.24801296630739
"565" 557 1.05283862324957 1.70895415068731 1.24832399465055
"566" 558 1.0530140416231 1.70967356561545 1.24863454201762
"567" 559 1.05319020472912 1.71040162091606 1.24894461001238
"568" 560 1.05335960808834 1.71113867711811 1.24925420023035
"569" 561 1.05352847421137 1.71185416620595 1.24956331425895
"570" 562 1.05371249065046 1.7125460970476 1.24987195367747
"571" 563 1.05388400986435 1.7132855267306 1.25018012005718
"572" 564 1.05405185205216 1.71398098891332 1.25048781496139
"573" 565 1.05423979863042 1.71467371691389 1.25079503994545
"574" 566 1.05440594066976 1.7153845777741 1.25110179655685
"575" 567 1.05457904367572 1.71613151411504 1.25140808633528
"576" 568 1.05473725325494 1.71682944498178 1.2517139108126
"577" 569 1.05490864184747 1.71749109676735 1.25201927151304
"578" 570 1.05507997481338 1.71821515622402 1.25232416995312
"579" 571 1.05525218352102 1.71888560900464 1.25262860764176
"580" 572 1.05542641553306 1.71955896674113 1.25293258608033
"581" 573 1.05559887068719 1.72025904418323 1.25323610676269
"582" 574 1.05577695620617 1.72095641783288 1.25353917117523
"583" 575 1.05594542287751 1.72168480702762 1.25384178079695
"584" 576 1.05612802328779 1.72239293107456 1.2541439370995
"585" 577 1.05630402708623 1.72310321141962 1.25444564154719
"586" 578 1.05647907806409 1.72374302716361 1.25474689559714
"587" 579 1.05663703755414 1.72439951658226 1.25504770069918
"588" 580 1.05680561446097 1.72509240026335 1.25534805829603
"589" 581 1.05697281249501 1.72575779147231 1.25564796982328
"590" 582 1.05713183510211 1.72643900009723 1.25594743670944
"591" 583 1.05729607161545 1.72714367612767 1.25624646037603
"592" 584 1.05744571122049 1.72784086786901 1.25654504223759
"593" 585 1.05760726644497 1.72850919317037 1.2568431837017
"594" 586 1.05777838435952 1.72921968621755 1.25714088616911
"595" 587 1.05795422790898 1.72985596215026 1.25743815103369
"596" 588 1.05812637015887 1.73050436752082 1.25773497968253
"597" 589 1.05828671521748 1.73120889022076 1.258031373496
"598" 590 1.0584506201738 1.73193425460057 1.25832733384773
"599" 591 1.05862574416843 1.7326612930962 1.25862286210473
"600" 592 1.05879786224526 1.73338417064075 1.25891795962735
"601" 593 1.05895853285048 1.73402774346617 1.2592126277694
"602" 594 1.05911721307765 1.73464120589714 1.25950686787815
"603" 595 1.05928630451948 1.73528681678159 1.25980068129439
"604" 596 1.05945219558678 1.73596558535108 1.26009406935247
"605" 597 1.05961409384986 1.7366441379116 1.26038703338032
"606" 598 1.05978331744711 1.73731288636177 1.2606795746995
"607" 599 1.05993917708038 1.73803169853224 1.26097169462529
"608" 600 1.06010801020911 1.73875067963966 1.26126339446666
"609" 601 1.06026651169614 1.73944464660531 1.26155467552634
"610" 602 1.06042117635168 1.74007942716555 1.26184553910088
"611" 603 1.06058190135349 1.74072941108049 1.26213598648065
"612" 604 1.06073611646386 1.74137687638323 1.2624260189499
"613" 605 1.06088636301996 1.74208275859456 1.26271563778683
"614" 606 1.06104438418564 1.74277047393294 1.26300484426355
"615" 607 1.06119968952499 1.74342772478756 1.2632936396462
"616" 608 1.06137520948539 1.74413871108344 1.26358202519497
"617" 609 1.06152862859309 1.74482514402476 1.26387000216406
"618" 610 1.06168914163442 1.74550786489046 1.26415757180183
"619" 611 1.06184169980848 1.7461990710342 1.26444473535078
"620" 612 1.06199908911132 1.74688070011047 1.26473149404758
"621" 613 1.06215495127098 1.74756240117353 1.26501784912313
"622" 614 1.06231935493866 1.74821491954992 1.2653038018026
"623" 615 1.06247889611187 1.7489352691396 1.26558935330543
"624" 616 1.06263330245246 1.74961723810121 1.26587450484541
"625" 617 1.06277240734271 1.75029949055549 1.26615925763067
"626" 618 1.06291905757822 1.75087725947063 1.26644361286375
"627" 619 1.06306800475744 1.75153172262939 1.26672757174163
"628" 620 1.06322903797086 1.75223939828369 1.26701113545576
"629" 621 1.06339299905288 1.75291867623447 1.2672943051921
"630" 622 1.06355268637041 1.75361197040551 1.26757708213115
"631" 623 1.06371054746979 1.75428084052378 1.26785946744794
"632" 624 1.06386629213656 1.75494331727632 1.26814146231214
"633" 625 1.06401905578162 1.75559922949839 1.26842306788809
"634" 626 1.06417775856718 1.75627590798451 1.26870428533472
"635" 627 1.06433008395661 1.75695536082872 1.26898511580576
"636" 628 1.06448994098804 1.7576346030264 1.2692655604496
"637" 629 1.06465582514813 1.75830287435356 1.26954562040943
"638" 630 1.0648097556066 1.75894187011102 1.26982529682327
"639" 631 1.06496934091616 1.75955036288797 1.27010459082391
"640" 632 1.06511965965234 1.76019068909822 1.27038350353906
"641" 633 1.06528545118841 1.76081720775398 1.27066203609132
"642" 634 1.06542868478571 1.7614574552844 1.27094018959818
"643" 635 1.06558312952006 1.76210589476017 1.27121796517213
"644" 636 1.06573583177086 1.76279852607061 1.27149536392062
"645" 637 1.06587523378035 1.76345425234126 1.27177238694616
"646" 638 1.06602401723544 1.76413073309229 1.27204903534625
"647" 639 1.06617737406764 1.76475256030951 1.27232531021354
"648" 640 1.06632068000178 1.7653723877636 1.27260121263573
"649" 641 1.06646448680312 1.7660518428695 1.27287674369568
"650" 642 1.066620768831 1.76670948783281 1.27315190447142
"651" 643 1.06677001670927 1.76733689695372 1.2734266960362
"652" 644 1.0669250050581 1.76795667884024 1.27370111945845
"653" 645 1.06706791645728 1.76855878663284 1.27397517580189
"654" 646 1.06721793316012 1.76928451154542 1.2742488661255
"655" 647 1.06736757559226 1.76994042027563 1.2745221914836
"656" 648 1.06752562596212 1.77061339996691 1.27479515292584
"657" 649 1.06767871167089 1.77126117499853 1.27506775149719
"658" 650 1.06783604808466 1.77190093267244 1.2753399882381
"659" 651 1.0679882318947 1.77253949159506 1.27561186418438
"660" 652 1.06812910495949 1.77317549604774 1.27588338036729
"661" 653 1.06826432831578 1.77379675693214 1.27615453781361
"662" 654 1.06840474860499 1.77444960962875 1.27642533754557
"663" 655 1.06854918877981 1.77508531672116 1.27669578058097
"664" 656 1.06868870633407 1.77572483837809 1.27696586793314
"665" 657 1.06882798738469 1.77635188975432 1.27723560061102
"666" 658 1.06897490094459 1.7769850640148 1.27750497961912
"667" 659 1.06911319723197 1.77762780804177 1.27777400595761
"668" 660 1.06925004442334 1.77828770493532 1.27804268062231
"669" 661 1.06939494784992 1.77895525429912 1.27831100460474
"670" 662 1.06953969062122 1.77957885935153 1.2785789788921
"671" 663 1.06968126784361 1.78023147567029 1.27884660446733
"672" 664 1.06982706496791 1.78091858022861 1.27911388230918
"673" 665 1.06997093470941 1.78156603916808 1.27938081339211
"674" 666 1.07011211419405 1.78220406386493 1.27964739868645
"675" 667 1.07026281559244 1.78282554725922 1.27991363915833
"676" 668 1.07040796260987 1.783467131143 1.28017953576973
"677" 669 1.07055221584717 1.78408264251784 1.28044508947853
"678" 670 1.07069967746808 1.78469581664021 1.28071030123852
"679" 671 1.07084495599587 1.7852942433908 1.2809751719994
"680" 672 1.07099473646999 1.78592450356421 1.28123970270684
"681" 673 1.07113116918887 1.78653755693981 1.28150389430246
"682" 674 1.07126607409816 1.7871488714843 1.28176774772391
"683" 675 1.07140744436582 1.78776056372443 1.28203126390482
"684" 676 1.07154332083045 1.7883499386906 1.28229444377493
"685" 677 1.07169052335411 1.78894066361223 1.28255728825996
"686" 678 1.07184051235017 1.78959095863255 1.28281979828178
"687" 679 1.07199178045437 1.7902006170912 1.28308197475836
"688" 680 1.07214320615435 1.7907983458546 1.28334381860379
"689" 681 1.07229324831563 1.79138881899787 1.28360533072833
"690" 682 1.07242944919941 1.79198661571073 1.28386651203842
"691" 683 1.0725704232882 1.79264575867843 1.28412736343667
"692" 684 1.07271006024563 1.79326440829776 1.28438788582193
"693" 685 1.07285579328784 1.79391720256133 1.28464808008928
"694" 686 1.07300307959142 1.79454538730445 1.2849079471301
"695" 687 1.07314058831964 1.79515187306734 1.28516748783201
"696" 688 1.07328510423774 1.79567281097938 1.28542670307896
"697" 689 1.07342273730876 1.7962764380683 1.2856855937512
"698" 690 1.07355322254249 1.79688817065981 1.28594416072534
"699" 691 1.07369388500039 1.79750009552116 1.28620240487437
"700" 692 1.07382516725538 1.79810971033639 1.28646032706765
"701" 693 1.07396630785621 1.79873136335115 1.28671792817097
"702" 694 1.074114431151 1.79937179391737 1.28697520904649
"703" 695 1.07425327210973 1.80000315554843 1.28723217055287
"704" 696 1.07439211041083 1.8006321172154 1.28748881354523
"705" 697 1.07452770106554 1.80124044065074 1.28774513887516
"706" 698 1.07466943575412 1.80188794311957 1.28800114739076
"707" 699 1.07480672456816 1.80251238410947 1.28825683993665
"708" 700 1.07495592507625 1.80309217455019 1.28851221735402
"709" 701 1.07510143737338 1.80369810972986 1.28876728048057
"710" 702 1.07523245831325 1.80423739639074 1.28902203015065
"711" 703 1.07536218400946 1.80484936433804 1.28927646719515
"712" 704 1.07550944469059 1.80544450880662 1.28953059244163
"713" 705 1.07565642562447 1.80604404365873 1.28978440671422
"714" 706 1.0757913831408 1.80666157058793 1.29003791083379
"715" 707 1.07592439931698 1.8072699660637 1.29029110561784
"716" 708 1.07605461824186 1.80783944442822 1.29054399188054
"717" 709 1.07618634520927 1.80844290838784 1.2907965704328
"718" 710 1.07632356284281 1.80905550615634 1.29104884208229
"719" 711 1.07646352157207 1.80967010824897 1.29130080763337
"720" 712 1.07660431263413 1.81024205458451 1.29155246788717
"721" 713 1.07673855169099 1.81083574392907 1.29180382364163
"722" 714 1.07688563270909 1.81138324238047 1.29205487569148
"723" 715 1.07702425048435 1.81197679019495 1.29230562482826
"724" 716 1.07714529719299 1.81256570062788 1.29255607184036
"725" 717 1.07728337555547 1.81314861790718 1.29280621751297
"726" 718 1.07741960195924 1.81375926744049 1.29305606262822
"727" 719 1.07755561979514 1.814355323794 1.29330560796508
"728" 720 1.07770111315282 1.81494845775711 1.2935548542994
"729" 721 1.07783910548378 1.81554099481928 1.29380380240404
"730" 722 1.07797850740777 1.81613344731551 1.29405245304866
"731" 723 1.07811025220518 1.81672497584451 1.29430080699999
"732" 724 1.07824195693974 1.81731660295399 1.29454886502167
"733" 725 1.07837629688285 1.81792743475461 1.29479662787432
"734" 726 1.0785033678036 1.81850912913784 1.29504409631559
"735" 727 1.07865016095535 1.81910536254387 1.29529127110011
"736" 728 1.07878538239046 1.81969944569667 1.29553815297956
"737" 729 1.07892553755331 1.82028360670449 1.29578474270267
"738" 730 1.07904809499576 1.82084786431785 1.29603104101521
"739" 731 1.07917402560034 1.82143384725337 1.29627704866007
"740" 732 1.07930328325087 1.82200996082343 1.29652276637719
"741" 733 1.07943268886738 1.82256194951357 1.29676819490364
"742" 734 1.0795657244826 1.82313115469132 1.29701333497361
"743" 735 1.07969467360353 1.82368103273817 1.29725818731842
"744" 736 1.07982180221188 1.82427820859801 1.29750275266655
"745" 737 1.07996264141117 1.82488037574212 1.29774703174369
"746" 738 1.08009511701695 1.82548666003331 1.29799102527262
"747" 739 1.08022217516378 1.82610143369288 1.29823473397342
"748" 740 1.08034994528465 1.82668773715482 1.29847815856329
"749" 741 1.0804823511845 1.8272748077299 1.29872129975675
"750" 742 1.0806237012265 1.82786987167157 1.29896415826549
"751" 743 1.08075534118298 1.82846290207743 1.29920673479848
"752" 744 1.0808827910479 1.82904112049854 1.29944903006199
"753" 745 1.08100936252926 1.8296289183969 1.29969104475951
"754" 746 1.08113990733674 1.83017085235064 1.2999327795919
"755" 747 1.08126610265552 1.8307429380769 1.30017423525729
"756" 748 1.08139335559129 1.83131919308691 1.30041541245114
"757" 749 1.08152313662935 1.83189637906306 1.30065631186625
"758" 750 1.08165592293271 1.83247116867058 1.30089693419279
"759" 751 1.08178232757894 1.83304643904857 1.30113728011831
"760" 752 1.08190672975289 1.83361879718299 1.30137735032769
"761" 753 1.08202882675981 1.83415432268435 1.30161714550323
"762" 754 1.08215401087842 1.83470466112202 1.30185666632467
"763" 755 1.08228022536458 1.83527975455224 1.30209591346914
"764" 756 1.08240209141341 1.83585174720442 1.30233488761119
"765" 757 1.08252965382674 1.83645592847575 1.30257358942285
"766" 758 1.0826574907733 1.83705786155795 1.30281201957361
"767" 759 1.08278376192889 1.83760517956985 1.30305017873041
"768" 760 1.08292199683207 1.83815910702713 1.30328806755767
"769" 761 1.0830453830092 1.83873808466393 1.30352568671737
"770" 762 1.08316823539599 1.8393391186152 1.30376303686891
"771" 763 1.08330094656399 1.83990708473398 1.30400011866929
"772" 764 1.0834218963616 1.84047490410075 1.30423693277303
"773" 765 1.08354917981515 1.84103362072105 1.30447347983218
"774" 766 1.08368508811045 1.84160852294508 1.30470976049634
"775" 767 1.08380732855556 1.84218726378793 1.30494577541276
"776" 768 1.08391973350532 1.8427725257228 1.30518152522617
"777" 769 1.0840445972854 1.84335279266699 1.30541701057898
"778" 770 1.08417130949098 1.84390391095751 1.30565223211115
"779" 771 1.08430132053654 1.84449021749394 1.30588719046035
"780" 772 1.08442675016268 1.84506991841804 1.30612188626177
"781" 773 1.08455175271515 1.84564079735999 1.30635632014836
"782" 774 1.08467815688448 1.84622595678676 1.30659049275063
"783" 775 1.08480700609344 1.84678929619962 1.30682440469682
"784" 776 1.08493493665984 1.8474041395852 1.30705805661283
"785" 777 1.08506103435023 1.84796818902519 1.30729144912226
"786" 778 1.08518234834788 1.84847653297627 1.30752458284641
"787" 779 1.08530787530464 1.84901459654111 1.3077574584043
"788" 780 1.08543432028418 1.84954228385976 1.30799007641268
"789" 781 1.08557089555197 1.85013567112753 1.30822243748601
"790" 782 1.08569120883033 1.8506849715486 1.30845454223654
"791" 783 1.08581073770504 1.85122433074672 1.30868639127426
"792" 784 1.08593936283294 1.85182997420737 1.30891798520693
"793" 785 1.08606782129112 1.85240863671405 1.30914932464011
"794" 786 1.08619625852672 1.85291628679974 1.30938041017711
"795" 787 1.08633035579957 1.85348866306769 1.3096112424191
"796" 788 1.08645564980973 1.85404138722326 1.30984182196504
"797" 789 1.08657836924395 1.85462223629405 1.31007214941171
"798" 790 1.08670089389653 1.85522296736572 1.3103022253537
"799" 791 1.08682352972283 1.85575316933414 1.31053205038354
"800" 792 1.08695031355518 1.85632448173539 1.31076162509152
"801" 793 1.08707277618236 1.85688397802882 1.31099095006581
"802" 794 1.08718011120132 1.85747256891176 1.31122002589254
"803" 795 1.08728908722731 1.85803741306176 1.31144885315563
"804" 796 1.08742008023949 1.85860467144264 1.31167743243694
"805" 797 1.08754705022615 1.8591390644414 1.31190576431624
"806" 798 1.08767682252068 1.85970756920894 1.31213384937125
"807" 799 1.08780796265379 1.8602607268223 1.31236168817755
"808" 800 1.08793467633719 1.86076013678116 1.31258928130871
"809" 801 1.0880448080426 1.86126180501653 1.31281662933624
"810" 802 1.0881656822834 1.86181952553176 1.3130437328296
"811" 803 1.08829617972311 1.8623426836271 1.31327059235621
"812" 804 1.08841528069674 1.86291097136064 1.31349720848151
"813" 805 1.08853781358723 1.8633890969278 1.31372358176889
"814" 806 1.08866092204067 1.86396774143531 1.31394971277972
"815" 807 1.0887804069487 1.86452580169771 1.31417560207345
"816" 808 1.08889749227843 1.86509506675852 1.31440125020748
"817" 809 1.08900772730665 1.86564839601434 1.31462665773725
"818" 810 1.08913220425104 1.86622960697611 1.31485182521628
"819" 811 1.08923356008425 1.86677281389299 1.31507675319608
"820" 812 1.08935907370257 1.86733158287171 1.31530144222624
"821" 813 1.08948717700316 1.86784858084112 1.31552589285439
"822" 814 1.08959918044704 1.86836838970116 1.31575010562628
"823" 815 1.0897284924442 1.86891318876786 1.3159740810857
"824" 816 1.0898508837447 1.86949497873834 1.31619781977457
"825" 817 1.08997041136376 1.87001196679317 1.31642132223285
"826" 818 1.09009019438268 1.87054080489548 1.31664458899867
"827" 819 1.09020943247316 1.871075315648 1.31686762060825
"828" 820 1.0903297542092 1.87158726898557 1.31709041759595
"829" 821 1.09044888224095 1.87209771498743 1.31731298049425
"830" 822 1.09056857235394 1.8726220455666 1.31753530983377
"831" 823 1.09068773203033 1.87316244275654 1.31775740614331
"832" 824 1.09080928327905 1.87370475409623 1.31797926994982
"833" 825 1.09093013737776 1.87424862158725 1.31820090177842
"834" 826 1.0910561566521 1.87477946165382 1.3184223021524
"835" 827 1.09117700290676 1.87534130619624 1.31864347159324
"836" 828 1.09128814206356 1.87590940615504 1.31886441062065
"837" 829 1.09140387933715 1.87646288663238 1.31908511975248
"838" 830 1.09151809136153 1.87701126524336 1.31930559950485
"839" 831 1.0916361981769 1.87756680394977 1.31952585039207
"840" 832 1.09175289034413 1.87811199607406 1.31974587292672
"841" 833 1.09187173541555 1.87863327893245 1.31996566761954
"842" 834 1.09199663757391 1.87915392732958 1.3201852349796
"843" 835 1.09210669799789 1.87967374097855 1.32040457551418
"844" 836 1.09222452706282 1.8802544601461 1.32062368972884
"845" 837 1.09233688741811 1.88077287575562 1.32084257812737
"846" 838 1.09243812795788 1.88128641698889 1.32106124121189
"847" 839 1.09255132256753 1.88182864408631 1.3212796794828
"848" 840 1.09265759741794 1.88236312074603 1.32149789343873
"849" 841 1.09276880508079 1.88288015054871 1.32171588357672
"850" 842 1.09287485915823 1.88341208751804 1.32193365039201
"851" 843 1.09298454416445 1.88394061905642 1.32215119437825
"852" 844 1.09310983587915 1.88442438980016 1.32236851602733
"853" 845 1.09322055805064 1.88493720239672 1.32258561582955
"854" 846 1.09333793013443 1.88549847758162 1.32280249427349
"855" 847 1.09345266120437 1.8860871523807 1.32301915184614
"856" 848 1.09356636115701 1.88661157442959 1.32323558903275
"857" 849 1.09368692481474 1.88716267785007 1.32345180631704
"858" 850 1.09380266745811 1.88771458073493 1.32366780418104
"859" 851 1.09391249451573 1.88826602611728 1.32388358310516
"860" 852 1.09402001238521 1.88881541330809 1.32409914356822
"861" 853 1.09413465317292 1.88936409022442 1.3243144860474
"862" 854 1.09425067050785 1.88990608635225 1.32452961101833
"863" 855 1.09436466092752 1.89043560139319 1.32474451895496
"864" 856 1.09448056939867 1.89095758996208 1.32495921032977
"865" 857 1.09459343032904 1.89146444731143 1.32517368561354
"866" 858 1.09471615428976 1.8919497270065 1.32538794527558
"867" 859 1.09483285333121 1.89245683716027 1.32560198978357
"868" 860 1.09493551350794 1.89297427866895 1.32581581960365
"869" 861 1.09504624797715 1.89347348445808 1.32602943520045
"870" 862 1.09516219754957 1.89398037569627 1.326242837037
"871" 863 1.09527562281611 1.89448561442152 1.3264560255748
"872" 864 1.09539269914012 1.89503975169583 1.32666900127385
"873" 865 1.09550436118657 1.89556730616119 1.32688176459264
"874" 866 1.09561856008586 1.896118419883 1.32709431598806
"875" 867 1.09573280023618 1.89661470977542 1.32730665591559
"876" 868 1.09584668520257 1.89716047565971 1.32751878482913
"877" 869 1.09596664884135 1.89770736669735 1.32773070318118
"878" 870 1.09607936193834 1.89819196611447 1.32794241142259
"879" 871 1.09619267618645 1.89867734283129 1.32815391000292
"880" 872 1.09630106482736 1.89922495053208 1.32836519937011
"881" 873 1.09640145513673 1.8997405515694 1.3285762799707
"882" 874 1.0965192374297 1.90025200015653 1.32878715224972
"883" 875 1.09662251666596 1.90074197950619 1.32899781665081
"884" 876 1.09672916954556 1.90127580400305 1.32920827361608
"885" 877 1.09684711388593 1.90178707364166 1.32941852358627
"886" 878 1.09696744206535 1.90229818965363 1.32962856700061
"887" 879 1.09707955516121 1.90283104780498 1.32983840429699
"888" 880 1.09719455041359 1.90336163056813 1.33004803591178
"889" 881 1.09730594389294 1.90385407380465 1.33025746227997
"890" 882 1.09742377438079 1.90441740601452 1.33046668383519
"891" 883 1.09753813814485 1.90490902628115 1.33067570100957
"892" 884 1.09765086206003 1.90541748766739 1.3308845142339
"893" 885 1.09777174660124 1.90596594516121 1.33109312393756
"894" 886 1.09787692004784 1.9065001540013 1.33130153054853
"895" 887 1.09798092384601 1.90701791496827 1.33150973449345
"896" 888 1.09808472374893 1.90750335432538 1.33171773619754
"897" 889 1.09820586848515 1.90802598720217 1.33192553608465
"898" 890 1.09831479007355 1.90851607632578 1.33213313457733
"899" 891 1.09842139345159 1.90900694518842 1.33234053209667
"900" 892 1.098525629416 1.90950058004926 1.33254772906247
"901" 893 1.0986303181885 1.91000370316666 1.33275472589321
"902" 894 1.09874079943347 1.91050547841204 1.33296152300597
"903" 895 1.09885188105206 1.91102845942284 1.33316812081651
"904" 896 1.09895872954318 1.91156664864946 1.3333745197393
"905" 897 1.09906406759219 1.91210593825559 1.33358072018744
"906" 898 1.09915734732411 1.91264554711414 1.33378672257275
"907" 899 1.09926768296956 1.9131785437081 1.33399252730568
"908" 900 1.09936803067365 1.91364990196173 1.33419813479545
"909" 901 1.0994784424747 1.91411844508859 1.33440354544991
"910" 902 1.09959759431525 1.91462753458078 1.33460875967567
"911" 903 1.09970718010462 1.91512490018356 1.33481377787804
"912" 904 1.09980728659897 1.91561904220576 1.33501860046101
"913" 905 1.09992421363247 1.91607259443267 1.3352232278273
"914" 906 1.10004149392716 1.9165351329099 1.33542766037841
"915" 907 1.10014302049843 1.91697394211211 1.33563189851452
"916" 908 1.10025590124572 1.91745438536052 1.33583594263457
"917" 909 1.10036761891243 1.91795730441434 1.33603979313621
"918" 910 1.10047949804028 1.91846489006784 1.33624345041589
"919" 911 1.1005915456937 1.91898703179801 1.33644691486877
"920" 912 1.10068606789226 1.9194907349298 1.33665018688879
"921" 913 1.10081276645193 1.91999383808238 1.33685326686866
"922" 914 1.10092579937473 1.92049435083564 1.33705615519985
"923" 915 1.10103857178158 1.92100756246725 1.33725885227259
"924" 916 1.10114732678622 1.92152621997187 1.33746135847594
"925" 917 1.101240889272 1.92206592903383 1.33766367419768
"926" 918 1.10134411929374 1.92259274053056 1.33786579982442
"927" 919 1.10144769901984 1.92308454338925 1.33806773574156
"928" 920 1.10155855075314 1.92357595623434 1.33826948233328
"929" 921 1.10166797559797 1.92406606535206 1.33847103998261
"930" 922 1.10177631184444 1.92455304761341 1.33867240907133
"931" 923 1.10188371527955 1.92503863933922 1.33887358998007
"932" 924 1.1019858387058 1.92552384560266 1.33907458308833
"933" 925 1.10208727874451 1.92600933589997 1.3392753887743
"934" 926 1.10219057952826 1.92654250717165 1.33947600741516
"935" 927 1.10229884672916 1.92703733208276 1.3396764393868
"936" 928 1.10239808277888 1.92755209663663 1.33987668506404
"937" 929 1.10250075341436 1.92808101959336 1.34007674482044
"938" 930 1.10259563484125 1.92860263326237 1.34027661902853
"939" 931 1.10269756885609 1.92909683262755 1.3404763080596
"940" 932 1.10280980595544 1.92961048815238 1.34067581228386
"941" 933 1.10292015058648 1.93012118498467 1.34087513207036
"942" 934 1.10303284694581 1.93060489079652 1.34107426778699
"943" 935 1.10313708009413 1.93113482172263 1.34127321980058
"944" 936 1.10323850450907 1.93159743574268 1.34147198847677
"945" 937 1.10333484729022 1.93211598378919 1.34167057418011
"946" 938 1.10344125942263 1.93258023294514 1.34186897727405
"947" 939 1.10354626832657 1.93303278320308 1.3420671981209
"948" 940 1.10365547733796 1.93348347627819 1.34226523708192
"949" 941 1.10376247241687 1.93394300943295 1.34246309451721
"950" 942 1.10387024972953 1.93443466608943 1.34266077078583
"951" 943 1.10396712482318 1.93495048203525 1.34285826624568
"952" 944 1.10406842676834 1.93546863300579 1.34305558125365
"953" 945 1.10417484285468 1.93592676619592 1.34325271616549
"954" 946 1.10427972044406 1.93640209515973 1.34344967133592
"955" 947 1.10438563151281 1.93689151026373 1.34364644711853
"956" 948 1.1044883354746 1.93738342025351 1.34384304386592
"957" 949 1.1045922764323 1.93784169391356 1.34403946192955
"958" 950 1.10468763899186 1.93831537796795 1.34423570165989
"959" 951 1.10478713824694 1.93880379299023 1.34443176340626
"960" 952 1.10488653611365 1.93934139982257 1.34462764751705
"961" 953 1.10498262124258 1.93983329852307 1.34482335433947
"962" 954 1.10508978409499 1.94034630430115 1.34501888421983
"963" 955 1.10519623400366 1.9408340567731 1.34521423750328
"964" 956 1.10529120926164 1.94131539263965 1.34540941453399
"965" 957 1.10540083444156 1.94183152280506 1.34560441565509
"966" 958 1.10549683490993 1.94237081909143 1.34579924120874
"967" 959 1.10559855661104 1.94289719455589 1.34599389153598
"968" 960 1.10569920369095 1.94341293147503 1.34618836697689
"969" 961 1.10579714182761 1.94392783194173 1.34638266787053
"970" 962 1.10589294131831 1.94444202040044 1.34657679455497
"971" 963 1.10599218743536 1.94494764306074 1.34677074736719
"972" 964 1.1060922760681 1.94545239665088 1.34696452664329
"973" 965 1.10619831388559 1.94589562038175 1.3471581327183
"974" 966 1.10629949226791 1.94632828889394 1.34735156592628
"975" 967 1.10640218387387 1.94676061472855 1.34754482660025
"976" 968 1.10649991680413 1.94721872547224 1.34773791507231
"977" 969 1.10660444084608 1.94771121901543 1.34793083167358
"978" 970 1.1067172995213 1.94818250379721 1.34812357673415
"979" 971 1.10682276629671 1.94864101631576 1.34831615058317
"980" 972 1.1069268869012 1.94913137280719 1.34850855354882
"981" 973 1.10702741941441 1.9495805117339 1.34870078595828
"982" 974 1.10712566181235 1.95009198175221 1.34889284813783
"983" 975 1.10722748089313 1.95054691885114 1.34908474041276
"984" 976 1.10733961886934 1.95100005604735 1.34927646310737
"985" 977 1.10744999686683 1.95147209535412 1.34946801654508
"986" 978 1.10754406953885 1.95196261941344 1.34965940104828
"987" 979 1.10765716986061 1.95242269331253 1.3498506169385
"988" 980 1.10775901070252 1.95290149740282 1.3500416645363
"989" 981 1.10786420700884 1.95339537531202 1.35023254416128
"990" 982 1.10796468483728 1.95390856328573 1.35042325613212
"991" 983 1.10805650812896 1.95437858740731 1.35061380076657
"992" 984 1.10814946865936 1.95483276787602 1.35080417838152
"993" 985 1.10825079337033 1.95532516281611 1.3509943892928
"994" 986 1.10835394108729 1.95582565962086 1.35118443381544
"995" 987 1.10846060671467 1.95629266725295 1.35137431226355
"996" 988 1.10857108271757 1.95674451728883 1.35156402495026
"997" 989 1.10866777127849 1.95720974002619 1.35175357218782
"998" 990 1.10875501979739 1.95771738616483 1.35194295428763
"999" 991 1.10886023892669 1.95818213700813 1.35213217156013
"1000" 992 1.10896544251226 1.95862788782881 1.35232122431491
"1001" 993 1.10907054634102 1.95910726013252 1.35251011286059
"1002" 994 1.10917555060792 1.9595787247527 1.35269883750499
"1003" 995 1.10928045550728 1.96010349680893 1.35288739855499
"1004" 996 1.10938526123286 1.96059740337112 1.35307579631661
"1005" 997 1.10949704920663 1.96105522622278 1.35326403109498
"1006" 998 1.10959544679169 1.96155325951429 1.35345210319436
"1007" 999 1.10969877043371 1.96202634461255 1.35364001291814
"1008" 1000 1.10979892388627 1.96252170264885 1.35382776056883
