"T" "IC_low" "IC_up" "x_ML"
"1" 1.1 0.769166864893148 0.789242734711613 0.778169772995714
"2" 1.2 0.778151032697963 0.803800966293112 0.789673222728341
"3" 1.3 0.786657974806003 0.817363784564408 0.800467493165675
"4" 1.4 0.794747185427549 0.830064210937626 0.810646146097008
"5" 1.5 0.802454014700036 0.842027451936726 0.820284734211525
"6" 1.6 0.809850877802293 0.853332467810305 0.829445216810851
"7" 1.7 0.816935674386861 0.864048989386994 0.838179088401265
"8" 1.8 0.823738100615502 0.87426981297356 0.846529648086564
"9" 1.9 0.830297593905289 0.884021007229098 0.854533679784455
"10" 2 0.836617070342137 0.893353644854388 0.862222718826473
"11" 3 0.890392722939546 0.970164777175065 0.926417662217245
"12" 4 0.93272005683688 1.0285846274314 0.975865335380786
"13" 5 0.967788530983532 1.07671697030808 1.01661690552895
"14" 6 0.998000889319466 1.11815600591765 1.05155544325515
"15" 7 1.02450669198963 1.15484713906875 1.08229982527462
"16" 8 1.04825707012184 1.18804489060128 1.10985753868815
"17" 9 1.06981893739969 1.21853949913291 1.1349017479523
"18" 10 1.08960329217769 1.24678269544703 1.15790635028672
"19" 11 1.10784643977093 1.27346091489031 1.17921860886695
"20" 12 1.1247265232621 1.29847285430656 1.19910121003402
"21" 13 1.1403983910359 1.32228883452774 1.21775806332441
"22" 14 1.15522788843226 1.34507802477819 1.23535088124908
"23" 15 1.16917541887537 1.36692168419222 1.25201024932986
"24" 16 1.18227860435563 1.38770848469545 1.26784325823185
"25" 17 1.19471784159367 1.40766155609014 1.28293891123271
"26" 18 1.20663692305182 1.42702641199763 1.29737204664892
"27" 19 1.21800946379063 1.44575096943214 1.31120624192743
"28" 20 1.22882169778464 1.46387918958969 1.32449600284123
"29" 21 1.23921479771488 1.48162567002801 1.33728844031131
"30" 22 1.24920750849545 1.49879287240023 1.34962457318928
"31" 23 1.25884959272547 1.51555824251089 1.36154035345781
"32" 24 1.26806882015572 1.53175503476288 1.37306748236045
"33" 25 1.27695008206997 1.54762637500132 1.38423406693965
"34" 26 1.28560414888806 1.56322581484767 1.39506515326031
"35" 27 1.29395103558282 1.57831758590766 1.40558316328446
"36" 28 1.30209315542591 1.59310493439118 1.41580825569482
"37" 29 1.30987976437405 1.60765452758189 1.42575862612334
"38" 30 1.31742150312853 1.62192617682109 1.43545075867948
"39" 31 1.32475878981356 1.63584175154398 1.44489963802284
"40" 32 1.33197575821571 1.64942311016978 1.45411892923105
"41" 33 1.33889497071727 1.66281151004192 1.46312113119775
"42" 34 1.34571073544255 1.67610726930492 1.47191770813352
"43" 35 1.35237117775383 1.68905054917928 1.4805192028417
"44" 36 1.35873526898075 1.70184900905002 1.48893533473953
"45" 37 1.36508675272445 1.71450940080183 1.49717508504187
"46" 38 1.37120786326747 1.72677578062997 1.50524677108759
"47" 39 1.37715898998685 1.73897758040551 1.51315811143964
"48" 40 1.38301380253855 1.75091701804678 1.52091628310922
"49" 41 1.38868362317478 1.76278227975061 1.52852797202869
"50" 42 1.39433484832303 1.774507382737 1.53599941771365
"51" 43 1.39980096091966 1.78600466575419 1.54333645290455
"52" 44 1.40517148468136 1.7973238649688 1.55054453885508
"53" 45 1.41043207143405 1.80850167452373 1.55762879683267
"54" 46 1.41555958673047 1.819615126493 1.56459403631226
"55" 47 1.42070173663567 1.83065425533481 1.5714447802744
"56" 48 1.42575264918565 1.84149212509547 1.57818528795978
"57" 49 1.4306845044597 1.85209458586706 1.58481957538346
"58" 50 1.43550013806209 1.86255468920994 1.5913514338701
"59" 51 1.44019839347884 1.8728745855117 1.59778444683672
"60" 52 1.44482625369622 1.88318758081334 1.60412200501957
"61" 53 1.44931923147394 1.89335742730647 1.61036732031624
"62" 54 1.4537675593071 1.9035292017451 1.61652343839268
"63" 55 1.45813693517461 1.91361885418261 1.62259325018586
"64" 56 1.46253033013832 1.9233423842163 1.62857950241714
"65" 57 1.46682736587684 1.93312451114304 1.63448480721739
"66" 58 1.47095753296582 1.94273257295324 1.6403116509532
"67" 59 1.47502808041275 1.95216873274813 1.64606240233287
"68" 60 1.47909111356235 1.96176750022684 1.65173931986227
"69" 61 1.48306240944257 1.97111946626461 1.65734455871251
"70" 62 1.48697279081398 1.98029372729941 1.66288017705468
"71" 63 1.49084197760287 1.98951492729526 1.66834814191092
"72" 64 1.4946971739022 1.99846885164094 1.67375033456578
"73" 65 1.49847627312828 2.00755120174325 1.67908855557721
"74" 66 1.5022234140658 2.01644932094954 1.68436452942252
"75" 67 1.50585461458642 2.02518864424554 1.689579908811
"76" 68 1.50949489848147 2.03380931494152 1.69473627869162
"77" 69 1.51301204501931 2.04244993217978 1.69983515998169
"78" 70 1.51653287205516 2.05108141528157 1.70487801303945
"79" 71 1.51989353881934 2.05962047063604 1.70986624090169
"80" 72 1.52335629875618 2.06816036571671 1.71480119230536
"81" 73 1.52672198046478 2.07664001553642 1.71968416451035
"82" 74 1.53001480455933 2.08483737034303 1.72451640593901
"83" 75 1.53333569329504 2.09312117510125 1.72929911864668
"84" 76 1.53656915163162 2.10135395154055 1.73403346063614
"85" 77 1.53988147588598 2.10957781193905 1.73872054802771
"86" 78 1.54308896379259 2.11755534179298 1.74336145709581
"87" 79 1.54626200971032 2.12543828032443 1.7479572261817
"88" 80 1.54944742552928 2.13334616325371 1.75250885749156
"89" 81 1.5525123507492 2.14128594712957 1.75701731878797
"90" 82 1.55557704017033 2.14911160631648 1.76148354498235
"91" 83 1.55859424606166 2.15703863067394 1.76590843963545
"92" 84 1.56161476890986 2.16474776929191 1.77029287637204
"93" 85 1.56459703195444 2.17247171356911 1.77463770021576
"94" 86 1.56761588535729 2.18005058510275 1.77894372884957
"95" 87 1.57061718488078 2.18758764332082 1.78321175380662
"96" 88 1.57345121789433 2.19511713611008 1.78744254159627
"97" 89 1.57628598789917 2.20261873390596 1.79163683476943
"98" 90 1.57908986587918 2.21001912857289 1.79579535292706
"99" 91 1.58187045573812 2.21734673552538 1.79991879367564
"100" 92 1.58462607044168 2.22478862568148 1.80400783353277
"101" 93 1.58739645533883 2.23213909266077 1.80806312878605
"102" 94 1.59012737678018 2.23957017264818 1.81208531630828
"103" 95 1.59280850453028 2.24676458654994 1.81607501433135
"104" 96 1.59541522198145 2.25391456567805 1.82003282318166
"105" 97 1.59799011165842 2.26095943903433 1.82395932597908
"106" 98 1.60055819393118 2.26815872437879 1.82785508930177
"107" 99 1.60318725242582 2.27506773321674 1.83172066381881
"108" 100 1.60569098033473 2.28193263271106 1.83555658489254
"109" 101 1.60819668830235 2.28884151423879 1.83936337315224
"110" 102 1.6106708259049 2.29580698298585 1.84314153504098
"111" 103 1.61319864741403 2.30264794298109 1.84689156333691
"112" 104 1.61563943050929 2.30954570901074 1.85061393765063
"113" 105 1.61805609456044 2.31639276364935 1.85430912489981
"114" 106 1.62044666562902 2.32331896689818 1.85797757976239
"115" 107 1.62284082315369 2.33001768124816 1.86161974510947
"116" 108 1.62526670743843 2.33673213329541 1.86523605241898
"117" 109 1.62763258695793 2.34347099689407 1.86882692217128
"118" 110 1.629964358742 2.35006675837888 1.87239276422736
"119" 111 1.63225713259588 2.35657215845694 1.87593397819089
"120" 112 1.6345388914024 2.36286168040741 1.87945095375469
"121" 113 1.63683279007989 2.36932637182179 1.88294407103253
"122" 114 1.6391246506855 2.37574595570418 1.88641370087702
"123" 115 1.64137762466993 2.38221482343597 1.88986020518427
"124" 116 1.64358698541556 2.38859250547382 1.89328393718591
"125" 117 1.64581834857998 2.39485326037554 1.89668524172925
"126" 118 1.64799440970589 2.40129706953672 1.900064455546
"127" 119 1.65016190124034 2.4074867624808 1.9034219075102
"128" 120 1.65235447029039 2.41378619002353 1.90675791888592
"129" 121 1.65449173918648 2.41982526574816 1.91007280356502
"130" 122 1.6566016677205 2.42590306172532 1.91336686829574
"131" 123 1.65877329222869 2.43214481290888 1.91664041290231
"132" 124 1.66081981403614 2.43832384079102 1.91989373049608
"133" 125 1.66294632323922 2.44451803664884 1.92312710767858
"134" 126 1.66506679965931 2.45074667632684 1.92634082473686
"135" 127 1.66713505292055 2.45677163805656 1.92953515583155
"136" 128 1.66915976347837 2.46264899885728 1.9327103691777
"137" 129 1.67119971322078 2.46864066308482 1.93586672721912
"138" 130 1.67321617300223 2.47450320648853 1.93900448679617
"139" 131 1.67514853896182 2.48049783928956 1.94212389930746
"140" 132 1.6771792913686 2.48614712322091 1.94522521086571
"141" 133 1.67910469638165 2.49205224426814 1.94830866244797
"142" 134 1.68098479486969 2.49794179610625 1.95137449004049
"143" 135 1.68294158722217 2.50372559921639 1.95442292477846
"144" 136 1.68492291749735 2.5096718025856 1.95745419308079
"145" 137 1.68684191215478 2.51556712025992 1.9604685167803
"146" 138 1.68875938546594 2.52127231138704 1.96346611324926
"147" 139 1.69063352453418 2.5270277920513 1.96644719552065
"148" 140 1.69253146980349 2.5327672296087 1.96941197240537
"149" 141 1.69435193396086 2.5385165171464 1.97236064860532
"150" 142 1.6962087984036 2.54411842151408 1.97529342482283
"151" 143 1.69806328450354 2.54980895512901 1.97821049786626
"152" 144 1.69990783213307 2.55553251723352 1.98111206075223
"153" 145 1.70173811415027 2.56100701922318 1.98399830280444
"154" 146 1.70360233378649 2.5667484841357 1.98686940974922
"155" 147 1.70540752355716 2.57234732911225 1.98972556380801
"156" 148 1.7072120964756 2.57769655172646 1.99256694378681
"157" 149 1.70902241617236 2.58321889532745 1.99539372516281
"158" 150 1.71077377420561 2.58872302953133 1.99820608016819
"159" 151 1.71257497969214 2.59418625468695 2.0010041778714
"160" 152 1.71437916355275 2.5996834797907 2.00378818425566
"161" 153 1.71610504118361 2.60513253935335 2.00655826229527
"162" 154 1.71787289534669 2.61046062692935 2.00931457202931
"163" 155 1.71958154330888 2.61587239886641 2.01205727063325
"164" 156 1.72128463645891 2.62128596147398 2.01478651248824
"165" 157 1.72298942961255 2.6267194549486 2.01750244924839
"166" 158 1.7246420593875 2.6321828390188 2.0202052299059
"167" 159 1.72633226574616 2.63731696950267 2.02289500085434
"168" 160 1.72799264616583 2.6425858462116 2.02557190595
"169" 161 1.7296063382098 2.64784668149718 2.02823608657139
"170" 162 1.73121995529829 2.65318269028083 2.03088768167699
"171" 163 1.73289063852361 2.65817048241506 2.03352682786139
"172" 164 1.73450914801453 2.66349872607688 2.03615365940964
"173" 165 1.73603503252626 2.66869071025346 2.03876830835018
"174" 166 1.73760941531946 2.6739179552242 2.04137090450615
"175" 167 1.73919120599726 2.67912581372746 2.04396157554525
"176" 168 1.74076592179217 2.68417313067214 2.04654044702821
"177" 169 1.74231899834697 2.68929285515644 2.04910764245589
"178" 170 1.743824890797 2.69424309840436 2.05166328331494
"179" 171 1.7454599339965 2.69925873228945 2.05420748912241
"180" 172 1.74702271434115 2.70425230762644 2.0567403774689
"181" 173 1.74859324541763 2.70917282313533 2.05926206406063
"182" 174 1.75014730843331 2.71431426794582 2.06177266276033
"183" 175 1.75172137193798 2.71934405384245 2.06427228562704
"184" 176 1.75322698150822 2.72435907711667 2.06676104295475
"185" 177 1.75475868130028 2.72923524763498 2.06923904331011
"186" 178 1.75623602961503 2.73413363236622 2.07170639356905
"187" 179 1.75776046867413 2.73911371391993 2.0741631989524
"188" 180 1.75928404022202 2.74397124734001 2.07660956306065
"189" 181 1.76077361233136 2.74883501858376 2.07904558790774
"190" 182 1.76232506695336 2.75380360237644 2.08147137395399
"191" 183 1.76376557545721 2.75872289372718 2.08388702013805
"192" 184 1.76522254009491 2.76346562392271 2.08629262390827
"193" 185 1.76668888595024 2.76834654542055 2.08868828125301
"194" 186 1.76820823612822 2.77306638076342 2.09107408673028
"195" 187 1.76963974736951 2.77769255375048 2.09345013349664
"196" 188 1.77112024961485 2.78247324628905 2.09581651333535
"197" 189 1.77258255770919 2.78704957590593 2.09817331668376
"198" 190 1.77397004977154 2.7916157046363 2.10052063266005
"199" 191 1.77541384102065 2.79637621174283 2.10285854908935
"200" 192 1.77681557153333 2.80100856274758 2.10518715252911
"201" 193 1.77825704618474 2.80573785972284 2.10750652829391
"202" 194 1.77962488115584 2.81050689470101 2.10981676047964
"203" 195 1.78102255102658 2.8151010208111 2.11211793198709
"204" 196 1.78238625151627 2.81993968659196 2.11441012454497
"205" 197 1.78379887234328 2.82445046210693 2.11669341873236
"206" 198 1.78515906157519 2.82899055187721 2.11896789400059
"207" 199 1.78646620777294 2.83376226586085 2.12123362869472
"208" 200 1.78781061105243 2.83835191561326 2.12349070007428
"209" 201 1.78916781746066 2.84298560644381 2.12573918433381
"210" 202 1.79054547925074 2.84746490238989 2.1279791566226
"211" 203 1.79189753199664 2.85198261795267 2.13021069106428
"212" 204 1.79321226661252 2.85652645438057 2.13243386077562
"213" 205 1.79457301069666 2.86100936053868 2.13464873788522
"214" 206 1.79588436777583 2.86545485089417 2.13685539355154
"215" 207 1.79725572237634 2.86991634614917 2.13905389798058
"216" 208 1.79857509071812 2.87448612075699 2.14124432044317
"217" 209 1.79986870030001 2.87917222037752 2.14342672929188
"218" 210 1.80113588051165 2.88369734256738 2.14560119197749
"219" 211 1.80240043543952 2.88822769154666 2.14776777506513
"220" 212 1.80365154017713 2.89271728594553 2.14992654425004
"221" 213 1.8049563093014 2.8971943370239 2.15207756437297
"222" 214 1.80625914421124 2.90149826035634 2.15422089943527
"223" 215 1.80755966901946 2.90594487399612 2.15635661261362
"224" 216 1.80885308893466 2.91022952963732 2.15848476627441
"225" 217 1.81013645174089 2.91461121256054 2.16060542198785
"226" 218 1.81134705672491 2.91901290975661 2.16271864054173
"227" 219 1.81255380481251 2.92336176297751 2.16482448195494
"228" 220 1.8137425563972 2.92783568071696 2.16692300549061
"229" 221 1.81497642940991 2.93217948972308 2.16901426966905
"230" 222 1.81622025610264 2.93642932710463 2.17109833228037
"231" 223 1.8174804456191 2.94074615740587 2.17317525039676
"232" 224 1.81870502446229 2.94502778399118 2.17524508038472
"233" 225 1.81994378760256 2.94937251611055 2.17730787791679
"234" 226 1.82114115163771 2.9536069382123 2.17936369798313
"235" 227 1.82232666936158 2.9577641202645 2.18141259490292
"236" 228 1.82358327614936 2.9620514903354 2.18345462233546
"237" 229 1.82479165073738 2.96645489985227 2.18548983329096
"238" 230 1.82597157312964 2.97064550559859 2.18751828014128
"239" 231 1.82718879345521 2.97493975540849 2.18954001463032
"240" 232 1.82837825901741 2.97898150073361 2.19155508788422
"241" 233 1.82955158405103 2.98316482716738 2.19356355042136
"242" 234 1.8307627400814 2.98734522956653 2.19556545216217
"243" 235 1.831927319662 2.99154335798688 2.19756084243874
"244" 236 1.83311021847221 2.99579077602156 2.1995497700042
"245" 237 1.83430611165192 2.9999653966507 2.20153228304195
"246" 238 1.83545812519988 3.00407743011039 2.2035084291747
"247" 239 1.83662387727658 3.00825284473828 2.20547825547329
"248" 240 1.83775991665525 3.01239464571491 2.20744180846535
"249" 241 1.83889894403965 3.01656996023475 2.2093991341439
"250" 242 1.84003992688765 3.02075959644146 2.21135027797556
"251" 243 1.8411547504672 3.02479486493346 2.21329528490879
"252" 244 1.84226715588458 3.02890669997738 2.21523419938189
"253" 245 1.84344853521241 3.03301751633451 2.21716706533084
"254" 246 1.84457328732522 3.03720910682812 2.21909392619705
"255" 247 1.84568047638153 3.04128146187589 2.22101482493481
"256" 248 1.8468026612526 3.04528579449876 2.22292980401881
"257" 249 1.8478876247963 3.04927396189528 2.22483890545133
"258" 250 1.84897380106943 3.05326598067068 2.22674217076943
"259" 251 1.850111104017 3.05737561506632 2.22863964105188
"260" 252 1.85125373522646 3.06139440721756 2.23053135692603
"261" 253 1.85234521594443 3.06549135081742 2.2324173585746
"262" 254 1.85343561304513 3.06951125467655 2.23429768574217
"263" 255 1.85453259047154 3.07352448974467 2.2361723777418
"264" 256 1.85562272373833 3.07738946346505 2.23804147346127
"265" 257 1.85672362141216 3.08137685961132 2.23990501136937
"266" 258 1.85778352402891 3.08535536475307 2.24176302952202
"267" 259 1.85886051096683 3.089279008811 2.24361556556828
"268" 260 1.85995863896342 3.0932843031618 2.24546265675627
"269" 261 1.86104583843475 3.09732203805409 2.24730433993893
"270" 262 1.86207165527092 3.10110762355986 2.24914065157974
"271" 263 1.86317143935362 3.10484634627457 2.25097162775827
"272" 264 1.86420179347427 3.1088033462501 2.25279730417568
"273" 265 1.86528514110138 3.11277367468687 2.25461771616015
"274" 266 1.86633358304761 3.11661622478768 2.25643289867207
"275" 267 1.86733028850297 3.12046838433529 2.25824288630933
"276" 268 1.86835277360493 3.12414077878987 2.26004771331237
"277" 269 1.86936551916425 3.12805824800111 2.2618474135692
"278" 270 1.87040435572768 3.13186942683046 2.26364202062034
"279" 271 1.8714276722213 3.13570512190532 2.26543156766361
"280" 272 1.87246675521237 3.13967416692892 2.26721608755897
"281" 273 1.87351777955473 3.14368081098148 2.26899561283304
"282" 274 1.87455599704191 3.14735771036818 2.27077017568387
"283" 275 1.87557300833883 3.15111494875767 2.27253980798529
"284" 276 1.87657743925343 3.1550163932939 2.27430454129141
"285" 277 1.87751969454501 3.15891361226795 2.27606440684099
"286" 278 1.87849408478288 3.16270234982265 2.27781943556168
"287" 279 1.87949397955918 3.16635099549606 2.27956965807422
"288" 280 1.88047951558261 3.17008422985608 2.28131510469659
"289" 281 1.88149961556293 3.17387038721989 2.28305580544808
"290" 282 1.88247145581206 3.1776904352019 2.28479179005329
"291" 283 1.88349055363862 3.18148159516043 2.28652308794602
"292" 284 1.88453612418518 3.18528208954968 2.28824972827317
"293" 285 1.88553368079125 3.18899056204488 2.28997173989851
"294" 286 1.88647881712461 3.19270559611943 2.29168915140639
"295" 287 1.88746159359588 3.19631769395205 2.2934019911055
"296" 288 1.88847845461846 3.19988058142271 2.29511028703239
"297" 289 1.88939297641473 3.20353558880271 2.29681406695507
"298" 290 1.89037361531396 3.2070891980169 2.29851335837641
"299" 291 1.89132121262037 3.21082936800586 2.30020818853775
"300" 292 1.89233290583775 3.21447671384265 2.30189858442214
"301" 293 1.8933316524591 3.21809571293923 2.30358457275764
"302" 294 1.89434195607409 3.22192901702469 2.30526618002074
"303" 295 1.89529219216466 3.22543037567859 2.30694343243941
"304" 296 1.89625136150141 3.22916759327104 2.30861635599641
"305" 297 1.89722309317187 3.23287102079698 2.31028497643225
"306" 298 1.89816084466254 3.23657970243731 2.3119493192484
"307" 299 1.8990810364663 3.24017991002273 2.31360940971023
"308" 300 1.90001127463907 3.24375298973713 2.31526527284997
"309" 301 1.90094847482346 3.24729916382851 2.31691693346966
"310" 302 1.9018864455181 3.25089929655057 2.31856441614401
"311" 303 1.9028202796603 3.25458736729266 2.32020774522323
"312" 304 1.90375600733043 3.25814840654916 2.32184694483579
"313" 305 1.90471863840087 3.26171030985108 2.32348203889125
"314" 306 1.90564291427387 3.26510985535377 2.32511305108285
"315" 307 1.90658512205739 3.26864161359917 2.32674000489021
"316" 308 1.90747365028112 3.27202377606167 2.32836292358193
"317" 309 1.90835953415815 3.27558399736325 2.32998183021821
"318" 310 1.90924756422958 3.27920370398245 2.33159674765333
"319" 311 1.91020169953021 3.28257533514829 2.33320769853817
"320" 312 1.91109846303667 3.2861234922751 2.33481470532271
"321" 313 1.91198694763162 3.28960225305558 2.33641779025832
"322" 314 1.91291858790947 3.29310736975458 2.33801697540034
"323" 315 1.91380896154013 3.29664788859275 2.33961228261019
"324" 316 1.91468036727897 3.30007877399828 2.34120373355793
"325" 317 1.91557540394921 3.30346910599253 2.34279134972434
"326" 318 1.91646589248721 3.30692728824689 2.34437515240327
"327" 319 1.9174165218259 3.31034781739592 2.34595516270381
"328" 320 1.91833525979022 3.31384468223228 2.34753140155247
"329" 321 1.91926079219439 3.31734515130393 2.34910388969534
"330" 322 1.92013305957172 3.3208326864274 2.35067264770021
"331" 323 1.92095361460935 3.32427406939018 2.35223769595856
"332" 324 1.92181214006182 3.32784000861784 2.35379905468776
"333" 325 1.92269931047883 3.33132430517673 2.35535674393297
"334" 326 1.92360174991157 3.33475619656933 2.35691078356921
"335" 327 1.9244955316615 3.33813713867964 2.35846119330327
"336" 328 1.92536223560611 3.34159589164738 2.36000799267561
"337" 329 1.92623103385112 3.34483350179482 2.3615512010624
"338" 330 1.92705667643842 3.34829187866673 2.36309083767725
"339" 331 1.92795012123156 3.35158527376717 2.36462692157317
"340" 332 1.92877065523608 3.35512794868728 2.36615947164425
"341" 333 1.92961622215414 3.35844973434251 2.36768850662768
"342" 334 1.93049558996893 3.36177073397701 2.36921404510533
"343" 335 1.93134574109759 3.36502998383419 2.37073610550555
"344" 336 1.93222733680588 3.36857447821474 2.37225470610494
"345" 337 1.9330465069804 3.37205458601951 2.37376986502997
"346" 338 1.93390327042023 3.37549813856645 2.37528160025875
"347" 339 1.93477071928696 3.37881039147431 2.3767899296226
"348" 340 1.93562078869799 3.38198191833953 2.37829487080769
"349" 341 1.93639351665201 3.38541239788282 2.37979644135668
"350" 342 1.93721161037214 3.38872193356777 2.38129465867028
"351" 343 1.93805410022943 3.39193491912092 2.38278954000876
"352" 344 1.93887176611707 3.39523654571319 2.38428110249362
"353" 345 1.93968597197395 3.39880083147785 2.38576936310895
"354" 346 1.94051477243717 3.40203580432113 2.38725433870307
"355" 347 1.94134132852206 3.40527671924614 2.38873604598988
"356" 348 1.94218578567635 3.40872603255857 2.39021450155036
"357" 349 1.94298330022489 3.41189408950421 2.3916897218341
"358" 350 1.94378641810376 3.41520577160986 2.39316172316056
"359" 351 1.9445912330631 3.41837504253659 2.39463052172055
"360" 352 1.94542142954748 3.42169708607917 2.3960961335776
"361" 353 1.9462453081509 3.42505054811274 2.39755857466934
"362" 354 1.9470391183872 3.42830412662851 2.39901786080882
"363" 355 1.94784666363962 3.43154784343467 2.40047400768575
"364" 356 1.94866856137057 3.43482221652936 2.40192703086798
"365" 357 1.94950895348614 3.4381363531796 2.40337694580264
"366" 358 1.95031388936721 3.44127402081905 2.4048237678175
"367" 359 1.95113095212221 3.44478736519187 2.40626751212213
"368" 360 1.95193944255392 3.44808884883486 2.40770819380922
"369" 361 1.9527697535735 3.45138776981966 2.4091458278558
"370" 362 1.95357333920716 3.45453787231929 2.41058042912438
"371" 363 1.95440561371162 3.45783226681843 2.41201201236418
"372" 364 1.95520011542884 3.46095997714683 2.41344059221233
"373" 365 1.9559939493348 3.46410201783107 2.41486618319494
"374" 366 1.95674356589024 3.46723484834065 2.41628879972837
"375" 367 1.95750974858286 3.47058821534112 2.41770845612023
"376" 368 1.95829878509396 3.47348574820909 2.4191251665706
"377" 369 1.95905757936225 3.47666240426426 2.42053894517298
"378" 370 1.95981580748398 3.47969042131393 2.4219498059156
"379" 371 1.96058029182876 3.48271682077953 2.42335776268229
"380" 372 1.96133904079132 3.48583816361081 2.42476282925363
"381" 373 1.9621173755774 3.488881879592 2.42616501930798
"382" 374 1.96292319228913 3.49218970605888 2.42756434642246
"383" 375 1.96371038435856 3.49518112864278 2.42896082407409
"384" 376 1.96448679632789 3.49849520602953 2.43035446564063
"385" 377 1.96525343695192 3.50154086606966 2.43174528440174
"386" 378 1.96602111285052 3.50466151347597 2.4331332935398
"387" 379 1.96675987889266 3.50778800400929 2.434518506141
"388" 380 1.96749660310496 3.51062021823698 2.43590093519623
"389" 381 1.96825248296544 3.51383497284643 2.43728059360206
"390" 382 1.96898750021472 3.51722437228299 2.43865749416159
"391" 383 1.96974852601147 3.52054800797031 2.44003164958551
"392" 384 1.97048331971353 3.52373588522555 2.44140307249288
"393" 385 1.97122861353256 3.52680223314736 2.44277177541208
"394" 386 1.97197599582392 3.52989373710359 2.44413777078166
"395" 387 1.97273545382244 3.53309085213701 2.44550107095129
"396" 388 1.97346689194038 3.53608494736651 2.44686168818257
"397" 389 1.97418937122963 3.53908312037713 2.44821963464987
"398" 390 1.97493552716133 3.54213659965333 2.44957492244118
"399" 391 1.97566490445132 3.5451935677645 2.45092756355897
"400" 392 1.97642351907615 3.54828103263377 2.45227756992104
"401" 393 1.97717477431606 3.55136370171281 2.4536249533612
"402" 394 1.97791038600786 3.55429800344733 2.45496972563025
"403" 395 1.97864658149039 3.55726861827288 2.45631189839661
"404" 396 1.97937330297664 3.56025547314914 2.45765148324722
"405" 397 1.98011141389513 3.56313208806864 2.45898849168829
"406" 398 1.98086432818194 3.5663084244741 2.46032293514599
"407" 399 1.98157132783485 3.56939538236556 2.4616548249673
"408" 400 1.98229641783968 3.57260794638739 2.4629841724207
"409" 401 1.983067161483 3.57552857238167 2.46431098869697
"410" 402 1.98376015210092 3.57838339723902 2.46563528490977
"411" 403 1.984451307069 3.58155953149673 2.46695707209657
"412" 404 1.98517559417466 3.58454085899403 2.46827636121921
"413" 405 1.98590115076966 3.58763116700197 2.46959316316463
"414" 406 1.98659099313414 3.59067750785616 2.47090748874567
"415" 407 1.9873098765441 3.59365064369552 2.47221934870153
"416" 408 1.98801872683128 3.59652560256658 2.47352875369874
"417" 409 1.98868245466386 3.59962325836916 2.47483571433156
"418" 410 1.98938603395613 3.60248838600561 2.47614024112282
"419" 411 1.9901255214743 3.6055251592436 2.4774423445245
"420" 412 1.99083277055479 3.60838228389877 2.47874203491844
"421" 413 1.99157130439554 3.61119607806303 2.48003932261689
"422" 414 1.9922664068957 3.61422798131547 2.48133421786319
"423" 415 1.99298358770666 3.61721616963325 2.48262673083241
"424" 416 1.99366261084684 3.62031534453048 2.48391687163196
"425" 417 1.99434950129146 3.62323567809621 2.48520465030217
"426" 418 1.99502402410544 3.62630063801336 2.48649007681697
"427" 419 1.99572739099021 3.62930362578088 2.48777316108438
"428" 420 1.99645608645132 3.63237927168156 2.48905391294721
"429" 421 1.99719119156072 3.63548704251987 2.49033234218349
"430" 422 1.99785192418492 3.63849767441244 2.49160845850733
"431" 423 1.99851689484165 3.641327571966 2.49288227156913
"432" 424 1.99920298504786 3.64432872496916 2.49415379095642
"433" 425 1.99990413622364 3.64740675485701 2.49542302619433
"434" 426 2.00055396850629 3.650210504975 2.49668998674609
"435" 427 2.00127398722986 3.65312021706655 2.49795468201364
"436" 428 2.00198195402499 3.65602066035255 2.49921712133811
"437" 429 2.00267491762328 3.6589037251075 2.50047731400052
"438" 430 2.00340314568205 3.66174933523759 2.50173526922204
"439" 431 2.00408667120723 3.66451035961961 2.50299099616475
"440" 432 2.00474918579018 3.66734914989218 2.50424450393198
"441" 433 2.00541585178808 3.67026263020166 2.50549580156898
"442" 434 2.00607492039253 3.67309252734994 2.5067448980633
"443" 435 2.00680029874871 3.67605524355183 2.50799180234533
"444" 436 2.00743464567787 3.67874256121665 2.50923652328885
"445" 437 2.00812564689352 3.68156139024215 2.51047906971141
"446" 438 2.00884746875143 3.68438065483321 2.51171945037488
"447" 439 2.0095455711092 3.68712433971803 2.51295767398599
"448" 440 2.01018918021367 3.69002703313451 2.51419374919662
"449" 441 2.01084128652884 3.6927898165848 2.51542768460443
"450" 442 2.0114682393016 3.69558798148768 2.51665948875335
"451" 443 2.01208973096306 3.69865811865342 2.51788917013381
"452" 444 2.01277084709166 3.70147373775903 2.51911673718342
"453" 445 2.01343371802127 3.70424824612523 2.52034219828738
"454" 446 2.01407447902316 3.70736919448051 2.52156556177886
"455" 447 2.01473198581753 3.71046161481211 2.52278683593935
"456" 448 2.01536740475085 3.71333087545941 2.5240060289994
"457" 449 2.01602396565253 3.71599082741109 2.52522314913869
"458" 450 2.01670003878527 3.71875347998009 2.52643820448672
"459" 451 2.01736685976742 3.72157980164518 2.52765120312304
"460" 452 2.0180667356483 3.72470430417652 2.52886215307787
"461" 453 2.01874619574596 3.7274447122194 2.53007106233228
"462" 454 2.01946732826656 3.73021392276032 2.53127793881879
"463" 455 2.02009278196843 3.73310202869801 2.53248279042165
"464" 456 2.02076616352488 3.73591453657162 2.53368562497735
"465" 457 2.02140753262413 3.73879639009666 2.53488645027485
"466" 458 2.02209152355094 3.74172383440883 2.53608527405611
"467" 459 2.02273113475826 3.74460826954636 2.53728210401649
"468" 460 2.02339566673458 3.74744670783382 2.53847694780499
"469" 461 2.02406825552693 3.75027577709144 2.53966981302478
"470" 462 2.02467385741315 3.75289515365128 2.54086070723347
"471" 463 2.02530502696099 3.75560007400242 2.54204963794354
"472" 464 2.02596712717337 3.75825167824933 2.54323661262269
"473" 465 2.02660784942406 3.76090358628075 2.54442163869414
"474" 466 2.02720928177548 3.76374999227477 2.54560472353717
"475" 467 2.02784352610209 3.76653059679936 2.5467858744872
"476" 468 2.02848667857833 3.769153386988 2.5479650988364
"477" 469 2.02914533851825 3.77188223054999 2.54914240383392
"478" 470 2.02977874478843 3.77470458684838 2.55031779668624
"479" 471 2.03040487209741 3.777472254234 2.55149128455745
"480" 472 2.03103638026138 3.78028720235989 2.55266287456982
"481" 473 2.03171383625767 3.78312668339226 2.55383257380378
"482" 474 2.03234129786597 3.78604225900132 2.5550003892986
"483" 475 2.03298285882376 3.78901815259652 2.55616632805248
"484" 476 2.03358174951814 3.79176936939091 2.55733039702295
"485" 477 2.03420547892999 3.79438397191337 2.55849260312721
"486" 478 2.03477308346903 3.79712863704127 2.55965295324245
"487" 479 2.03533704392449 3.79978616892245 2.56081145420614
"488" 480 2.03593706126162 3.80252321647702 2.56196811281632
"489" 481 2.03654551535581 3.80531123441361 2.56312293583204
"490" 482 2.03713701252011 3.80811545852759 2.5642759299734
"491" 483 2.03776881820145 3.81072021317165 2.56542710192217
"492" 484 2.0383868305974 3.81343110111909 2.56657645832183
"493" 485 2.0389941468568 3.8162843967239 2.56772400577807
"494" 486 2.03960871292806 3.81918541574089 2.56886975085885
"495" 487 2.04022387331385 3.82175205817611 2.570013700095
"496" 488 2.04086476200849 3.82457822114814 2.57115585998018
"497" 489 2.0414804289339 3.8272599163575 2.5722962369714
"498" 490 2.04209718318749 3.8301020564644 2.57343483748925
"499" 491 2.04269537499217 3.83274162056744 2.57457166791808
"500" 492 2.0432821916433 3.83551561606133 2.57570673460633
"501" 493 2.04388239196414 3.83823252574858 2.57684004386698
"502" 494 2.04445518246369 3.84101767015206 2.57797160197749
"503" 495 2.04505323790826 3.84370574147675 2.57910141518028
"504" 496 2.04565178403179 3.84647903555078 2.58022948968311
"505" 497 2.04623335189382 3.84907654083691 2.58135583165894
"506" 498 2.04681526541847 3.85163305126362 2.58248044724672
"507" 499 2.04737835208533 3.85432288699384 2.58360334255114
"508" 500 2.04795744731963 3.85681152173228 2.58472452364326
"509" 501 2.04855662390093 3.85947783159692 2.58584399656055
"510" 502 2.04917476286472 3.86222152841215 2.58696176730733
"511" 503 2.04971293981555 3.86486371529767 2.58807784185473
"512" 504 2.0503428952518 3.86736526732115 2.58919222614129
"513" 505 2.051012993054 3.87002794154776 2.59030492607289
"514" 506 2.05158014026295 3.87266879115444 2.59141594752324
"515" 507 2.05215636540836 3.87528566480239 2.59252529633391
"516" 508 2.05277872908565 3.87787978303406 2.59363297831471
"517" 509 2.0533516228697 3.88062358150864 2.59473899924389
"518" 510 2.05395548190178 3.88337880262095 2.59584336486836
"519" 511 2.05452882317149 3.88603192881337 2.59694608090389
"520" 512 2.0550985899759 3.88876492313361 2.59804715303547
"521" 513 2.05568421722359 3.89144939335621 2.59914658691731
"522" 514 2.05624715476668 3.89412624032021 2.60024438817334
"523" 515 2.05686947020705 3.89664631231057 2.60134056239716
"524" 516 2.05741024705371 3.89926296452399 2.6024351151524
"525" 517 2.0579898248617 3.90196268297493 2.60352805197305
"526" 518 2.05853060682447 3.9045171439866 2.60461937836343
"527" 519 2.05913760782205 3.90711338252463 2.60570909979861
"528" 520 2.0597604682126 3.90980815815913 2.60679722172446
"529" 521 2.06033555905109 3.91241695429593 2.60788374955795
"530" 522 2.06092827082292 3.91512984735384 2.60896868868748
"531" 523 2.06150148185681 3.91791964451383 2.61005204447275
"532" 524 2.06207060600939 3.920742358718 2.61113382224538
"533" 525 2.06264376640521 3.92341537495587 2.61221402730873
"534" 526 2.0632207916929 3.92602602993661 2.6132926649384
"535" 527 2.06377927170354 3.92875094927125 2.61436974038221
"536" 528 2.06435243667935 3.93132484275823 2.61544525886058
"537" 529 2.06488965280514 3.93379773996922 2.61651922556656
"538" 530 2.06548202371762 3.93627356978283 2.61759164566619
"539" 531 2.06605509526589 3.93892634175284 2.61866252429845
"540" 532 2.066626162365 3.94156927954714 2.61973186657582
"541" 533 2.06716228038817 3.94420382801693 2.62079967758409
"542" 534 2.06774888811172 3.94672486474807 2.62186596238274
"543" 535 2.06830012041227 3.94902725460543 2.62293072600517
"544" 536 2.06885850176553 3.95153829967192 2.62399397345869
"545" 537 2.06940992441568 3.95413234299449 2.62505570972491
"546" 538 2.06996202317888 3.95680850733021 2.62611593975986
"547" 539 2.07055135332774 3.95959217154134 2.62717466849406
"548" 540 2.07111151162177 3.96222872052441 2.62823190083277
"549" 541 2.07166381578384 3.96461111977465 2.62928764165626
"550" 542 2.07221869373421 3.96712325944272 2.63034189581989
"551" 543 2.07276401363548 3.96977179502149 2.63139466815418
"552" 544 2.07330886924736 3.97221323615944 2.63244596346522
"553" 545 2.07386630906662 3.97460214365538 2.63349578653464
"554" 546 2.07441770145789 3.97705377746065 2.63454414211988
"555" 547 2.07499517335232 3.97948672256858 2.63559103495436
"556" 548 2.07554468597118 3.98221310088245 2.63663646974751
"557" 549 2.07605244305509 3.98492026954947 2.63768045118512
"558" 550 2.07658937333602 3.98741788594545 2.63872298392941
"559" 551 2.07713685191374 3.98969123589749 2.63976407261918
"560" 552 2.07770076523608 3.99229245343846 2.64080372187004
"561" 553 2.07824845157605 3.99474592673899 2.64184193627446
"562" 554 2.07881998228016 3.99712692299003 2.64287872040197
"563" 555 2.0793314767058 3.99950487040236 2.64391407879937
"564" 556 2.0798895287282 4.00199679668486 2.6449480159909
"565" 557 2.08043611057188 4.00455733622355 2.64598053647822
"566" 558 2.08096665192308 4.00714541419193 2.64701164474076
"567" 559 2.0814912677203 4.00948705464131 2.64804134523581
"568" 560 2.08201853296312 4.0120267256482 2.64906964239848
"569" 561 2.08256435322165 4.01431257411284 2.65009654064227
"570" 562 2.08308092688672 4.01661555923807 2.65112204435882
"571" 563 2.08366568715124 4.01897055583913 2.65214615791815
"572" 564 2.08418683217944 4.02152156466092 2.653168885669
"573" 565 2.08469403288111 4.0241032766553 2.65419023193866
"574" 566 2.08518868225422 4.02672150773523 2.65521020103345
"575" 567 2.08569342053878 4.02919465251716 2.65622879723853
"576" 568 2.08618406765119 4.03172700826349 2.6572460248183
"577" 569 2.08669343408235 4.03416671913862 2.65826188801638
"578" 570 2.08721802379278 4.03656333570269 2.65927639105584
"579" 571 2.08773098745561 4.03894778942107 2.66028953813928
"580" 572 2.08823439006487 4.04137860238473 2.66130133344901
"581" 573 2.0887657566438 4.0437390278135 2.66231178114704
"582" 574 2.08932471319102 4.04619467317655 2.66332088537552
"583" 575 2.08985650879288 4.04867040621335 2.66432865025648
"584" 576 2.09037702817842 4.05110869651813 2.66533507989235
"585" 577 2.09088552945592 4.05359901171634 2.66634017836576
"586" 578 2.09144905690995 4.05601545450578 2.66734394973988
"587" 579 2.09199745364909 4.05830206024782 2.66834639805842
"588" 580 2.09256174900339 4.06090278953263 2.66934752734579
"589" 581 2.09307814577622 4.06343646421668 2.67034734160741
"590" 582 2.09360809054548 4.06591177090896 2.67134584482949
"591" 583 2.09409605201685 4.06842703272814 2.67234304097935
"592" 584 2.09456685017282 4.07077580456708 2.67333893400568
"593" 585 2.09506267919689 4.07311045990746 2.67433352783828
"594" 586 2.09559920428686 4.07546297500938 2.67532682638861
"595" 587 2.0961081859562 4.07777403524773 2.67631883354957
"596" 588 2.09663075577522 4.08014956093603 2.6773095531958
"597" 589 2.09712823478041 4.08256804228993 2.67829898918372
"598" 590 2.0976484114328 4.08490019938455 2.67928714535178
"599" 591 2.09814336545883 4.08722700606239 2.68027402552031
"600" 592 2.09867910638051 4.08967624067118 2.68125963349188
"601" 593 2.09925503139856 4.09209496581283 2.68224397305139
"602" 594 2.09979676373247 4.0945692361345 2.68322704796599
"603" 595 2.10034433655575 4.09701933617418 2.68420886198541
"604" 596 2.10088475315123 4.09952034189266 2.68518941884196
"605" 597 2.10137833695243 4.10190995573664 2.68616872225066
"606" 598 2.10186159871412 4.10435637892262 2.68714677590933
"607" 599 2.10236809607405 4.10667343481919 2.68812358349879
"608" 600 2.10283743386055 4.1091275672492 2.68909914868286
"609" 601 2.10333563218408 4.11155530750049 2.69007347510839
"610" 602 2.10381749846539 4.11392597360292 2.6910465664057
"611" 603 2.10431249205365 4.11619625034048 2.69201842618824
"612" 604 2.10478008406836 4.11848532148669 2.69298905805306
"613" 605 2.10529637030029 4.1208051703457 2.6939584655808
"614" 606 2.10582192294874 4.12325467758224 2.69492665233558
"615" 607 2.10627562587934 4.12552995577629 2.69589362186546
"616" 608 2.10675222586676 4.12776540558349 2.69685937770224
"617" 609 2.10723163575425 4.13029216597316 2.6978239233618
"618" 610 2.10772438200506 4.13257412445679 2.69878726234404
"619" 611 2.10822319886293 4.13481370666646 2.69974939813291
"620" 612 2.10871372830976 4.13719875220263 2.70071033419683
"621" 613 2.10923005919928 4.13938608915661 2.70167007398836
"622" 614 2.10971894695132 4.14187613724598 2.70262862094463
"623" 615 2.11021565237603 4.14411282004822 2.70358597848738
"624" 616 2.11066967214361 4.14643416526979 2.70454215002279
"625" 617 2.11113226217194 4.14868189877151 2.70549713894197
"626" 618 2.11160958552014 4.15107492715461 2.70645094862072
"627" 619 2.11211056057033 4.1534702033257 2.70740358241985
"628" 620 2.11260247132975 4.15577029174887 2.70835504368514
"629" 621 2.11306218908914 4.15812335136736 2.7093053357475
"630" 622 2.1135138081287 4.16040983043925 2.71025446192303
"631" 623 2.11397676749174 4.16273587318342 2.71120242551304
"632" 624 2.11447306627914 4.16508339393864 2.71214922980426
"633" 625 2.11495089391941 4.16735275549523 2.71309487806894
"634" 626 2.11546742672265 4.16971917030782 2.71403937356481
"635" 627 2.11595871618851 4.17207827248725 2.71498271953523
"636" 628 2.11641575670315 4.17428845636073 2.71592491920933
"637" 629 2.11688297756163 4.17654627411509 2.71686597580194
"638" 630 2.11734547047431 4.17892472637509 2.71780589251393
"639" 631 2.11783337511704 4.18114635455086 2.71874467253195
"640" 632 2.11836067300144 4.1835643997254 2.71968231902898
"641" 633 2.11881804057203 4.18583297915158 2.72061883516386
"642" 634 2.11930458380254 4.18799967448338 2.7215542240818
"643" 635 2.11980113607858 4.19024752374783 2.72248848891431
"644" 636 2.1202698650188 4.19258377621856 2.72342163277925
"645" 637 2.12076232310869 4.19496459751426 2.72435365878092
"646" 638 2.12120762632797 4.19719519254529 2.72528457001032
"647" 639 2.12166620542017 4.19955134347712 2.72621436954489
"648" 640 2.12215151867667 4.20193663099373 2.72714306044883
"649" 641 2.12259260908846 4.20416380724529 2.72807064577314
"650" 642 2.12307620897752 4.20634414289259 2.72899712855573
"651" 643 2.12357290054136 4.20855360267998 2.72992251182135
"652" 644 2.12402066990959 4.21084886667573 2.73084679858177
"653" 645 2.12451473818948 4.21321308830959 2.73176999183599
"654" 646 2.12496446200416 4.21536261791257 2.73269209457
"655" 647 2.12541161542466 4.2176373786868 2.73361310975714
"656" 648 2.12585409036314 4.22013695755934 2.73453304035796
"657" 649 2.12632493766293 4.22244801538317 2.73545188932055
"658" 650 2.12680590807385 4.22455685455366 2.73636965958027
"659" 651 2.12725700244974 4.22669770894742 2.7372863540602
"660" 652 2.12773233664371 4.22914064553596 2.73820197567084
"661" 653 2.12821377044075 4.23151566129703 2.73911652731053
"662" 654 2.12866349934041 4.23378668538073 2.74003001186531
"663" 655 2.1291189077554 4.23600093156343 2.74094243220896
"664" 656 2.12956161093629 4.23830706281973 2.74185379120322
"665" 657 2.13008008807407 4.2404790872608 2.74276409169773
"666" 658 2.13057466691365 4.24287298364153 2.74367333653027
"667" 659 2.13104879002732 4.24512612968437 2.74458152852663
"668" 660 2.13151255417949 4.2473304696905 2.74548867050067
"669" 661 2.13198024614005 4.24942697730866 2.74639476525471
"670" 662 2.13243084826013 4.25178013185233 2.74729981557913
"671" 663 2.1328984290921 4.25405982623634 2.74820382425287
"672" 664 2.13333318766417 4.25626215300121 2.74910679404313
"673" 665 2.13375256170027 4.25852103734163 2.75000872770575
"674" 666 2.13422064134273 4.26068509856971 2.75090962798497
"675" 667 2.13464634658716 4.26280817387484 2.75180949761387
"676" 668 2.13511184872697 4.2650448389682 2.75270833931393
"677" 669 2.13556358492415 4.26719948320677 2.75360615579568
"678" 670 2.13603867957119 4.26935425789664 2.75450294975828
"679" 671 2.1365141379486 4.27150598582551 2.75539872388984
"680" 672 2.13694313226152 4.27371393225557 2.75629348086735
"681" 673 2.13740399172768 4.27597198294031 2.75718722335689
"682" 674 2.13787936915238 4.27822191002804 2.75807995401349
"683" 675 2.13829275123326 4.28044648973577 2.75897167548136
"684" 676 2.13875345347754 4.28272807795887 2.75986239039396
"685" 677 2.13919414515755 4.28490691991853 2.76075210137393
"686" 678 2.1396648630877 4.28721529113246 2.76164081103318
"687" 679 2.14008056225977 4.28940100840124 2.76252852197306
"688" 680 2.1404947622503 4.29161742935122 2.7634152367843
"689" 681 2.14096630790242 4.29386917531689 2.76430095804712
"690" 682 2.14145486835422 4.2961215418125 2.76518568833127
"691" 683 2.1418634687411 4.29825971840773 2.76606943019612
"692" 684 2.1422743994486 4.30042114365409 2.76695218619069
"693" 685 2.14274567079012 4.30270098399505 2.76783395885366
"694" 686 2.14321606797219 4.30507565580054 2.76871475071357
"695" 687 2.14367000051677 4.30733412510129 2.76959456428872
"696" 688 2.14412098209962 4.30953602320924 2.77047340208727
"697" 689 2.14461188454815 4.31178375397802 2.77135126660744
"698" 690 2.1450301834222 4.31397746376794 2.77222816033724
"699" 691 2.14545902737329 4.31614881333146 2.77310408575494
"700" 692 2.14590464668613 4.31835080748066 2.77397904532866
"701" 693 2.14638389263624 4.32048327796873 2.774853041517
"702" 694 2.14686548317903 4.32264987709841 2.77572607676844
"703" 695 2.14728746375405 4.32481763918268 2.77659815352189
"704" 696 2.14774974932123 4.32705587478945 2.77746927420659
"705" 697 2.14815031548397 4.32919233884986 2.77833944124204
"706" 698 2.14858804435835 4.33128771575674 2.77920865703826
"707" 699 2.14899549350063 4.33344436970454 2.78007692399567
"708" 700 2.1493863637403 4.33559595436801 2.78094424450522
"709" 701 2.14986777351001 4.33779423947773 2.78181062094842
"710" 702 2.15031057800155 4.33995091674033 2.78267605569746
"711" 703 2.15074660103415 4.34207835519897 2.78354055111515
"712" 704 2.15119855264352 4.34419967917814 2.78440410955508
"713" 705 2.15160717450761 4.34632011312567 2.78526673336145
"714" 706 2.15199562327511 4.34848315308843 2.78612842486945
"715" 707 2.15241368942814 4.35060305469775 2.78698918640503
"716" 708 2.15283421533254 4.35275860064043 2.78784902028521
"717" 709 2.15326859916131 4.35489563759617 2.7887079288178
"718" 710 2.15373059796793 4.3570256580667 2.78956591430172
"719" 711 2.15416650194818 4.3591187591139 2.79042297902688
"720" 712 2.15458054901836 4.36129005342969 2.79127912527435
"721" 713 2.15502343259374 4.36348842802372 2.79213435531641
"722" 714 2.15546365665192 4.36560497601935 2.79298867141646
"723" 715 2.15591035813073 4.36784656501866 2.79384207582912
"724" 716 2.1563349083006 4.3700252993142 2.79469457080034
"725" 717 2.15673661002691 4.37226780355923 2.79554615856746
"726" 718 2.1572112928319 4.3743916953486 2.79639684135914
"727" 719 2.15766252463851 4.37660823081248 2.79724662139555
"728" 720 2.15806632830963 4.37879927879857 2.79809550088823
"729" 721 2.15849470406 4.3808978150992 2.79894348204028
"730" 722 2.15890965785951 4.38305030875792 2.79979056704642
"731" 723 2.15928892687156 4.38515507609439 2.80063675809294
"732" 724 2.1597617146562 4.38727383982298 2.80148205735764
"733" 725 2.16016742089719 4.38927853696676 2.80232646701031
"734" 726 2.16057333969821 4.39146635074342 2.80316998921225
"735" 727 2.16096252451034 4.39370075504324 2.80401262611656
"736" 728 2.16141595951585 4.39580802052569 2.80485437986827
"737" 729 2.16180852848961 4.3979041930377 2.80569525260423
"738" 730 2.16223235382264 4.39992190312144 2.8065352464531
"739" 731 2.16267479153358 4.40200569430518 2.80737436353565
"740" 732 2.16311225136247 4.40401585619762 2.80821260596451
"741" 733 2.16355532271334 4.40625254444048 2.8090499758444
"742" 734 2.16397895195096 4.40838878257013 2.80988647527207
"743" 735 2.16438372462237 4.41066787369887 2.81072210633648
"744" 736 2.16483235206428 4.41271842831139 2.81155687111868
"745" 737 2.16523934613936 4.41491655441183 2.81239077169191
"746" 738 2.16565016860241 4.41702376208456 2.81322381012161
"747" 739 2.1660611559916 4.4191496673361 2.81405598846548
"748" 740 2.16648891351557 4.42114125997274 2.81488730877371
"749" 741 2.16691620868223 4.42331528993189 2.81571777308863
"750" 742 2.16737703572508 4.42552513054338 2.81654738344509
"751" 743 2.16780492922977 4.42767773377639 2.81737614187032
"752" 744 2.16822019622374 4.42971087412097 2.81820405038394
"753" 745 2.16865628245761 4.43191051306922 2.81903111099822
"754" 746 2.16907099362451 4.43422140290739 2.8198573257179
"755" 747 2.1695030607698 4.43636552281476 2.82068269654026
"756" 748 2.16994373896285 4.43855050798831 2.82150722545535
"757" 749 2.17037370137113 4.44058573553395 2.82233091444569
"758" 750 2.17079208786015 4.44261310054498 2.82315376548655
"759" 751 2.17119152203765 4.44449824493552 2.82397578054607
"760" 752 2.17159801443053 4.44661309766678 2.82479696158491
"761" 753 2.17202066365713 4.44868786148222 2.82561731055665
"762" 754 2.17243430579448 4.45077711939086 2.82643682940781
"763" 755 2.1728452914695 4.4527436804212 2.82725552007764
"764" 756 2.1732351486062 4.45476535461255 2.82807338449828
"765" 757 2.1736679040056 4.45691970310014 2.82889042459501
"766" 758 2.17407957067014 4.45900985089855 2.82970664228585
"767" 759 2.17449576238943 4.46110421847387 2.83052203948198
"768" 760 2.17486422869902 4.46292416128528 2.83133661808756
"769" 761 2.17531435385263 4.46484223703667 2.83215037999991
"770" 762 2.17572917218852 4.46694776537843 2.83296332710932
"771" 763 2.17613894388368 4.46890867688637 2.83377546129942
"772" 764 2.17653221591186 4.47086051187867 2.83458678444697
"773" 765 2.1769269004858 4.47286694384892 2.83539729842176
"774" 766 2.17731104499798 4.47486295361261 2.83620700508708
"775" 767 2.17770989473618 4.47685734503403 2.83701590629934
"776" 768 2.17815111580739 4.47886101090509 2.83782400390843
"777" 769 2.17855051398313 4.48085966391252 2.8386312997574
"778" 770 2.17898837519568 4.48272411370547 2.8394377956828
"779" 771 2.17940371972855 4.48484811301109 2.84024349351457
"780" 772 2.17982745624428 4.48670628901494 2.8410483950761
"781" 773 2.180266517543 4.48881295814638 2.84185250218428
"782" 774 2.18069157863498 4.49084140965948 2.84265581664945
"783" 775 2.18110723192705 4.49291050351974 2.84345834027551
"784" 776 2.18150240932865 4.4949770663013 2.84426007486002
"785" 777 2.18191423942163 4.4970361477185 2.84506102219402
"786" 778 2.18231052217792 4.49909374397209 2.84586118406218
"787" 779 2.18267289395409 4.50113566641042 2.84666056224301
"788" 780 2.18306712118207 4.50318242687231 2.84745915850859
"789" 781 2.1834322126096 4.50518189390574 2.84825697462468
"790" 782 2.18381328158512 4.50719574000078 2.84905401235088
"791" 783 2.18421749037286 4.50936248421377 2.84985027344053
"792" 784 2.18460292757705 4.51131658099555 2.85064575964089
"793" 785 2.18498747310632 4.51327522990022 2.85144047269289
"794" 786 2.18537175224128 4.51523118227665 2.85223441433151
"795" 787 2.18575650831648 4.51736070069159 2.85302758628558
"796" 788 2.18613991486705 4.51936553145097 2.85381999027775
"797" 789 2.1865458540161 4.52139046472301 2.85461162802481
"798" 790 2.18695016016042 4.52339827699472 2.85540250123746
"799" 791 2.18735457722742 4.5254235894271 2.85619261162035
"800" 792 2.18775503710065 4.52746783620793 2.85698196087238
"801" 793 2.18815711571239 4.52951782624421 2.85777055068629
"802" 794 2.18855856246817 4.53155217927055 2.85855838274906
"803" 795 2.18895870063657 4.53355891671206 2.85934545874179
"804" 796 2.18935215588766 4.53562506836387 2.86013178033972
"805" 797 2.18971029118311 4.53766413622427 2.86091734921236
"806" 798 2.19012028332723 4.53970012771334 2.86170216702326
"807" 799 2.1905162489209 4.54173091997823 2.86248623543044
"808" 800 2.19092759115789 4.54372897227129 2.86326955608599
"809" 801 2.19133901126657 4.54564416224622 2.86405213063635
"810" 802 2.1916954646841 4.54750079410219 2.86483396072244
"811" 803 2.19210279141229 4.54949054543249 2.86561504797929
"812" 804 2.19245774989 4.5515617227073 2.86639539403651
"813" 805 2.19282287733498 4.55352306137906 2.86717500051796
"814" 806 2.19319127368111 4.55549069646066 2.86795386904203
"815" 807 2.19356666215924 4.5573790826145 2.86873200122153
"816" 808 2.19398358071703 4.55923548674635 2.86950939866374
"817" 809 2.19438087693228 4.56132372570836 2.87028606297054
"818" 810 2.19477714487253 4.56330019830372 2.87106199573818
"819" 811 2.1951256667135 4.56533263752324 2.87183719855754
"820" 812 2.19551524068699 4.56737739343635 2.87261167301421
"821" 813 2.19588203755066 4.56933693587791 2.8733854206882
"822" 814 2.19623036122797 4.5713373117389 2.8741584431542
"823" 815 2.19663287585888 4.5734920709683 2.87493074198169
"824" 816 2.19702652580591 4.57555384580542 2.87570231873469
"825" 817 2.1974191522062 4.57754129854909 2.87647317497189
"826" 818 2.1978144369931 4.57952006671847 2.87724331224692
"827" 819 2.19819936094086 4.58159685336167 2.87801273210795
"828" 820 2.19856689605449 4.58362511420384 2.87878143609812
"829" 821 2.19894240766956 4.58557796751622 2.87954942575516
"830" 822 2.19936000433433 4.58758852930555 2.88031670261186
"831" 823 2.19972944938815 4.58952000027589 2.88108326819564
"832" 824 2.20010172825934 4.59157313516103 2.88184912402891
"833" 825 2.20049498513611 4.59363085925754 2.88261427162907
"834" 826 2.20084911805718 4.59554894984264 2.88337871250821
"835" 827 2.2012008944097 4.59762954853413 2.88414244817356
"836" 828 2.20155335551963 4.59954568785248 2.88490548012726
"837" 829 2.20192456518088 4.60146070327863 2.88566780986648
"838" 830 2.20229864298124 4.60346768856239 2.88642943888327
"839" 831 2.20267231411262 4.60551366251114 2.8871903686648
"840" 832 2.2030490136243 4.60755859184952 2.88795060069338
"841" 833 2.20341332828898 4.60945257804333 2.88871013644631
"842" 834 2.20378626973234 4.61153440298326 2.88946897739601
"843" 835 2.20417196868052 4.61350295661885 2.89022712500994
"844" 836 2.20456144564094 4.61548511103049 2.89098458075087
"845" 837 2.20497878306961 4.61751700132014 2.89174134607667
"846" 838 2.20534616774832 4.61935823984911 2.89249742244029
"847" 839 2.20571918251598 4.621191376045 2.8932528112901
"848" 840 2.20610382615802 4.62300596309323 2.89400751406956
"849" 841 2.20649761293304 4.62483852504313 2.89476153221745
"850" 842 2.2068685679224 4.62689632537466 2.89551486716772
"851" 843 2.2072666789455 4.62900818636786 2.89626752034979
"852" 844 2.20764339865189 4.63111863373242 2.8970194931882
"853" 845 2.20802007211042 4.63314346601506 2.89777078710306
"854" 846 2.20840363979542 4.63512474995508 2.89852140350963
"855" 847 2.2087952380302 4.63705513395799 2.89927134381861
"856" 848 2.20921144061104 4.63897906149721 2.90002060943625
"857" 849 2.20960062634002 4.64090413400576 2.90076920176391
"858" 850 2.20997329821796 4.64282783207849 2.90151712219876
"859" 851 2.21034016923247 4.64464203578203 2.90226437213315
"860" 852 2.21070763989705 4.64647877636836 2.90301095295501
"861" 853 2.21105630233847 4.64835026306348 2.90375686604783
"862" 854 2.21138959417213 4.65028299934834 2.90450211279059
"863" 855 2.21175199202501 4.65228791305874 2.90524669455765
"864" 856 2.21214195310611 4.65429145161957 2.90599061271923
"865" 857 2.21254758090394 4.65624130458628 2.90673386864084
"866" 858 2.21292985152541 4.65810753710002 2.9074764636838
"867" 859 2.21330898627272 4.65997242028942 2.90821839920494
"868" 860 2.2136608238932 4.66183595669927 2.90895967655679
"869" 861 2.21401994050399 4.66369814886641 2.90970029708745
"870" 862 2.21440903088114 4.66555578263412 2.91044026214082
"871" 863 2.21482116247864 4.66741150588179 2.91117957305645
"872" 864 2.215191163734 4.6693952807795 2.9119182311694
"873" 865 2.21555660851859 4.67125970928948 2.91265623781085
"874" 866 2.21590115182025 4.67330163100777 2.91339359430744
"875" 867 2.21624825911282 4.67531159213951 2.91413030198171
"876" 868 2.216592627448 4.67725237385469 2.9148663621519
"877" 869 2.21695801900445 4.67930051450135 2.91560177613207
"878" 870 2.21734973045836 4.68134435270524 2.91633654523227
"879" 871 2.21771900927134 4.68324391990002 2.91707067075808
"880" 872 2.21804200155806 4.68512566113151 2.91780415401122
"881" 873 2.21838278480345 4.68695724215568 2.91853699628924
"882" 874 2.2187534795193 4.68887791880835 2.91926919888543
"883" 875 2.21909460744894 4.69071734821145 2.92000076308916
"884" 876 2.21944362852461 4.69248637838208 2.92073169018558
"885" 877 2.21979922088066 4.69427763095912 2.92146198145598
"886" 878 2.22017497509549 4.69614466637562 2.9221916381775
"887" 879 2.22049092225536 4.69802631261233 2.92292066162328
"888" 880 2.22084864868356 4.699802488285 2.92364905306241
"889" 881 2.22123864317019 4.70169998230662 2.9243768137601
"890" 882 2.22156086740913 4.70367284860397 2.92510394497752
"891" 883 2.2219253017938 4.70555242853847 2.92583044797195
"892" 884 2.2222472259756 4.70743071305326 2.92655632399656
"893" 885 2.22256751395791 4.70930770450551 2.92728157430092
"894" 886 2.22292632175237 4.71115890022174 2.92800620013047
"895" 887 2.22328239023816 4.71305781761385 2.9287302027268
"896" 888 2.2236076495614 4.71493094394881 2.9294535833277
"897" 889 2.22396330623301 4.7167382555031 2.93017634316697
"898" 890 2.2243211417813 4.71854082647353 2.93089848347486
"899" 891 2.22466565860114 4.72041824181728 2.93162000547749
"900" 892 2.22501583714713 4.72231547257359 2.93234091039742
"901" 893 2.22534982512544 4.72415238673085 2.93306119945318
"902" 894 2.22568268532803 4.72594127721396 2.9337808738598
"903" 895 2.22601631373385 4.72771933872428 2.93449993482841
"904" 896 2.22635373233393 4.72951936146113 2.93521838356633
"905" 897 2.22669791625896 4.73131378451596 2.93593622127731
"906" 898 2.22707041774176 4.73321325099754 2.93665344916142
"907" 899 2.22741910969245 4.73499665184001 2.93737006841487
"908" 900 2.22776410262863 4.73692608905522 2.93808608023025
"909" 901 2.22810802531072 4.73882705934031 2.9388014857966
"910" 902 2.22844088085724 4.74075489948735 2.9395162862993
"911" 903 2.22880114315722 4.74265941829607 2.94023048291985
"912" 904 2.22913562036176 4.74456528824999 2.94094407683649
"913" 905 2.22946291191679 4.74645636379687 2.9416570692236
"914" 906 2.22981530027121 4.74821163013578 2.9423694612522
"915" 907 2.23015837086282 4.75004874700107 2.94308125408951
"916" 908 2.23050413461958 4.75183354228531 2.9437924488994
"917" 909 2.23086711547643 4.75358843776832 2.94450304684197
"918" 910 2.2312102195945 4.75533688377699 2.94521304907406
"919" 911 2.23155174536549 4.75708144185105 2.94592245674881
"920" 912 2.23189473391944 4.75889352611961 2.94663127101587
"921" 913 2.23223788828141 4.76091418918115 2.94733949302165
"922" 914 2.23258467465892 4.76274884120962 2.94804712390872
"923" 915 2.23292521762736 4.76462416625432 2.94875416481654
"924" 916 2.23328809869268 4.76644634389068 2.94946061688085
"925" 917 2.23364851006096 4.76818343622566 2.9501664812342
"926" 918 2.23400402345161 4.76981978476755 2.95087175900545
"927" 919 2.23431313907939 4.77184982751074 2.9515764513205
"928" 920 2.23468188612728 4.77381358619674 2.9522805593014
"929" 921 2.23499229557073 4.77567120668542 2.95298408406717
"930" 922 2.23536061355689 4.77739778478007 2.95368702673321
"931" 923 2.23569310836372 4.77924371441449 2.95438938841184
"932" 924 2.23603660766682 4.78117015787531 2.95509117021188
"933" 925 2.23637330702594 4.78308034890616 2.95579237323884
"934" 926 2.23674676718618 4.78510596287335 2.95649299859503
"935" 927 2.23711627519756 4.78695024303676 2.95719304737935
"936" 928 2.23748592268908 4.78883189672616 2.95789252068759
"937" 929 2.23779963574325 4.79065025820213 2.95859141961211
"938" 930 2.2381352159364 4.79247176064165 2.95928974524212
"939" 931 2.23847305786637 4.79433918962814 2.95998749866361
"940" 932 2.23881724057369 4.79626123657669 2.96068468095923
"941" 933 2.23917076673492 4.79813554632461 2.96138129320852
"942" 934 2.2395488254344 4.79998937769254 2.96207733648782
"943" 935 2.23985625187325 4.80180130398641 2.96277281187035
"944" 936 2.24019058917738 4.80362679657289 2.96346772042602
"945" 937 2.24055129065392 4.80542586900837 2.96416206322155
"946" 938 2.24090976952947 4.80716542886013 2.96485584132077
"947" 939 2.24125628121042 4.80889753815143 2.96554905578422
"948" 940 2.24159974162523 4.81065766764859 2.96624170766924
"949" 941 2.2419444342033 4.81244163593223 2.96693379803021
"950" 942 2.24226250435151 4.81426054156496 2.96762532791831
"951" 943 2.24259970966142 4.81606348130684 2.96831629838172
"952" 944 2.24291917229791 4.81787219585584 2.96900671046554
"953" 945 2.2432590956172 4.81964606999927 2.96969656521173
"954" 946 2.24356106530131 4.82134491026679 2.97038586365929
"955" 947 2.24390376077808 4.82318882110927 2.97107460684415
"956" 948 2.24425184755633 4.82504952730257 2.97176279579929
"957" 949 2.24456029263933 4.82684836604573 2.97245043155458
"958" 950 2.24494058451553 4.82864605121129 2.97313751513685
"959" 951 2.24526244297767 4.83044258475268 2.97382404757023
"960" 952 2.24561041313019 4.83223796861689 2.97451002987546
"961" 953 2.2459319645753 4.83401354678953 2.97519546307075
"962" 954 2.2462444337203 4.83573822260651 2.97588034817091
"963" 955 2.24659188339132 4.83747160068767 2.97656468618827
"964" 956 2.24691455566947 4.83931692940267 2.97724847813186
"965" 957 2.24721412172845 4.84112898876652 2.97793172500808
"966" 958 2.24751477155794 4.84296480309051 2.97861442782015
"967" 959 2.24785703248966 4.84467776839683 2.97929658756869
"968" 960 2.24815522290229 4.84641580645934 2.9799782052512
"969" 961 2.24847189805819 4.84819570703683 2.98065928186242
"970" 962 2.24879861002992 4.85001952134185 2.98133981839417
"971" 963 2.24909469094833 4.85179222907938 2.98201981583553
"972" 964 2.24941448912687 4.85352548471459 2.98269927517271
"973" 965 2.24976718483591 4.85526424719216 2.98337819738893
"974" 966 2.25007398962882 4.85708510935166 2.98405658346495
"975" 967 2.25038835327389 4.85894531830517 2.98473443437831
"976" 968 2.25071216324372 4.86080439881488 2.985411751104
"977" 969 2.25103222870657 4.86258545537474 2.98608853461429
"978" 970 2.25134386823059 4.86439755537853 2.98676478587844
"979" 971 2.25164796589397 4.86622219283508 2.98744050586323
"980" 972 2.25196080380421 4.8681812312038 2.98811569553242
"981" 973 2.25230748690045 4.86994076603593 2.98879035584728
"982" 974 2.25262869448278 4.8717490752415 2.9894644877661
"983" 975 2.25296945107294 4.87354071074521 2.99013809224471
"984" 976 2.25329864578184 4.8752303264881 2.99081117023598
"985" 977 2.25363586298453 4.87702458747367 2.99148372269033
"986" 978 2.25398064333743 4.87892893161266 2.99215575055535
"987" 979 2.25430254744993 4.88075588195281 2.99282725477588
"988" 980 2.2546183763425 4.88261047491375 2.99349823629436
"989" 981 2.25490856924114 4.8844120271287 2.99416869605029
"990" 982 2.25524987027038 4.88615189878153 2.99483863498069
"991" 983 2.25555042545062 4.88797525599274 2.99550805401998
"992" 984 2.25586953731216 4.88979940264427 2.99617695409971
"993" 985 2.25621136224277 4.89163371171106 2.99684533614906
"994" 986 2.25657614580795 4.89346851217716 2.99751320109455
"995" 987 2.25684419309817 4.89519288751479 2.99818054986007
"996" 988 2.2571678821759 4.89692909871976 2.99884738336697
"997" 989 2.25752865390326 4.89884922233452 2.99951370253391
"998" 990 2.25784995125823 4.90074396819273 3.00017950827714
"999" 991 2.25815683859022 4.90256803246587 3.00084480151031
"1000" 992 2.25846450183904 4.90439202713161 3.00150958314435
"1001" 993 2.25877797035984 4.90619959427091 3.002173854088
"1002" 994 2.25910604223207 4.90792847836214 3.0028376152471
"1003" 995 2.25942108777406 4.9096890522741 3.00350086752525
"1004" 996 2.25975454875152 4.91152308996778 3.00416361182346
"1005" 997 2.26010766758454 4.91330080336853 3.0048258490401
"1006" 998 2.26044392775572 4.91504630789867 3.00548758007133
"1007" 999 2.26078787360764 4.91687185723035 3.00614880581051
"1008" 1000 2.26111895906234 4.91856537386372 3.00680952714884
