"T" "IC_low" "IC_up" "x_ML"
"1" 1.1 0.627026971499545 0.634819150454017 0.630115574078611
"2" 1.2 0.630858625144165 0.642623333030869 0.635512358076722
"3" 1.3 0.634556810870368 0.650013820093294 0.640655698958262
"4" 1.4 0.638129848034007 0.657046798452391 0.645575717691786
"5" 1.5 0.641589840108144 0.663760788726314 0.650297091528294
"6" 1.6 0.64495146163281 0.67020985767236 0.654840330834098
"7" 1.7 0.648215972591633 0.676412698950392 0.659222696126067
"8" 1.8 0.651383608624643 0.682396424710059 0.663458871731171
"9" 1.9 0.654480779960818 0.688179783324586 0.667561470487011
"10" 2 0.657467581964828 0.693789950285059 0.671541418452116
"11" 3 0.683998984278473 0.742979768870021 0.7062403069682
"12" 4 0.705909116016222 0.784527355655869 0.734735830834041
"13" 5 0.72471264442065 0.821855798122876 0.759358498031412
"14" 6 0.741253310586211 0.856637891917259 0.781278279995822
"15" 7 0.756013500521647 0.889242095160377 0.80117891812846
"16" 8 0.769358229936123 0.920482570353003 0.819500007768153
"17" 9 0.781523233294838 0.950689777533786 0.836543467426223
"18" 10 0.792829319238799 0.979651164415881 0.852526980252586
"19" 11 0.803387079520315 1.00801232010052 0.86761346318109
"20" 12 0.813342352713976 1.03582531954861 0.881928508121208
"21" 13 0.82260755816019 1.06267359194968 0.895571291654395
"22" 14 0.831358754998143 1.08913370229618 0.908621710070487
"23" 15 0.839653192114301 1.1152220062558 0.921145220122469
"24" 16 0.847499802262391 1.14065802532244 0.933196225843479
"25" 17 0.855002307392365 1.16567492690304 0.944820510995621
"26" 18 0.8621446140355 1.19023529597385 0.956057025961296
"27" 19 0.869098203739552 1.21471748886989 0.966939226468427
"28" 20 0.875762568333437 1.23870874249158 0.977496094039884
"29" 21 0.882104530248251 1.26239997098066 0.987752925842213
"30" 22 0.88828695784834 1.28557483160438 0.997731954459578
"31" 23 0.894268195624479 1.30817143163714 1.00745284022165
"32" 24 0.90006846770488 1.33062517183266 1.0169330666527
"33" 25 0.905621335456277 1.35302253661319 1.02618826131788
"34" 26 0.911001600574955 1.37543714286026 1.03523245854026
"35" 27 0.916184262293881 1.39789383507653 1.04407831633495
"36" 28 0.921289298677679 1.42000205042942 1.05273729692693
"37" 29 0.926285419534967 1.44176885009348 1.06121981803905
"38" 30 0.931150304815299 1.46299351057717 1.0695353805212
"39" 31 0.93573915558416 1.48415191832981 1.07769267668031
"40" 32 0.940331942959451 1.50543317696029 1.08569968275406
"41" 33 0.944847490976722 1.52653361605818 1.09356373826882
"42" 34 0.949215226612773 1.54723777943299 1.10129161448077
"43" 35 0.953458067982976 1.56803465250806 1.10888957367687
"44" 36 0.957658484012847 1.58867148642702 1.11636342078094
"45" 37 0.961719106046104 1.60862768203214 1.12371854844823
"46" 38 0.965701795701535 1.62901804164205 1.13095997662268
"47" 39 0.969642961353759 1.64889930590561 1.13809238736396
"48" 40 0.973473885867409 1.66890304872357 1.14512015561587
"49" 41 0.977260972334271 1.68820459313565 1.15204737647828
"50" 42 0.980914391614252 1.70790984061635 1.15887788945508
"51" 43 0.984547293689649 1.72740642975043 1.16561530007691
"52" 44 0.988118224190337 1.74686364024663 1.17226299923727
"53" 45 0.99164792531824 1.76599269526297 1.17882418052975
"54" 46 0.995100677761766 1.78513875026849 1.18530185583289
"55" 47 0.998502958048146 1.80383473652221 1.19169886935363
"56" 48 1.00184484943853 1.82294751752019 1.19801791031126
"57" 49 1.00513799401938 1.84202358164427 1.20426152441903
"58" 50 1.00838596566038 1.86110431874254 1.21043212429931
"59" 51 1.01158166869619 1.88002599239002 1.21653199895072
"60" 52 1.01476076027163 1.89871992399317 1.22256332237031
"61" 53 1.01779885287039 1.91739548967562 1.2285281614209
"62" 54 1.02084910082443 1.93588507511357 1.23442848302267
"63" 55 1.02381888908377 1.95417105446482 1.24026616073829
"64" 56 1.02673664669459 1.97236479720348 1.24604298081294
"65" 57 1.02961812398441 1.9903853375543 1.25176064772308
"66" 58 1.03249300085757 2.00868679331108 1.25742078928198
"67" 59 1.03530698720811 2.0268022095191 1.26302496134421
"68" 60 1.03803996428767 2.0444279085451 1.268574652147
"69" 61 1.04082209249176 2.06211921728373 1.27407128632196
"70" 62 1.04351003295658 2.08013207200573 1.27951622860721
"71" 63 1.04615249653677 2.0979199877046 1.28491078728675
"72" 64 1.04880122707985 2.11554489593392 1.290256217381
"73" 65 1.05143911837437 2.13310993823874 1.29555372361032
"74" 66 1.05398819099433 2.15027137637745 1.30080446315064
"75" 67 1.0564636741955 2.16765676795429 1.30600954819892
"76" 68 1.05903760595523 2.18489742513019 1.31117004836403
"77" 69 1.06151139633445 2.20213666087112 1.31628699289743
"78" 70 1.06403046381622 2.21919717017325 1.32136137277645
"79" 71 1.06644527649015 2.23603422834526 1.32639414265198
"80" 72 1.06881836400523 2.25310613607308 1.33138622267107
"81" 73 1.07127233136383 2.27028885323722 1.3363385001841
"82" 74 1.07362585827041 2.28747945391088 1.34125183134538
"83" 75 1.07596716592796 2.30386106371599 1.34612704261516
"84" 76 1.07827468734805 2.32100652146451 1.35096493217027
"85" 77 1.08055887107353 2.33749554758824 1.35576627123014
"86" 78 1.08284192322164 2.35436093859823 1.36053180530435
"87" 79 1.085064622244 2.37104889012418 1.36526225536717
"88" 80 1.08731989521529 2.38740985233281 1.36995831896439
"89" 81 1.08950583713549 2.40381010563407 1.37462067125692
"90" 82 1.09164112933421 2.41961264634906 1.37924996600582
"91" 83 1.09375558761956 2.43632830399115 1.38384683650234
"92" 84 1.09596094942638 2.45255513860406 1.38841189644702
"93" 85 1.09805840826094 2.46869832207323 1.39294574078096
"94" 86 1.10016932727313 2.4848995205055 1.39744894647251
"95" 87 1.10224000979386 2.50131383909366 1.40192207326224
"96" 88 1.10429256736439 2.51749285827252 1.40636566436883
"97" 89 1.10628294401913 2.53385274448775 1.41078024715839
"98" 90 1.1083178820376 2.54994981628544 1.41516633377946
"99" 91 1.11028684066861 2.56577288282715 1.41952442176584
"100" 92 1.11223480371157 2.58161722046548 1.42385499460914
"101" 93 1.1142531827957 2.59742524683113 1.42815852230302
"102" 94 1.11615102574375 2.61334166404962 1.43243546186065
"103" 95 1.11805636527096 2.62854920691538 1.43668625780712
"104" 96 1.12000436475025 2.64407376995057 1.44091134264817
"105" 97 1.12190430944921 2.65986233023 1.4451111373166
"106" 98 1.12379844231018 2.67565608963981 1.44928605159777
"107" 99 1.12564795034753 2.69104482170298 1.4534364845352
"108" 100 1.12743424945107 2.70635384582262 1.45756282481754
"109" 101 1.12927826169273 2.72202721605514 1.46166545114782
"110" 102 1.1311145712426 2.73755515625868 1.46574473259608
"111" 103 1.13288823071631 2.7535180753766 1.46980102893616
"112" 104 1.13471548593442 2.76878476544584 1.47383469096763
"113" 105 1.13653512751134 2.7845964405287 1.47784606082353
"114" 106 1.13827318031224 2.79927723121509 1.48183547226476
"115" 107 1.14002063042199 2.81428034810973 1.48580325096183
"116" 108 1.14174762008694 2.82956040750286 1.48974971476453
"117" 109 1.14351832343339 2.84506615847928 1.49367517396022
"118" 110 1.14521147707363 2.86016940524582 1.49757993152136
"119" 111 1.14691366012376 2.87537947641712 1.50146428334267
"120" 112 1.14865186980982 2.89020452060947 1.50532851846863
"121" 113 1.15029915221539 2.90460741984197 1.50917291931165
"122" 114 1.15197398940794 2.91955143528164 1.51299776186143
"123" 115 1.15370332951891 2.93428806755666 1.51680331588598
"124" 116 1.15533396109533 2.94899527803495 1.5205898451246
"125" 117 1.15695704947114 2.96357301320459 1.52435760747334
"126" 118 1.15858574879241 2.97816073623612 1.52810685516311
"127" 119 1.16022433912251 2.99282770535509 1.53183783493103
"128" 120 1.16179774055327 3.00755966620649 1.53555078818512
"129" 121 1.16342242804356 3.02194317639559 1.53924595116277
"130" 122 1.16502690928924 3.03657430184285 1.54292355508313
"131" 123 1.16661750047627 3.051530996579 1.54658382629399
"132" 124 1.16817650782801 3.06677483667209 1.55022698641301
"133" 125 1.169717769688 3.08108317416324 1.55385325246386
"134" 126 1.17122614246002 3.09580235638994 1.55746283700736
"135" 127 1.17274640187465 3.11078965005079 1.56105594826787
"136" 128 1.17425267891829 3.12488148844481 1.56463279025512
"137" 129 1.17572072594194 3.13997835688612 1.56819356288173
"138" 130 1.17723017477499 3.15520201392241 1.57173846207651
"139" 131 1.1787510176745 3.16881306849418 1.57526767989386
"140" 132 1.18027197848181 3.18322008909744 1.57878140461929
"141" 133 1.18175749072784 3.19734465374391 1.58227982087132
"142" 134 1.18325914513381 3.21154445026472 1.58576310969985
"143" 135 1.18466027154034 3.2254114371347 1.58923144868125
"144" 136 1.18607566516548 3.23979279366963 1.59268501201014
"145" 137 1.18752169993473 3.25439404615697 1.59612397058817
"146" 138 1.18898646943574 3.26797790314042 1.59954849210976
"147" 139 1.19042812212425 3.28163626253884 1.6029587411451
"148" 140 1.19184836963362 3.29595290294802 1.60635487922033
"149" 141 1.19322261660461 3.30974787904047 1.60973706489515
"150" 142 1.19464226830976 3.32379683908122 1.61310545383792
"151" 143 1.1959761447064 3.3383404704265 1.61646019889833
"152" 144 1.19734853740971 3.3525124883224 1.61980145017775
"153" 145 1.19875559371602 3.36699468660107 1.62312935509736
"154" 146 1.20015401397658 3.38150573991368 1.62644405846413
"155" 147 1.20145017978877 3.39598335979642 1.62974570253469
"156" 148 1.20281127695681 3.40994149395464 1.63303442707732
"157" 149 1.20418409507249 3.42404379987424 1.63631036943192
"158" 150 1.2054753987195 3.43840034835788 1.63957366456821
"159" 151 1.20678725870425 3.4528344600127 1.64282444514212
"160" 152 1.20808870065351 3.467041110889 1.64606284155049
"161" 153 1.20943714546645 3.48063120806039 1.64928898198409
"162" 154 1.21078836034701 3.4941270447153 1.6525029924792
"163" 155 1.21207086304443 3.50787930430483 1.65570499696742
"164" 156 1.21336874620775 3.52186150505491 1.65889511732421
"165" 157 1.21470438983763 3.53600158461211 1.66207347341592
"166" 158 1.21597095203342 3.54965373832088 1.66524018314553
"167" 159 1.21725806924731 3.56354230448629 1.66839536249692
"168" 160 1.21847770178569 3.57722328302697 1.671539125578
"169" 161 1.2196920852378 3.59145817034534 1.67467158466263
"170" 162 1.22091573968985 3.60506599040348 1.67779285023115
"171" 163 1.2221764979152 3.61868548430586 1.68090303101005
"172" 164 1.2234102521369 3.63248111158349 1.68400223401028
"173" 165 1.22465402536867 3.64623867650065 1.68709056456464
"174" 166 1.22583295738497 3.65961771611484 1.6901681263641
"175" 167 1.2270656236355 3.67378866325717 1.69323502149309
"176" 168 1.22831697520409 3.68744072049148 1.69629135046384
"177" 169 1.22955018324099 3.70084624033295 1.69933721224982
"178" 170 1.23076227655175 3.7139802756731 1.70237270431822
"179" 171 1.23196998295757 3.72748455637055 1.7053979226616
"180" 172 1.2331618430232 3.74050419000542 1.70841296182868
"181" 173 1.23440988192209 3.75357257816823 1.71141791495431
"182" 174 1.23557726914048 3.76678590727657 1.71441287378865
"183" 175 1.23670937872505 3.78028054674144 1.71739792872555
"184" 176 1.23791185357515 3.79321200699628 1.72037316883032
"185" 177 1.2391543096051 3.80683383232609 1.72333868186655
"186" 178 1.24031012436775 3.81986852879543 1.72629455432249
"187" 179 1.24148339592392 3.83319154667308 1.72924087143654
"188" 180 1.24270491566298 3.84612570632325 1.73217771722225
"189" 181 1.24381183871887 3.85962102846761 1.73510517449256
"190" 182 1.24491055264575 3.87288418731101 1.73802332488356
"191" 183 1.24610144408084 3.88593143968542 1.74093224887748
"192" 184 1.24724081948634 3.89920633307954 1.7438320258253
"193" 185 1.24836085270077 3.91245184046556 1.74672273396864
"194" 186 1.24948637020229 3.92548061053073 1.7496044504612
"195" 187 1.25060333997634 3.93898716219018 1.75247725138964
"196" 188 1.25175346613664 3.95202932997291 1.75534121179397
"197" 189 1.25289118217815 3.96490363795076 1.75819640568739
"198" 190 1.25399676317218 3.97808413403891 1.76104290607573
"199" 191 1.25507057608765 3.99165524265814 1.7638807849764
"200" 192 1.25614970599608 4.00506430939254 1.76671011343679
"201" 193 1.25716983532927 4.01814415046246 1.76953096155238
"202" 194 1.25824817940556 4.03070757989369 1.77234339848436
"203" 195 1.25935211237971 4.0435183601624 1.77514749247679
"204" 196 1.26044444668529 4.05573574019567 1.77794331087338
"205" 197 1.26155237508132 4.06843752936703 1.78073092013395
"206" 198 1.26258533083858 4.08136401252903 1.78351038585043
"207" 199 1.26370901752641 4.09401434394777 1.78628177276252
"208" 200 1.26476284239272 4.10611088988645 1.78904514477292
"209" 201 1.26579807482439 4.11957403808598 1.79180056496241
"210" 202 1.26687728397657 4.13248003516103 1.79454809560429
"211" 203 1.26791582254279 4.14528451826295 1.79728779817879
"212" 204 1.26895469862189 4.15802953261917 1.80001973338698
"213" 205 1.2700237042659 4.17083917498851 1.80274396116437
"214" 206 1.27106471086156 4.18382848063396 1.80546054069428
"215" 207 1.27214612905323 4.19647785992058 1.80816953042092
"216" 208 1.27318318290325 4.20903706304835 1.81087098806203
"217" 209 1.27418456006954 4.22173783029522 1.8135649706215
"218" 210 1.27520043966268 4.23471769046816 1.81625153440145
"219" 211 1.2762433957374 4.24708698194131 1.81893073501421
"220" 212 1.27722538123236 4.25966308286741 1.82160262739403
"221" 213 1.27824213691663 4.27229941346445 1.82426726580842
"222" 214 1.27924605194555 4.28484054107411 1.82692470386942
"223" 215 1.28023119637521 4.29735017434295 1.82957499454446
"224" 216 1.28126220324712 4.31033911683471 1.83221819016713
"225" 217 1.28225601423841 4.32328874331261 1.83485434244764
"226" 218 1.28327704427706 4.3358840193131 1.83748350248304
"227" 219 1.28427136812571 4.34824242169311 1.84010572076736
"228" 220 1.28526249682681 4.36167105458207 1.84272104720135
"229" 221 1.28624944409581 4.37429325645019 1.84532953110214
"230" 222 1.28723567099965 4.38696814436538 1.84793122121273
"231" 223 1.28818975085546 4.39912465514156 1.85052616571111
"232" 224 1.28916950945279 4.41122361627475 1.85311441221943
"233" 225 1.29010475250112 4.42352008341249 1.8556960078128
"234" 226 1.29106966063165 4.43595475582284 1.85827099902798
"235" 227 1.2920136879888 4.44794256258225 1.8608394318719
"236" 228 1.29299356800932 4.46030072912102 1.86340135182998
"237" 229 1.29393346604544 4.47242517266347 1.86595680387434
"238" 230 1.29496657607309 4.48504591154962 1.86850583247172
"239" 231 1.29594197931905 4.49750699794656 1.87104848159143
"240" 232 1.29690630916758 4.50996106507996 1.87358479471301
"241" 233 1.29784436684258 4.52258757402233 1.87611481483373
"242" 234 1.29875614063772 4.534799969286 1.87863858447601
"243" 235 1.2996753858939 4.54717079498094 1.88115614569467
"244" 236 1.3006587219129 4.55979015549503 1.88366754008406
"245" 237 1.30161811713832 4.57259128522989 1.88617280878497
"246" 238 1.30254803760159 4.58506285638337 1.88867199249157
"247" 239 1.30348036060258 4.59781919496422 1.89116513145795
"248" 240 1.30439496534614 4.61041237179503 1.89365226550489
"249" 241 1.30533258679059 4.62236511175548 1.89613343402614
"250" 242 1.30624863415249 4.63450888157292 1.89860867599485
"251" 243 1.30715153993824 4.64708755194193 1.90107802996977
"252" 244 1.30805881913514 4.65930599891385 1.90354153410128
"253" 245 1.30898017693137 4.67150342087162 1.90599922613746
"254" 246 1.30983745369971 4.6832172206833 1.90845114342986
"255" 247 1.31068853711414 4.69563706780759 1.91089732293934
"256" 248 1.31164206114802 4.70766043138011 1.91333780124166
"257" 249 1.31257358585591 4.72034458905341 1.91577261453305
"258" 250 1.31348858087774 4.73226037414385 1.91820179863572
"259" 251 1.3143599907642 4.74461917466762 1.92062538900303
"260" 252 1.31522856636855 4.75675138350813 1.92304342072493
"261" 253 1.31609594016158 4.7688587884348 1.92545592853303
"262" 254 1.31702693974706 4.7809217052556 1.92786294680564
"263" 255 1.31795815161651 4.79284847290584 1.93026450957275
"264" 256 1.31886708071734 4.80456701112825 1.93266065052097
"265" 257 1.31968861048495 4.81642273718211 1.9350514029982
"266" 258 1.32050694150144 4.82874158615782 1.93743680001849
"267" 259 1.32138370754307 4.84087798483623 1.9398168742665
"268" 260 1.32222948663056 4.85308773216175 1.9421916581022
"269" 261 1.32310052618219 4.86553435200746 1.94456118356523
"270" 262 1.32396597583266 4.87758974489436 1.94692548237928
"271" 263 1.32478998049256 4.88954028831034 1.94928458595648
"272" 264 1.32562152887561 4.90211204767393 1.95163852540157
"273" 265 1.32650649471264 4.91430945800774 1.95398733151604
"274" 266 1.32728434081751 4.92621946484318 1.95633103480231
"275" 267 1.32811697110509 4.93823635997859 1.95866966546761
"276" 268 1.32893238555347 4.95019151849977 1.96100325342805
"277" 269 1.32977482138002 4.96221089838492 1.96333182831248
"278" 270 1.33065100813633 4.97398152711506 1.96565541946625
"279" 271 1.33152448967658 4.98601324659871 1.96797405595499
"280" 272 1.33241008173145 4.99812442530378 1.97028776656829
"281" 273 1.33324853403845 5.00991085695648 1.9725965798234
"282" 274 1.33408027385037 5.02204954248079 1.97490052396867
"283" 275 1.33489396633065 5.03362319182658 1.97719962698713
"284" 276 1.33576974996152 5.04546084671518 1.97949391659992
"285" 277 1.3366007423053 5.0572034659823 1.98178342026971
"286" 278 1.33741321992987 5.0694936889406 1.98406816520396
"287" 279 1.33825036451632 5.08084126771599 1.9863481783583
"288" 280 1.33904766300524 5.09183525775718 1.98862348643967
"289" 281 1.33980935966148 5.10405481104502 1.99089411590951
"290" 282 1.34064354044581 5.11583186140048 1.99316009298696
"291" 283 1.3414502244618 5.12803342194014 1.99542144365179
"292" 284 1.34223599288663 5.13937861877204 1.99767819364753
"293" 285 1.34303025328346 5.1516022329582 1.99993036848445
"294" 286 1.34379097320248 5.16257604725333 2.00217799344234
"295" 287 1.3446051093674 5.17497381976102 2.00442109357362
"296" 288 1.34537561356791 5.18646678241026 2.00665969370596
"297" 289 1.34617933211911 5.19818825512284 2.00889381844515
"298" 290 1.34699401934691 5.21002387107329 2.01112349217791
"299" 291 1.34775948153553 5.22131688146938 2.01334873907444
"300" 292 1.34854200847766 5.23302413758192 2.01556958309122
"301" 293 1.3493225129953 5.2450102107465 2.01778604797358
"302" 294 1.3500688110311 5.25737857456325 2.01999815725818
"303" 295 1.35085061060238 5.26875174870821 2.02220593427572
"304" 296 1.35160357343621 5.28054800191621 2.02440940215329
"305" 297 1.35238518152277 5.29158574404303 2.02660858381689
"306" 298 1.35316630805378 5.30351803158271 2.02880350199386
"307" 299 1.35391015463009 5.31487167899962 2.03099417921518
"308" 300 1.35472256290677 5.32627431642032 2.03318063781796
"309" 301 1.35548810748686 5.33770339478757 2.03536289994762
"310" 302 1.35619287494688 5.34894842280472 2.03754098756021
"311" 303 1.35693321067607 5.36075373563101 2.03971492242467
"312" 304 1.35772076716855 5.37230389431774 2.04188472612498
"313" 305 1.35845738855785 5.38414133595617 2.04405042006241
"314" 306 1.35925038201677 5.39579359267926 2.04621202545765
"315" 307 1.35999464475186 5.40757895146507 2.04836956335281
"316" 308 1.36068471894189 5.41934752494014 2.05052305461366
"317" 309 1.36142934723213 5.4309127877771 2.05267251993154
"318" 310 1.36215818194297 5.44302301674528 2.05481797982544
"319" 311 1.36294663788278 5.45486928996102 2.056959454644
"320" 312 1.36369218310851 5.46545702547214 2.05909696456746
"321" 313 1.36448286675405 5.47699779210792 2.06123052960954
"322" 314 1.36525348584015 5.48827610096274 2.06336016961936
"323" 315 1.36596197897697 5.50015340168961 2.06548590428338
"324" 316 1.3666263079202 5.51158142530071 2.06760775312717
"325" 317 1.36738822551032 5.52281818077044 2.06972573551724
"326" 318 1.36813848415764 5.53423606199673 2.07183987066289
"327" 319 1.3688573742928 5.54527338120375 2.07395017761782
"328" 320 1.369626287558 5.55720121210129 2.07605667528216
"329" 321 1.37038269443108 5.5688313210856 2.07815938240384
"330" 322 1.37111127972842 5.58025211513813 2.08025831758056
"331" 323 1.37184900931743 5.59168517287865 2.08235349926134
"332" 324 1.37255622169759 5.60313247986376 2.08444494574811
"333" 325 1.37326669834102 5.61506168740816 2.08653267519746
"334" 326 1.37399326685237 5.62596672415228 2.08861670562214
"335" 327 1.37471798529225 5.63839930113443 2.09069705489276
"336" 328 1.37540735818487 5.65085533947929 2.09277374073908
"337" 329 1.37614993868443 5.66238202804247 2.09484678075192
"338" 330 1.37689649366273 5.67361514624989 2.09691619238432
"339" 331 1.37761206573286 5.68522318014651 2.09898199295327
"340" 332 1.37833888411655 5.69636398448233 2.10104419964103
"341" 333 1.37906486839258 5.70732385231445 2.10310282949666
"342" 334 1.37973806259797 5.71865519344993 2.10515789943746
"343" 335 1.38041603750549 5.73048476114056 2.10720942625032
"344" 336 1.38112249975372 5.7413518819555 2.10925742659311
"345" 337 1.38188234393551 5.7527700451138 2.11130191699618
"346" 338 1.3825558817075 5.76406860688308 2.11334291386348
"347" 339 1.3832443554209 5.77597051325812 2.11538043347412
"348" 340 1.38398884729622 5.78790768085247 2.1174144919836
"349" 341 1.38469664194934 5.79945580380328 2.11944510542505
"350" 342 1.38537350801004 5.81010899137478 2.1214722897106
"351" 343 1.38603744366962 5.820957836769 2.12349606063261
"352" 344 1.38671336803114 5.83227135279847 2.12551643386494
"353" 345 1.38737002142939 5.84305999612768 2.12753342496412
"354" 346 1.38812220750704 5.85439993771228 2.12954704937063
"355" 347 1.38883167040491 5.86516601189491 2.13155732241007
"356" 348 1.38954746956849 5.87701204234681 2.13356425929434
"357" 349 1.39025209673889 5.88837031742215 2.13556787512283
"358" 350 1.39094150490556 5.89938970276946 2.13756818488354
"359" 351 1.39162290476028 5.91008120307569 2.13956520345426
"360" 352 1.3922751493848 5.92144467740836 2.14155894560362
"361" 353 1.39293353878971 5.93287289684214 2.14354942599229
"362" 354 1.39364896200068 5.94424813888702 2.14553665917401
"363" 355 1.39429392295487 5.95507848244012 2.14752065959666
"364" 356 1.39494297583488 5.96642133832265 2.14950144160342
"365" 357 1.39563543107846 5.97761168321998 2.15147901943369
"366" 358 1.39626588907986 5.98930092424222 2.15345340722421
"367" 359 1.3969191852475 6.00058916920015 2.15542461901008
"368" 360 1.39758058443298 6.01143882786459 2.15739266872574
"369" 361 1.39828002530258 6.02271109011947 2.15935757020598
"370" 362 1.39895798104189 6.0344807268709 2.161319337187
"371" 363 1.39962911830288 6.04587025350451 2.16327798330723
"372" 364 1.40028210329571 6.05626139157448 2.16523352210842
"373" 365 1.4009215879754 6.06714407971326 2.16718596703654
"374" 366 1.40157675417299 6.0779232577918 2.16913533144274
"375" 367 1.40221099425805 6.0886865157812 2.17108162858425
"376" 368 1.40286672927331 6.09968902831734 2.17302487162533
"377" 369 1.40350154299505 6.1106725005544 2.1749650736381
"378" 370 1.4041419078142 6.1219799575997 2.17690224760352
"379" 371 1.40483691452594 6.13268968828026 2.17883640641226
"380" 372 1.40543057105892 6.143557361144 2.18076756286547
"381" 373 1.40609456149561 6.15470457075591 2.18269572967577
"382" 374 1.40673886690144 6.1654798768626 2.18462091946799
"383" 375 1.40741906792093 6.17605167665978 2.18654314478015
"384" 376 1.4080426903637 6.18646320266263 2.18846241806407
"385" 377 1.40867817339265 6.19628837879848 2.1903787516864
"386" 378 1.40929936162195 6.20724346474488 2.19229215792935
"387" 379 1.40992242843459 6.21803951624231 2.19420264899146
"388" 380 1.41053745012431 6.22898125050822 2.19611023698837
"389" 381 1.41117143229346 6.23956470647388 2.19801493395366
"390" 382 1.41181113433313 6.25014898864638 2.19991675183968
"391" 383 1.4124911727753 6.26105091147737 2.20181570251814
"392" 384 1.41313324222434 6.27222354714098 2.20371179778096
"393" 385 1.41372837689121 6.28383721075232 2.20560504934104
"394" 386 1.41439172979396 6.29415769569918 2.20749546883293
"395" 387 1.41502248860435 6.30508264039281 2.2093830678136
"396" 388 1.41569245113216 6.31581912095004 2.21126785776312
"397" 389 1.4163640349652 6.32648833793167 2.21314985008538
"398" 390 1.4170258640036 6.33695489773115 2.21502905610887
"399" 391 1.41767208429011 6.3481859903502 2.21690548708723
"400" 392 1.4183150738508 6.35976193649673 2.21877915420003
"401" 393 1.41895804165527 6.37019367672707 2.22065006855338
"402" 394 1.41955361961637 6.38119946423559 2.22251824118065
"403" 395 1.42016399255018 6.39215141209148 2.22438368304321
"404" 396 1.42078557248516 6.4024734421341 2.22624640503082
"405" 397 1.42141641134706 6.4128769180967 2.2281064179626
"406" 398 1.42206824706614 6.42348180225134 2.2299637325874
"407" 399 1.42270904105884 6.43476847618305 2.23181835958457
"408" 400 1.42331555768662 6.44656989240534 2.23367030956465
"409" 401 1.4239000433524 6.45630560037344 2.23551959306968
"410" 402 1.42447585420305 6.46746206007053 2.23736622057424
"411" 403 1.42515466423409 6.4776815002609 2.23921020248572
"412" 404 1.4257959147655 6.48817566177048 2.24105154914495
"413" 405 1.42641590959323 6.49926117292977 2.24289027082705
"414" 406 1.42703293777915 6.50968417293827 2.24472637774167
"415" 407 1.42759914474229 6.52041206846172 2.24655988003374
"416" 408 1.42822833501859 6.53138040498048 2.24839078778411
"417" 409 1.42882459058221 6.54248025521698 2.2502191110099
"418" 410 1.42939178814828 6.55392214790048 2.25204485966528
"419" 411 1.43002712380344 6.56470272028997 2.25386804364179
"420" 412 1.43058685438142 6.57602960149576 2.25568867276916
"421" 413 1.43120621128901 6.58654472438428 2.25750675681555
"422" 414 1.43174111893987 6.59671060423329 2.25932230548834
"423" 415 1.43237432610474 6.60700899227293 2.26113532843448
"424" 416 1.43294747716941 6.61775067607602 2.26294583524105
"425" 417 1.43354600370923 6.62892822123563 2.26475383543589
"426" 418 1.43414400995058 6.64003599007927 2.26655933848798
"427" 419 1.4346827987353 6.65158079784052 2.26836235380786
"428" 420 1.4352652150144 6.6613576593519 2.27016289074842
"429" 421 1.4358363226328 6.67182006981336 2.27196095860516
"430" 422 1.43641773207577 6.68176936418339 2.27375656661665
"431" 423 1.43698610237219 6.69225678883336 2.27554972396519
"432" 424 1.43753409275629 6.70355182972 2.27734043977721
"433" 425 1.43811141130662 6.71483025138488 2.27912872312357
"434" 426 1.43868983938837 6.72611391442988 2.28091458302039
"435" 427 1.43924165406682 6.73662733308944 2.28269802842914
"436" 428 1.43984646666955 6.74696952609415 2.28447906825735
"437" 429 1.44044617585964 6.75751513120576 2.28625771135892
"438" 430 1.44103374905332 6.76828331490539 2.28803396653457
"439" 431 1.44160805592838 6.77855535628963 2.28980784253245
"440" 432 1.44216374150172 6.78945255011469 2.29157934804832
"441" 433 1.44274900559423 6.80041451356441 2.29334849172621
"442" 434 1.44333689576011 6.81131872972471 2.29511528215873
"443" 435 1.44396516548011 6.82235618162038 2.29687972788751
"444" 436 1.44456628813177 6.83305850739377 2.2986418374036
"445" 437 1.4451365088673 6.8438039953521 2.3004016191479
"446" 438 1.44572059372275 6.85477937734773 2.30215908151162
"447" 439 1.44630447697722 6.86499796313607 2.30391423283666
"448" 440 1.44685617682986 6.87532145858714 2.30566708141599
"449" 441 1.44745024100995 6.88642255977167 2.30741763549393
"450" 442 1.44800748301363 6.89668222369635 2.30916590326689
"451" 443 1.44864004020817 6.90669937124819 2.31091189288331
"452" 444 1.44920064799279 6.91754108376336 2.31265561244444
"453" 445 1.44974467781235 6.92792985924904 2.3143970700045
"454" 446 1.45031020145939 6.93796254896052 2.31613627357104
"455" 447 1.4508481875358 6.94856259381564 2.31787323110548
"456" 448 1.45142659269291 6.95926413067445 2.31960795052334
"457" 449 1.45196382882906 6.96981925294204 2.32134043969465
"458" 450 1.45250716542855 6.98126983898139 2.32307070644431
"459" 451 1.45304574865463 6.99139201666004 2.32479875855248
"460" 452 1.45358550933774 7.00120988673786 2.32652460375487
"461" 453 1.45413663134262 7.01168653076196 2.32824824974311
"462" 454 1.45469914452311 7.02227669357578 2.32996970416519
"463" 455 1.45525963883951 7.03294657314617 2.33168897462558
"464" 456 1.45580449697441 7.04361130506364 2.3334060686859
"465" 457 1.45637151067492 7.05430892965857 2.33512099386496
"466" 458 1.45686641920233 7.06491088390043 2.33683375763924
"467" 459 1.45735282355567 7.07532548110121 2.33854436744317
"468" 460 1.45788382127849 7.08571986134272 2.34025283066951
"469" 461 1.45844225935329 7.095606581703 2.3419591546696
"470" 462 1.45902437880834 7.10578984818178 2.34366334675381
"471" 463 1.45955801606673 7.11656038191905 2.34536541419162
"472" 464 1.46011469992451 7.12728208380152 2.3470653642122
"473" 465 1.4606845932745 7.13771764662461 2.34876320400463
"474" 466 1.4612515298154 7.14807617753456 2.35045894071802
"475" 467 1.46180426766496 7.15830682968529 2.35215258146219
"476" 468 1.46234852017578 7.16893493638445 2.35384413330763
"477" 469 1.46292604519715 7.17964890838198 2.35553360328594
"478" 470 1.46348397479131 7.19017016662695 2.35722099839014
"479" 471 1.46404087747201 7.20025356968257 2.35890632557489
"480" 472 1.46459733475111 7.21030601617057 2.36058959175697
"481" 473 1.46513962334332 7.2206816592507 2.3622708038153
"482" 474 1.4656819927107 7.23089309232981 2.36394996859142
"483" 475 1.46623163457434 7.24138667994455 2.36562709288958
"484" 476 1.46676540912063 7.25173318877254 2.36730218347735
"485" 477 1.46727177854231 7.26145753993171 2.36897524708557
"486" 478 1.46781346557926 7.27207549078643 2.3706462904087
"487" 479 1.46833396264222 7.28234958303594 2.37231532010528
"488" 480 1.46887343489889 7.29197728163097 2.37398234279795
"489" 481 1.46945873741974 7.30172637426575 2.37564736507386
"490" 482 1.46998777559412 7.31138911692688 2.37731039348487
"491" 483 1.47052628375278 7.32156111227449 2.37897143454794
"492" 484 1.47104243455502 7.33117805005355 2.38063049474515
"493" 485 1.47155767978527 7.34104468051019 2.38228758052418
"494" 486 1.47206914939248 7.35072636418985 2.38394269829849
"495" 487 1.47257331209405 7.36086044567779 2.38559585444752
"496" 488 1.47307666729664 7.37095775494667 2.38724705531695
"497" 489 1.4735951221077 7.38093044320278 2.38889630721907
"498" 490 1.47410471381294 7.39131242306523 2.39054361643289
"499" 491 1.4746316255373 7.40102715767833 2.39218898920442
"500" 492 1.47515735892095 7.4115748942823 2.39383243174691
"501" 493 1.47567212558672 7.42187359707596 2.39547395024109
"502" 494 1.47618149060849 7.43214215756241 2.39711355083541
"503" 495 1.47670966409221 7.44258087431319 2.39875123964633
"504" 496 1.47722502484563 7.45256894269408 2.40038702275841
"505" 497 1.47768848655878 7.46255131347888 2.40202090622465
"506" 498 1.47817274675516 7.47290618371344 2.40365289606676
"507" 499 1.47866400987641 7.48328175631717 2.40528299827519
"508" 500 1.47917911888848 7.49380573664339 2.40691121880953
"509" 501 1.47966450420635 7.5036347918403 2.40853756359878
"510" 502 1.48015683594102 7.51403009379008 2.41016203854136
"511" 503 1.48065104439306 7.52464755551218 2.41178464950542
"512" 504 1.4811275376245 7.53442926997913 2.41340540232911
"513" 505 1.48157858073671 7.54417768294683 2.41502430282077
"514" 506 1.48208600392206 7.55442490488991 2.41664135675914
"515" 507 1.48260384429722 7.56451543414279 2.4182565698935
"516" 508 1.48312045769975 7.5746014330931 2.41986994794394
"517" 509 1.48360250408075 7.58452003611687 2.42148149660156
"518" 510 1.48411054457444 7.59459027616328 2.42309122152869
"519" 511 1.48464566119668 7.60520760582083 2.42469912835904
"520" 512 1.48511804144223 7.61466153017278 2.42630522269805
"521" 513 1.48562994132705 7.62390799622365 2.42790951012276
"522" 514 1.48613767432694 7.63371390766667 2.42951199618243
"523" 515 1.48664734745916 7.64379554261653 2.4311126863983
"524" 516 1.48713177950617 7.65386184897308 2.43271158626426
"525" 517 1.48762285557008 7.66395928754782 2.43430870124656
"526" 518 1.48808258046395 7.67462510324451 2.43590403678435
"527" 519 1.48858180915675 7.68504572879252 2.43749759828968
"528" 520 1.48909646555098 7.69579184568858 2.43908939114786
"529" 521 1.48954760878783 7.70620528524504 2.44067942071735
"530" 522 1.49001922874695 7.71615958889562 2.44226769233029
"531" 523 1.49051049826656 7.72655226442991 2.44385421129244
"532" 524 1.49098265522826 7.73700798821471 2.44543898288345
"533" 525 1.49146935138672 7.74740038582249 2.44702201235707
"534" 526 1.49197325132026 7.75777383438157 2.44860330494115
"535" 527 1.49244621373025 7.76736155006343 2.45018286583814
"536" 528 1.49292602395027 7.77693467910575 2.45176070022493
"537" 529 1.49343137235999 7.78722385779127 2.4533368132532
"538" 530 1.49395793606328 7.79754977433288 2.45491121004956
"539" 531 1.49444560153782 7.80783542883487 2.45648389571571
"540" 532 1.49499843619881 7.81760574968316 2.45805487532866
"541" 533 1.49549211089033 7.8274352433879 2.45962415394071
"542" 534 1.49595795050903 7.83767710579522 2.4611917365799
"543" 535 1.496463707142 7.84849923166922 2.46275762824998
"544" 536 1.49688967150816 7.85830789313128 2.46432183393053
"545" 537 1.49743028023681 7.86769460767349 2.46588435857737
"546" 538 1.49787566606318 7.87761658188527 2.46744520712238
"547" 539 1.4983590544616 7.88785392905671 2.46900438447401
"548" 540 1.49889413042659 7.89787822544424 2.4705618955171
"549" 541 1.49934985688309 7.90814028896944 2.47211774511329
"550" 542 1.49980588068129 7.91720509070405 2.47367193810106
"551" 543 1.50027059581508 7.92794478880153 2.47522447929588
"552" 544 1.50080422801491 7.93766267409833 2.47677537349052
"553" 545 1.50128103115125 7.94724786312982 2.47832462545478
"554" 546 1.50175931462969 7.95594337263074 2.47987223993623
"555" 547 1.50223155163318 7.96483228267966 2.48141822165984
"556" 548 1.502706551908 7.97467233584069 2.48296257532847
"557" 549 1.50323007167178 7.98515695784539 2.48450530562278
"558" 550 1.50368676704569 7.99494171235745 2.4860464172015
"559" 551 1.50416206949723 8.00514095466588 2.48758591470167
"560" 552 1.50459592573616 8.01480483924465 2.48912380273842
"561" 553 1.50510558942176 8.02407632445817 2.49066008590559
"562" 554 1.50557794689249 8.03388588082477 2.49219476877546
"563" 555 1.50604881266563 8.04381810965197 2.49372785589922
"564" 556 1.50654927740547 8.05348773017065 2.49525935180672
"565" 557 1.50700957214082 8.06388546400748 2.4967892610071
"566" 558 1.50750640932814 8.07420020430561 2.49831758798841
"567" 559 1.50800149227543 8.08366400699679 2.49984433721816
"568" 560 1.50843311016941 8.09372472483559 2.50136951314317
"569" 561 1.50892643854982 8.10421520254028 2.50289312018989
"570" 562 1.50939978197523 8.11529186662126 2.50441516276443
"571" 563 1.50990015332321 8.12518387939425 2.50593564525264
"572" 564 1.510329602523 8.13565675622637 2.50745457202041
"573" 565 1.51077596993853 8.14447498596694 2.50897194741366
"574" 566 1.51122891084631 8.1538019957569 2.51048777575848
"575" 567 1.51169456271198 8.1639574253028 2.51200206136137
"576" 568 1.51217751117902 8.17410850754401 2.51351480850914
"577" 569 1.51262004067129 8.18420120492397 2.5150260214692
"578" 570 1.51312034896251 8.19375794885621 2.51653570448974
"579" 571 1.5135438150003 8.20401958449108 2.51804386179967
"580" 572 1.51396003644575 8.21320442548011 2.51955049760884
"581" 573 1.51435667555514 8.22306529006307 2.52105561610812
"582" 574 1.51479852044184 8.23364554986245 2.5225592214697
"583" 575 1.51525166798042 8.24407512300164 2.52406131784685
"584" 576 1.51570391705866 8.25434169901446 2.52556190937438
"585" 577 1.51617813250038 8.26376870004565 2.52706100016853
"586" 578 1.51661189088767 8.27293712906068 2.5285585943272
"587" 579 1.51705755369466 8.28320721420026 2.53005469593003
"588" 580 1.51751676508581 8.29309642519365 2.53154930903857
"589" 581 1.51801122278046 8.30403841027981 2.53304243769628
"590" 582 1.51848878373936 8.31435250163014 2.53453408592862
"591" 583 1.51895050591035 8.32395776063332 2.53602425774349
"592" 584 1.51940055307214 8.33329148563668 2.5375129571308
"593" 585 1.51982859468766 8.34265652167401 2.53900018806304
"594" 586 1.52032722192581 8.3520167846686 2.5404859544952
"595" 587 1.52075090345505 8.36202279043938 2.5419702603648
"596" 588 1.52121165066344 8.37232440247182 2.54345310959218
"597" 589 1.52162842634215 8.38309074564497 2.54493450608039
"598" 590 1.52210896818447 8.39391314077989 2.54641445371565
"599" 591 1.52255999206241 8.40362293947268 2.54789295636701
"600" 592 1.52300704379156 8.41322879904132 2.54937001788665
"601" 593 1.52345711812315 8.4225615955719 2.55084564211013
"602" 594 1.52390898663201 8.43260040737875 2.55231983285632
"603" 595 1.52437084235633 8.44249385134687 2.55379259392748
"604" 596 1.52485212189341 8.45286719199874 2.55526392910939
"605" 597 1.52525379835209 8.46231913880103 2.55673384217154
"606" 598 1.52568043456676 8.4717493623304 2.5582023368672
"607" 599 1.52611226873333 8.48178465121361 2.55966941693339
"608" 600 1.52653081853984 8.49251139630061 2.56113508609107
"609" 601 1.52699363140094 8.50246759640384 2.56259934804529
"610" 602 1.52751554308523 8.51125045691611 2.56406220648518
"611" 603 1.52799051969479 8.52155110138754 2.56552366508404
"612" 604 1.52840046818695 8.53045977022155 2.56698372749962
"613" 605 1.5288423705088 8.53935629126209 2.56844239737398
"614" 606 1.52925600948836 8.54829863602003 2.56989967833367
"615" 607 1.52970153021676 8.5576856251999 2.57135557398994
"616" 608 1.53016429780831 8.56812561141548 2.57281008793846
"617" 609 1.53059227076435 8.57792913609361 2.57426322376001
"618" 610 1.53102303945761 8.58703941782052 2.57571498502003
"619" 611 1.53143623173991 8.5961455686192 2.57716537526889
"620" 612 1.53188872058954 8.60498388603282 2.57861439804212
"621" 613 1.53229564541758 8.61449745722542 2.58006205686025
"622" 614 1.53272622019119 8.62423316014851 2.5815083552291
"623" 615 1.53313590734893 8.63396475186312 2.58295329663971
"624" 616 1.53355782096317 8.64369224078823 2.58439688456865
"625" 617 1.53398136876344 8.65341563531065 2.58583912247773
"626" 618 1.53443463182138 8.66309974301586 2.58728001381453
"627" 619 1.53486110496086 8.67344208347498 2.5887195620122
"628" 620 1.53531397370242 8.68284952259492 2.59015777048954
"629" 621 1.53574164938689 8.69309220620523 2.59159464265115
"630" 622 1.5361607717787 8.70247896014282 2.59303018188758
"631" 623 1.53661692067602 8.71223036319982 2.59446439157539
"632" 624 1.5370640788981 8.72135886727819 2.59589727507702
"633" 625 1.53747532331836 8.73051022988281 2.59732883574115
"634" 626 1.53791181314261 8.73976979654396 2.59875907690266
"635" 627 1.53833020246152 8.74941821702286 2.6001880018827
"636" 628 1.53873864630847 8.75897130751939 2.60161561398872
"637" 629 1.53917991456177 8.76776676434467 2.6030419165147
"638" 630 1.53958233466516 8.77748140472394 2.60446691274104
"639" 631 1.53998551068857 8.7869170269121 2.60589060593477
"640" 632 1.54041710323538 8.79628241021197 2.60731299934967
"641" 633 1.5408259964197 8.80640681938294 2.60873409622617
"642" 634 1.54127259463861 8.81532859759629 2.61015389979147
"643" 635 1.54168521695274 8.824196686486 2.61157241325983
"644" 636 1.54206048352437 8.83439328480278 2.6129896398323
"645" 637 1.54247530144475 8.84332545021507 2.61440558269704
"646" 638 1.54287245638486 8.85301762425807 2.61582024502939
"647" 639 1.54328605292183 8.8625187703503 2.61723362999169
"648" 640 1.54371927613618 8.87177267796651 2.61864574073378
"649" 641 1.5441644445223 8.88152649204191 2.62005658039268
"650" 642 1.54453804912662 8.89142885307734 2.62146615209275
"651" 643 1.54499341659632 8.9004047397832 2.62287445894591
"652" 644 1.54546323789438 8.9091999635319 2.62428150405167
"653" 645 1.54594602367683 8.91820414692091 2.62568729049706
"654" 646 1.54636992220099 8.92787024501539 2.62709182135671
"655" 647 1.54682577030488 8.9371561201028 2.62849509969316
"656" 648 1.54724603350983 8.94705256533847 2.62989712855669
"657" 649 1.54766198988658 8.95724220130193 2.63129791098539
"658" 650 1.54811600901742 8.96628858089999 2.63269745000542
"659" 651 1.54856936727175 8.97531310176864 2.63409574863092
"660" 652 1.5490090066998 8.98463942122963 2.63549280986395
"661" 653 1.54945032682943 8.99447237250878 2.63688863669495
"662" 654 1.54989317098043 9.0040878606585 2.63828323210244
"663" 655 1.55029882598807 9.01331390227629 2.63967659905319
"664" 656 1.55069396466388 9.02370822492419 2.64106874050231
"665" 657 1.55113201556458 9.03268695006261 2.64245965939345
"666" 658 1.55158415989227 9.04165657795693 2.64384935865851
"667" 659 1.55196290291341 9.05074245988081 2.64523784121804
"668" 660 1.55237405909648 9.06059592873109 2.64662510998127
"669" 661 1.55272953057083 9.0702150026566 2.64801116784579
"670" 662 1.55316915693279 9.07979182243474 2.64939601769816
"671" 663 1.55360638914143 9.08952061038194 2.65077966241364
"672" 664 1.55401509956057 9.09918932759659 2.65216210485629
"673" 665 1.55444322675375 9.10884195374505 2.65354334787916
"674" 666 1.55488588186601 9.1179644452194 2.65492339432402
"675" 667 1.55529362041349 9.12728765672394 2.65630224702188
"676" 668 1.55565342732163 9.13624406649718 2.65767990879271
"677" 669 1.5561186955002 9.14565111266265 2.65905638244571
"678" 670 1.55655090049497 9.15441563916418 2.66043167077916
"679" 671 1.55698475993805 9.16403823883867 2.66180577658066
"680" 672 1.55739068231558 9.17372120733648 2.66317870262706
"681" 673 1.55778511849347 9.18329268768513 2.66455045168453
"682" 674 1.55817760552746 9.19297592049607 2.66592102650873
"683" 675 1.55855892222207 9.20242937519614 2.66729042984481
"684" 676 1.55897619869494 9.21188931138617 2.66865866442734
"685" 677 1.55935745160951 9.22134558808127 2.67002573298063
"686" 678 1.55974802048743 9.23079821209866 2.67139163821841
"687" 679 1.56014174209811 9.24045886084647 2.67275638284442
"688" 680 1.56049334656442 9.25011624102851 2.67411996955172
"689" 681 1.56083435783048 9.25989204481864 2.67548240102361
"690" 682 1.56126564075729 9.26940984542102 2.67684367993291
"691" 683 1.56163958898505 9.27903844956372 2.67820380894249
"692" 684 1.56207155126477 9.28878268382891 2.67956279070519
"693" 685 1.56244706446611 9.29846881562674 2.68092062786388
"694" 686 1.56282874724967 9.30801562152431 2.68227732305139
"695" 687 1.56322988789958 9.31762142581828 2.68363287889076
"696" 688 1.56359892790684 9.32716299119667 2.68498729799515
"697" 689 1.56397785638373 9.33667476200744 2.68634058296789
"698" 690 1.56439212370987 9.3448750191616 2.68769273640274
"699" 691 1.56475473164715 9.35327427003232 2.68904376088366
"700" 692 1.56519005144238 9.36263375793324 2.69039365898492
"701" 693 1.5655975512425 9.37172183342717 2.69174243327147
"702" 694 1.56600536452582 9.38045127354428 2.69309008629839
"703" 695 1.56637230901155 9.38917674115702 2.69443662061142
"704" 696 1.56673398514641 9.39807591634935 2.69578203874702
"705" 697 1.56711485302869 9.40772400107669 2.69712634323209
"706" 698 1.56749799131185 9.41763817132611 2.69846953658414
"707" 699 1.56789908113326 9.4270512827474 2.69981162131162
"708" 700 1.56830337961015 9.43701493351761 2.7011525999135
"709" 701 1.56874123132978 9.447025700577 2.70249247487968
"710" 702 1.56911274486909 9.45637924469136 2.70383124869092
"711" 703 1.5695170464925 9.46571633988127 2.70516892381882
"712" 704 1.56996755227738 9.47482064285844 2.70650550272601
"713" 705 1.57036977483195 9.48388906854013 2.70784098786603
"714" 706 1.57078280375459 9.49340704081553 2.70917538168349
"715" 707 1.571156982881 9.50292167044879 2.71050868661409
"716" 708 1.57152961752209 9.51244813986957 2.71184090508462
"717" 709 1.5719059654491 9.5219489536165 2.71317203951311
"718" 710 1.57227372019018 9.53133743663746 2.71450209230876
"719" 711 1.57267657264499 9.54085743873463 2.71583106587196
"720" 712 1.57301942514661 9.55027555743009 2.71715896259453
"721" 713 1.57343225006902 9.55934926163729 2.71848578485966
"722" 714 1.57386133728459 9.56840123501936 2.71981153504187
"723" 715 1.57427584260258 9.57767275472749 2.72113621550698
"724" 716 1.57466439494406 9.58701982209853 2.72245982861249
"725" 717 1.57504746236058 9.59633650367747 2.72378237670734
"726" 718 1.57540401491427 9.60565477693494 2.72510386213213
"727" 719 1.57579540168486 9.61511408940533 2.72642428721889
"728" 720 1.57619066924488 9.62524625519586 2.72774365429138
"729" 721 1.5765915770466 9.6335821957154 2.72906196566503
"730" 722 1.57696644523854 9.64324196281716 2.73037922364714
"731" 723 1.5773686292857 9.6538524018581 2.7316954305366
"732" 724 1.57770201680206 9.66339660478283 2.73301058862415
"733" 725 1.57807341166897 9.67292598017178 2.73432470019234
"734" 726 1.57845120867334 9.6824438331065 2.73563776751583
"735" 727 1.57883421385487 9.69148170192045 2.73694979286102
"736" 728 1.5792355454156 9.70048929873866 2.73826077848622
"737" 729 1.57960601865653 9.70999919541849 2.73957072664198
"738" 730 1.57997578864574 9.71910638945047 2.74087963957071
"739" 731 1.58035406619257 9.72822615370839 2.74218751950693
"740" 732 1.58076000474248 9.73739311999104 2.74349436867742
"741" 733 1.58116501641825 9.74705528185486 2.74480018930094
"742" 734 1.58153809099914 9.75575181914768 2.74610498358858
"743" 735 1.58192831255124 9.76517432940644 2.74740875374375
"744" 736 1.5823102246435 9.77493548722934 2.74871150196186
"745" 737 1.5826978779799 9.78436140089061 2.75001323043089
"746" 738 1.58304536224637 9.79447908204561 2.75131394133106
"747" 739 1.58343131211172 9.80302648195755 2.75261363683514
"748" 740 1.58379775718707 9.81204666850226 2.753912319108
"749" 741 1.58416626176739 9.82161968089904 2.75520999030733
"750" 742 1.58454735022361 9.8306356740413 2.75650665258307
"751" 743 1.58488424590176 9.83911162738367 2.75780230807796
"752" 744 1.58525179388785 9.84843931533258 2.75909695892694
"753" 745 1.58560518129608 9.85827925617583 2.76039060725793
"754" 746 1.58596895643869 9.86834129122593 2.76168325519122
"755" 747 1.58633308250817 9.87838708510344 2.76297490483998
"756" 748 1.58670108224075 9.88763191252575 2.76426555830994
"757" 749 1.58705490606212 9.89647519284948 2.76555521769973
"758" 750 1.58738320061219 9.90546637399916 2.76684388510064
"759" 751 1.58778115014267 9.91467741374646 2.76813156259681
"760" 752 1.58810834813304 9.92342506015882 2.76941825226526
"761" 753 1.58848607785004 9.93245889822345 2.77070395617589
"762" 754 1.58887995421855 9.94119706235202 2.77198867639147
"763" 755 1.58924785411722 9.94992729346589 2.77327241496787
"764" 756 1.58962472136457 9.95930641085993 2.77455517395373
"765" 757 1.59001709754639 9.96811124872771 2.77583695539087
"766" 758 1.59040856177882 9.97707578104089 2.77711776131412
"767" 759 1.5907513623994 9.98711118020984 2.77839759375141
"768" 760 1.59109671902924 9.99672614949391 2.77967645472371
"769" 761 1.59149144455537 10.0058520424194 2.78095434624536
"770" 762 1.59184981984655 10.0148241361446 2.78223127032357
"771" 763 1.59222903136481 10.0238733447976 2.78350722895898
"772" 764 1.5925865905334 10.032787969186 2.78478222414545
"773" 765 1.59297219380782 10.041383696057 2.78605625786999
"774" 766 1.59333491547472 10.0509855018848 2.78732933211325
"775" 767 1.59367511409407 10.060046596084 2.78860144884868
"776" 768 1.59401454204846 10.0690352004841 2.78987261004374
"777" 769 1.59438191009703 10.0780588322564 2.79114281765867
"778" 770 1.59473931114536 10.0869741947125 2.79241207364768
"779" 771 1.59512601139632 10.0961097765871 2.79368037995806
"780" 772 1.59549774727657 10.1051130983869 2.79494773853086
"781" 773 1.59588038046526 10.1140930220131 2.79621415130049
"782" 774 1.59622784107211 10.123443760474 2.79747962019488
"783" 775 1.59659964267555 10.1328903150169 2.79874414713567
"784" 776 1.59695616867425 10.141979553235 2.80000773403818
"785" 777 1.59731977397902 10.1502676874231 2.80127038281116
"786" 778 1.5976757151948 10.1592445468106 2.80253209535725
"787" 779 1.59803739812507 10.1682798893009 2.80379287357252
"788" 780 1.5984094520748 10.1780661174281 2.80505271934704
"789" 781 1.59874866296303 10.1871074496622 2.80631163456445
"790" 782 1.5990971196594 10.1957003572059 2.80756962110238
"791" 783 1.59947199850771 10.2048581934806 2.80882668083208
"792" 784 1.59982367840276 10.2137561055132 2.81008281561878
"793" 785 1.60018455087613 10.2224888108365 2.8113380273214
"794" 786 1.60053131886756 10.2312182663559 2.81259231779303
"795" 787 1.60089142955509 10.2400401983825 2.81384568888054
"796" 788 1.6012150319291 10.2489622039102 2.8150981424246
"797" 789 1.60154522293585 10.2578390235886 2.81634968026023
"798" 790 1.60192128762477 10.2668497556883 2.81760030421605
"799" 791 1.60231707774929 10.2759698849226 2.81885001611518
"800" 792 1.60270600381443 10.2850707503822 2.82009881777427
"801" 793 1.60304227725096 10.2941592337327 2.82134671100449
"802" 794 1.60337892269404 10.3032090149393 2.82259369761105
"803" 795 1.60373569886928 10.3122494387867 2.82383977939306
"804" 796 1.60408433044742 10.3217006547376 2.82508495814409
"805" 797 1.60445575329601 10.3306274402369 2.82632923565179
"806" 798 1.60477519093156 10.3395440216975 2.82757261369801
"807" 799 1.60513547196821 10.3484457920111 2.82881509405893
"808" 800 1.60545039030233 10.35749390636 2.83005667850476
"809" 801 1.60580113241706 10.3665390601246 2.83129736880046
"810" 802 1.60614149015758 10.3758905935987 2.8325371667049
"811" 803 1.6064871305655 10.3852260030868 2.83377607397143
"812" 804 1.60683495830075 10.3948849667275 2.83501409234797
"813" 805 1.60715956506523 10.4035590146686 2.83625122357652
"814" 806 1.60749513346514 10.4127212412752 2.83748746939367
"815" 807 1.60783161674296 10.4219412091913 2.83872283153059
"816" 808 1.60816672833959 10.4317809693264 2.83995731171264
"817" 809 1.60851415331112 10.4414928942168 2.84119091165989
"818" 810 1.60883541139239 10.4499302306662 2.84242363308694
"819" 811 1.60916821564825 10.4583643240348 2.84365547770281
"820" 812 1.60955927133919 10.4672971472947 2.84488644721108
"821" 813 1.60986809273059 10.4761826643113 2.84611654331011
"822" 814 1.61023158122496 10.4846440942189 2.84734576769274
"823" 815 1.610600067678 10.4939552345241 2.84857412204644
"824" 816 1.61092681736182 10.5036083232055 2.84980160805345
"825" 817 1.61127695682473 10.5127721960612 2.85102822739067
"826" 818 1.61159951429433 10.5218490461832 2.85225398172963
"827" 819 1.61196118349985 10.5307305411328 2.85347887273659
"828" 820 1.61226876612894 10.5395949645953 2.85470290207282
"829" 821 1.61265724822875 10.5484564418168 2.85592607139401
"830" 822 1.61297561020717 10.5574806261812 2.85714838235101
"831" 823 1.61329446529973 10.5672525042829 2.85836983658911
"832" 824 1.61362316467316 10.576364008699 2.85959043574883
"833" 825 1.61400757214522 10.5854151689993 2.86081018146532
"834" 826 1.61438502019369 10.5944607649568 2.86202907536871
"835" 827 1.61470081740797 10.6030431303226 2.86324711908409
"836" 828 1.61505376693357 10.6114834473933 2.86446431423129
"837" 829 1.61539444894443 10.6199206362327 2.86568066242541
"838" 830 1.61572354634892 10.628354701772 2.86689616527638
"839" 831 1.61603424731417 10.6369203419178 2.86811082438896
"840" 832 1.61637534102265 10.6459278222442 2.86932464136324
"841" 833 1.61671025128449 10.6549325165771 2.87053761779417
"842" 834 1.61706812741256 10.663934429122 2.87174975527188
"843" 835 1.61741611334189 10.6729335640717 2.87296105538139
"844" 836 1.61776919878009 10.6816605532856 2.87417151970305
"845" 837 1.61810556962503 10.6903599437075 2.87538114981235
"846" 838 1.61842071506503 10.6995546657446 2.87658994727972
"847" 839 1.61875570613002 10.7085392165819 2.87779791367084
"848" 840 1.61905671944508 10.7177343644218 2.87900505054678
"849" 841 1.61941875312577 10.7269325411299 2.88021135946358
"850" 842 1.61975539551985 10.7359679463424 2.88141684197269
"851" 843 1.62009362756892 10.7444527505231 2.88262149962057
"852" 844 1.62043123139881 10.7530549429748 2.88382533394937
"853" 845 1.62071854671794 10.7615093509303 2.88502834649604
"854" 846 1.62108232952385 10.7700838487622 2.88623053879318
"855" 847 1.62142789530238 10.7787781425024 2.8874319123686
"856" 848 1.62176786166094 10.7875634282977 2.88863246874554
"857" 849 1.622147450161 10.7961477748488 2.88983220944263
"858" 850 1.62251711551098 10.8049340267051 2.89103113597375
"859" 851 1.62286800252063 10.8134634562884 2.89222924984825
"860" 852 1.62325630725864 10.8217533546361 2.89342655257095
"861" 853 1.62364896577129 10.8309214653981 2.89462304564214
"862" 854 1.62402772244881 10.8402482510669 2.8958187305576
"863" 855 1.62440190126732 10.8490375137149 2.89701360880848
"864" 856 1.62476412035556 10.8576646574843 2.89820768188154
"865" 857 1.62511161475292 10.8663483744283 2.89940095125895
"866" 858 1.6254559616951 10.8750001588346 2.90059341841869
"867" 859 1.62577995800412 10.8836411926391 2.9017850848339
"868" 860 1.62613389420145 10.8922793873428 2.90297595197365
"869" 861 1.62649218785512 10.9010703197818 2.90416602130251
"870" 862 1.62683698394127 10.910073431097 2.90535529428061
"871" 863 1.62714537404514 10.9189311824488 2.90654377236372
"872" 864 1.62750264048629 10.9279903747428 2.90773145700344
"873" 865 1.62784529202508 10.9363054680267 2.90891834964664
"874" 866 1.62819030191061 10.9443333511119 2.91010445173636
"875" 867 1.6285438889019 10.9529595206978 2.91128976471108
"876" 868 1.62887064191345 10.9622482482088 2.912474290005
"877" 869 1.6292157457834 10.9713995689824 2.91365802904825
"878" 870 1.6295454877684 10.9800512741303 2.9148409832665
"879" 871 1.62986936452204 10.988668724342 2.91602315408121
"880" 872 1.63017619787019 10.9972833898999 2.91720454290992
"881" 873 1.63047325466122 11.0058952748951 2.91838515116567
"882" 874 1.63077479762903 11.0145521080276 2.91956498025736
"883" 875 1.63110846249564 11.0233003837759 2.92074403159002
"884" 876 1.63144507395699 11.0325003817722 2.92192230656426
"885" 877 1.63178688457122 11.0413890021401 2.92309980657662
"886" 878 1.63212628917835 11.0498598902546 2.92427653301964
"887" 879 1.63245761959733 11.0582946073561 2.92545248728175
"888" 880 1.63277052791275 11.0673619408806 2.92662767074707
"889" 881 1.63306485298807 11.0764968600033 2.92780208479613
"890" 882 1.63335340072731 11.0853806531303 2.92897573080505
"891" 883 1.6336500957214 11.0948163674866 2.93014861014603
"892" 884 1.63396359011423 11.1046266412397 2.93132072418727
"893" 885 1.63428042772408 11.114689424207 2.9324920742931
"894" 886 1.63460146074216 11.1243029190756 2.93366266182383
"895" 887 1.63493462729278 11.1333863195709 2.93483248813559
"896" 888 1.63526531617034 11.1419051967205 2.93600155458084
"897" 889 1.63559475467669 11.1507245411826 2.93716986250796
"898" 890 1.63593119850401 11.1589384215995 2.93833741326159
"899" 891 1.63624154496375 11.167186609759 2.93950420818243
"900" 892 1.63657106505602 11.1754555297535 2.94067024860702
"901" 893 1.63690341529903 11.1840696611965 2.94183553586853
"902" 894 1.63722463080845 11.1920989148905 2.94300007129599
"903" 895 1.63753527233277 11.2001171148413 2.94416385621445
"904" 896 1.63784808778582 11.209516073058 2.94532689194554
"905" 897 1.638162010349 11.2192091231693 2.94648917980668
"906" 898 1.63849248629887 11.2289729014301 2.94765072111205
"907" 899 1.63881052627615 11.2387347629872 2.94881151717134
"908" 900 1.63911583417398 11.2475782876168 2.94997156929124
"909" 901 1.63940868012741 11.2564137795344 2.95113087877403
"910" 902 1.6397499597303 11.2651403012314 2.95228944691882
"911" 903 1.64007614288703 11.273894937717 2.95344727502056
"912" 904 1.64042849605963 11.2826347872301 2.95460436437089
"913" 905 1.64075313743597 11.2913632949573 2.95576071625745
"914" 906 1.64104275881953 11.2997411912142 2.95691633196442
"915" 907 1.6413548015058 11.3080084616954 2.95807121277227
"916" 908 1.64165192457801 11.3165882488187 2.95922535995771
"917" 909 1.64194650715658 11.3251620107215 2.96037877479422
"918" 910 1.64225439710153 11.3337331595691 2.96153145855119
"919" 911 1.64260851849132 11.3425108004395 2.96268341249465
"920" 912 1.6429025606673 11.3510821325754 2.96383463788708
"921" 913 1.64319908003843 11.3603097096973 2.96498513598722
"922" 914 1.64347176814863 11.3695237774444 2.96613490805059
"923" 915 1.64381388331628 11.3782876725966 2.9672839553288
"924" 916 1.64414787800298 11.3865442448656 2.96843227907023
"925" 917 1.64442888307606 11.394817376756 2.96957988051946
"926" 918 1.64473150209022 11.4033833432477 2.97072676091791
"927" 919 1.64503965533534 11.4121409509959 2.97187292150318
"928" 920 1.64532530835908 11.4208980424738 2.97301836350973
"929" 921 1.64564647822337 11.4298087352851 2.97416308816826
"930" 922 1.64596672676965 11.4384364610808 2.97530709670622
"931" 923 1.64625881008489 11.44705805275 2.97645039034765
"932" 924 1.64657984851403 11.4556542610089 2.97759297031287
"933" 925 1.64688441821462 11.4642573464974 2.97873483781935
"934" 926 1.64716942589943 11.4733398014485 2.97987599408061
"935" 927 1.64744811519938 11.4824200117205 2.9810164403071
"936" 928 1.64771826753106 11.4914979802897 2.98215617770591
"937" 929 1.64803096477428 11.5005737101249 2.98329520748069
"938" 930 1.64836417702532 11.5084857483068 2.98443353083165
"939" 931 1.64869806182197 11.5164188489305 2.98557114895602
"940" 932 1.64902579173545 11.525211865297 2.98670806304735
"941" 933 1.64936358013882 11.5340787068277 2.98784427429604
"942" 934 1.64968292509672 11.5428984141423 2.98897978388928
"943" 935 1.64996324993139 11.5515446186404 2.99011459301085
"944" 936 1.6502722538718 11.5603293459074 2.99124870284126
"945" 937 1.65054606751165 11.5690896218181 2.99238211455813
"946" 938 1.65084283036573 11.5779070719168 2.99351482933518
"947" 939 1.65114247412965 11.5866858348478 2.99464684834356
"948" 940 1.65145435425323 11.5954321924939 2.99577817275089
"949" 941 1.65172803941207 11.6036137055444 2.9969088037215
"950" 942 1.65203085717227 11.6123703885506 2.99803874241677
"951" 943 1.65231713210713 11.6208590455976 2.99916798999467
"952" 944 1.65264930174504 11.6285908769929 3.00029654761036
"953" 945 1.65295642031033 11.6365588953391 3.00142441641552
"954" 946 1.65326014754451 11.6454280779562 3.00255159755874
"955" 947 1.65360612893885 11.6542949836909 3.0036780921855
"956" 948 1.65393261828237 11.6631596155339 3.00480390143833
"957" 949 1.65423448504379 11.6716085437256 3.00592902645653
"958" 950 1.65455460117535 11.6798158489937 3.00705346837622
"959" 951 1.6548660158792 11.6880452066893 3.00817722833055
"960" 952 1.65515137944997 11.6967335978023 3.00930030744972
"961" 953 1.65546533779941 11.7056029041683 3.01042270686051
"962" 954 1.6557726494085 11.7147186576159 3.01154442768694
"963" 955 1.65605504431989 11.7238270059097 3.01266547105002
"964" 956 1.65633720013971 11.732699227324 3.01378583806756
"965" 957 1.65666053101025 11.7408716462345 3.01490552985436
"966" 958 1.65693763198763 11.7495130734125 3.01602454752265
"967" 959 1.65725308959996 11.7579035929569 3.01714289218087
"968" 960 1.65755612750816 11.7661899487874 3.01826056493535
"969" 961 1.65784932109305 11.7746504923687 3.01937756688879
"970" 962 1.65812755582192 11.7829934637847 3.02049389914125
"971" 963 1.65840555574044 11.7909898738089 3.02160956278977
"972" 964 1.65873695315997 11.7992377311358 3.02272455892853
"973" 965 1.65903772933312 11.8072864696061 3.02383888864854
"974" 966 1.65931791721997 11.815313088452 3.0249525530383
"975" 967 1.6596262886697 11.8239964490539 3.02606555318318
"976" 968 1.65993663257548 11.8322812641712 3.02717789016555
"977" 969 1.66022102213024 11.8405581005191 3.02828956506498
"978" 970 1.66050911215498 11.8496815347377 3.02940057895835
"979" 971 1.66080315551402 11.858398279912 3.03051093291935
"980" 972 1.66110186299075 11.8670231306464 3.03162062801934
"981" 973 1.66143229594079 11.8753502027599 3.0327296653262
"982" 974 1.66172334614315 11.8836258778855 3.0338380459053
"983" 975 1.66204630878023 11.8924740994204 3.0349457708194
"984" 976 1.66234641983994 11.9010218260128 3.03605284112814
"985" 977 1.66263327772253 11.9091478215821 3.03715925788847
"986" 978 1.66293951221988 11.9176853319392 3.03826502215446
"987" 979 1.66327894814104 11.9263813877416 3.03937013497762
"988" 980 1.66359664807423 11.9350778363212 3.04047459740654
"989" 981 1.66393607482591 11.9433199894649 3.041578410487
"990" 982 1.66423480775206 11.9513466787136 3.04268157526221
"991" 983 1.66456030318406 11.9593738342722 3.04378409277244
"992" 984 1.66489634869389 11.9677483543264 3.04488596405536
"993" 985 1.66527372946908 11.9765715600398 3.04598719014611
"994" 986 1.66557833193407 11.9854081982837 3.04708777207668
"995" 987 1.66583073261051 11.994021189493 3.04818771087665
"996" 988 1.66607892114876 12.0023490946623 3.04928700757298
"997" 989 1.66636866850673 12.010677775319 3.05038566318981
"998" 990 1.66668360657889 12.0190362706306 3.05148367874842
"999" 991 1.66698331559695 12.0273362534378 3.05258105526803
"1000" 992 1.66729015818743 12.0358105722385 3.05367779376447
"1001" 993 1.66760325098787 12.0439865560628 3.05477389525168
"1002" 994 1.66793992494875 12.0522652861085 3.0558693607402
"1003" 995 1.66827787670675 12.0611141703229 3.05696419123865
"1004" 996 1.66859384079438 12.0701281800044 3.05805838775244
"1005" 997 1.66888318646108 12.0781671645323 3.05915195128492
"1006" 998 1.66920990556041 12.0868592046785 3.06024488283661
"1007" 999 1.66948941574738 12.0955436541621 3.06133718340523
"1008" 1000 1.66977250410244 12.1037051777284 3.06242885398633
