"T" "IC_low" "IC_up" "x_ML"
"1" 1.1 0.672619302048644 0.682320655539647 0.676731154636937
"2" 1.2 0.677764257624238 0.691082598055965 0.683407504789019
"3" 1.3 0.682649602098847 0.699245809738364 0.689672803947428
"4" 1.4 0.687300594358935 0.706888998781635 0.69558125224615
"5" 1.5 0.691744031101159 0.714090086783268 0.701176620706425
"6" 1.6 0.69599808037374 0.720895280920934 0.706494807773321
"7" 1.7 0.700090239997599 0.727352667146181 0.71156565079354
"8" 1.8 0.70402173220423 0.733491548612605 0.716414240102985
"9" 1.9 0.707801740534511 0.739359175721955 0.721061892016836
"10" 2 0.711460763955727 0.744990090263179 0.725526882345392
"11" 3 0.742464686061038 0.791695466017677 0.762813527550084
"12" 4 0.766656292208072 0.827898632184231 0.791544697350536
"13" 5 0.786604877640928 0.858383513816433 0.81522930730939
"14" 6 0.803530021142395 0.885056325642613 0.835539663423135
"15" 7 0.818308521767663 0.909124552518102 0.853414993555594
"16" 8 0.831378962156451 0.931281933082921 0.869439920033991
"17" 9 0.843139283586487 0.951930175119471 0.884005125057647
"18" 10 0.853826325086092 0.971243645631371 0.897385679322932
"19" 11 0.863671754493419 0.989609849097416 0.909783173255807
"20" 12 0.872687887392204 1.00698240495513 0.921350115470011
"21" 13 0.881086496039833 1.02375135105634 0.932204901643473
"22" 14 0.889021701888197 1.03984918729981 0.942441434852507
"23" 15 0.896347533631612 1.05530039478055 0.952135549476949
"24" 16 0.903307979886998 1.07027082631328 0.961349440463166
"25" 17 0.909853726630181 1.08468913703265 0.970134801754302
"26" 18 0.91610086102786 1.09880215703505 0.978535102979555
"27" 19 0.922017467832877 1.11243946340485 0.986587275183629
"28" 20 0.927678984562166 1.1258645206324 0.994322981661108
"29" 21 0.933107608242515 1.13877471839462 1.00176959141323
"30" 22 0.938232409968421 1.15142781320632 1.0089509355027
"31" 23 0.943142740068673 1.16379349256854 1.0158879022842
"32" 24 0.94792338092485 1.17579641708091 1.02259891127215
"33" 25 0.952546789813239 1.18752749266767 1.02910029436321
"34" 26 0.956988921611021 1.19908666735638 1.0354066054695
"35" 27 0.961211215873113 1.21038089098013 1.04153087421485
"36" 28 0.965306591695294 1.22143711051418 1.04748481547633
"37" 29 0.969343841480917 1.23233075551299 1.05327900374337
"38" 30 0.973172434300016 1.24301850441602 1.05892301919954
"39" 31 0.976931136622742 1.25363174410348 1.06442557089408
"40" 32 0.980575428587793 1.26381876744759 1.06979460121261
"41" 33 0.984110627260076 1.27392230574569 1.07503737497677
"42" 34 0.987534848215384 1.28372806769182 1.08016055582766
"43" 35 0.990860548279421 1.29353848898533 1.08517027202531
"44" 36 0.994133523338425 1.30317083648756 1.09007217338874
"45" 37 0.997267960535992 1.31288480747267 1.09487148078037
"46" 38 1.00035127409634 1.32240686857636 1.09957302928457
"47" 39 1.00334855604058 1.33170189562455 1.10418130602732
"48" 40 1.00630033799659 1.34092104854202 1.10870048342146
"49" 41 1.00916625913151 1.34981279375362 1.11313444849044
"50" 42 1.01198472836993 1.35866753047005 1.11748682881676
"51" 43 1.01472940256544 1.36743836721931 1.12176101557418
"52" 44 1.01742326914484 1.37618108183985 1.12596018403114
"53" 45 1.02008216628303 1.38480083131289 1.13008731185384
"54" 46 1.02268008891213 1.39336455540547 1.13414519548828
"55" 47 1.02517014457928 1.40189072446866 1.13813646486019
"56" 48 1.02763267952951 1.41033638274069 1.14206359659723
"57" 49 1.03006067238062 1.41852111172784 1.14592892594969
"58" 50 1.0324060325627 1.42670119594259 1.14973465756144
"59" 51 1.0347685251947 1.43482048465023 1.15348287522269
"60" 52 1.0370467495678 1.44291662145771 1.1571755507188
"61" 53 1.03927865024773 1.45096447474978 1.16081455187459
"62" 54 1.04149860979697 1.45883066591174 1.1644016498809
"63" 55 1.04372590475341 1.46654339879536 1.16793852597958
"64" 56 1.04583538705546 1.47425465101562 1.17142677757365
"65" 57 1.04791070801803 1.48179798352531 1.17486792382131
"66" 58 1.04996783007102 1.48935775416367 1.1782634107657
"67" 59 1.05200052208689 1.49689897065765 1.18161461604625
"68" 60 1.05394017302592 1.5041373887488 1.18492285323214
"69" 61 1.05590803341466 1.51153737279654 1.18818937581404
"70" 62 1.05782490404073 1.51861427812126 1.19141538088609
"71" 63 1.05971927642111 1.52588918004861 1.19460201254689
"72" 64 1.06160346626653 1.53309834642679 1.19775036504489
"73" 65 1.06347533144862 1.5402728727856 1.20086148569114
"74" 66 1.06534450669602 1.54731363783992 1.20393637755993
"75" 67 1.0671939416121 1.55419267746121 1.20697600199563
"76" 68 1.06897910064607 1.56117461805592 1.2099812809424
"77" 69 1.07073697725564 1.56785867711281 1.21295309911166
"78" 70 1.07248233467431 1.57466302350809 1.21589230600081
"79" 71 1.07420842705223 1.58141766916765 1.21879971777532
"80" 72 1.07596035213125 1.58800671284617 1.22167611902532
"81" 73 1.07762608010851 1.5948352058102 1.22452226440658
"82" 74 1.0792402668041 1.60140308245954 1.227338880175
"83" 75 1.08086609321411 1.60801747682022 1.23012666562294
"84" 76 1.0825146611956 1.61457037040113 1.23288629442467
"85" 77 1.08409701740232 1.62091802843801 1.23561841589813
"86" 78 1.08569792902328 1.62722787383419 1.23832365618885
"87" 79 1.08730153781965 1.63384033513931 1.24100261938208
"88" 80 1.0888739782654 1.64015910108819 1.24365588854818
"89" 81 1.09036461093472 1.64646457961571 1.24628402672601
"90" 82 1.09186706611523 1.65272960993564 1.24888757784889
"91" 83 1.09333876735959 1.6590295701104 1.25146706761695
"92" 84 1.09479376950974 1.66513424641895 1.25402300431969
"93" 85 1.09624563094348 1.67117060751436 1.25655587961214
"94" 86 1.09770946078275 1.67730458166027 1.25906616924773
"95" 87 1.09912863400319 1.68341446546353 1.26155433377069
"96" 88 1.10047186617225 1.68939390605069 1.26402081917086
"97" 89 1.10186612841913 1.69546375575657 1.26646605750307
"98" 90 1.10318350837643 1.70130143369727 1.26889046747363
"99" 91 1.10453443741239 1.70722493624235 1.27129445499585
"100" 92 1.10587022482308 1.71308862596627 1.27367841371668
"101" 93 1.10716517454157 1.71914914109507 1.27604272551615
"102" 94 1.10846597886075 1.72481077449961 1.27838776098135
"103" 95 1.10978768500314 1.730622450556 1.28071387985655
"104" 96 1.1110395240473 1.73623217431513 1.28302143147075
"105" 97 1.11235317482587 1.74197247134617 1.28531075514423
"106" 98 1.11364402042882 1.74778859342607 1.28758218057509
"107" 99 1.11490590173144 1.75337433301667 1.28983602820721
"108" 100 1.11610590389122 1.75904456681317 1.29207260958046
"109" 101 1.11732261029879 1.7645784015935 1.29429222766442
"110" 102 1.11855267242233 1.77008969421103 1.29649517717629
"111" 103 1.11972481582695 1.77541902623324 1.29868174488413
"112" 104 1.12091233630692 1.78087269342314 1.3008522098961
"113" 105 1.122111121301 1.78638023563871 1.30300684393644
"114" 106 1.12325181910917 1.79184842606816 1.30514591160909
"115" 107 1.12438741666946 1.79731798521483 1.30726967064943
"116" 108 1.12553474767727 1.80283443297948 1.30937837216488
"117" 109 1.12662899927595 1.80851454403865 1.31147226086493
"118" 110 1.1277305734459 1.81395991801671 1.31355157528118
"119" 111 1.12888610361125 1.81919937189266 1.31561654797782
"120" 112 1.12998786345657 1.82467970234309 1.31766740575322
"121" 113 1.13108759943643 1.83011450226799 1.31970436983286
"122" 114 1.13219123877312 1.83532759323107 1.32172765605424
"123" 115 1.13330682577405 1.84048582809131 1.32373747504408
"124" 116 1.13440961705779 1.84582441319242 1.32573403238814
"125" 117 1.1354775689603 1.85103683901816 1.32771752879422
"126" 118 1.13652403805026 1.85612044136128 1.32968816024842
"127" 119 1.13753729729944 1.86116796233894 1.33164611816517
"128" 120 1.13859462639186 1.86634629950074 1.33359158953133
"129" 121 1.13965576369636 1.87146756996216 1.33552475704444
"130" 122 1.14065322430239 1.87653056107977 1.33744579924574
"131" 123 1.14165500400873 1.88159684159357 1.33935489064785
"132" 124 1.14266156580893 1.88673463229937 1.34125220185761
"133" 125 1.14367507199834 1.8918280202612 1.3431378996942
"134" 126 1.14470151528834 1.89693815997279 1.34501214730277
"135" 127 1.1456822047036 1.90194418184285 1.34687510426378
"136" 128 1.14665564863502 1.9069623095341 1.34872692669828
"137" 129 1.14764173902741 1.91184222573808 1.35056776736923
"138" 130 1.14859819048226 1.91656266048376 1.35239777577919
"139" 131 1.14955757445776 1.9215205603306 1.35421709826431
"140" 132 1.15051464074338 1.92631713080789 1.35602587808504
"141" 133 1.1514451082751 1.93126788830263 1.35782425551349
"142" 134 1.15239376812208 1.93601793836863 1.35961236791773
"143" 135 1.15331887391367 1.94094245513112 1.36139034984305
"144" 136 1.15423377669264 1.9459632572294 1.3631583330904
"145" 137 1.15513512768274 1.95070677308824 1.36491644679209
"146" 138 1.15602930932761 1.95543357477334 1.36666481748482
"147" 139 1.15693628729027 1.96022007951043 1.36840356918029
"148" 140 1.15784495570603 1.96490217688628 1.3701328234333
"149" 141 1.15870715233478 1.9696292332163 1.37185269940756
"150" 142 1.1595626513292 1.97431659007478 1.37356331393939
"151" 143 1.16043701793275 1.97917268455537 1.3752647815991
"152" 144 1.16129198022052 1.98379142752669 1.37695721475053
"153" 145 1.16214568567126 1.98838033101515 1.37864072360846
"154" 146 1.16303626647344 1.99302727355077 1.38031541629424
"155" 147 1.1639001518891 1.99767990096047 1.3819813988896
"156" 148 1.16477380567943 2.00211490925078 1.38363877548869
"157" 149 1.16562424345548 2.00674395557535 1.38528764824846
"158" 150 1.16647355035829 2.01131372749588 1.38692811743743
"159" 151 1.16731916074723 2.01572202757513 1.38856028148295
"160" 152 1.1681199956186 2.02018442275063 1.39018423701694
"161" 153 1.16893825922158 2.02469328503986 1.3918000789202
"162" 154 1.16979707808759 2.02901586237346 1.39340790036534
"163" 155 1.17062017592299 2.03360461008166 1.39500779285843
"164" 156 1.17146008341945 2.03818041688535 1.39659984627935
"165" 157 1.17229519695703 2.04251667260153 1.39818414892084
"166" 158 1.17308943784946 2.04681529456628 1.39976078752652
"167" 159 1.17389526777881 2.05111584368006 1.4013298473276
"168" 160 1.17470127930734 2.05553032257427 1.40289141207863
"169" 161 1.17550746356529 2.05992900410792 1.40444556409212
"170" 162 1.17629149992929 2.06425872503162 1.40599238427212
"171" 163 1.17706547833429 2.06846986090823 1.40753195214687
"172" 164 1.17786425092728 2.07271355712909 1.40906434590048
"173" 165 1.17862452828017 2.07695483155396 1.41058964240369
"174" 166 1.17937688072385 2.08130170350812 1.41210791724372
"175" 167 1.18016208920897 2.08565197622487 1.41361924475327
"176" 168 1.18090587977402 2.08993880182862 1.41512369803879
"177" 169 1.1816495140879 2.0941722569781 1.41662134900776
"178" 170 1.18237942275472 2.09832708772838 1.41811226839543
"179" 171 1.18313689448258 2.10257361527412 1.41959652579062
"180" 172 1.18387826830939 2.10689673485204 1.42107418966091
"181" 173 1.18458689260715 2.11109442785051 1.42254532737708
"182" 174 1.18529267252403 2.11532511608287 1.42401000523696
"183" 175 1.1860340864424 2.11956851025522 1.42546828848853
"184" 176 1.18679814082543 2.12372784896499 1.42692024135242
"185" 177 1.18748702844461 2.12808091972387 1.42836592704388
"186" 178 1.18817991503294 2.13226677403025 1.42980540779404
"187" 179 1.18889457192913 2.13644877699351 1.43123874487069
"188" 180 1.1896151548124 2.1406160732506 1.43266599859847
"189" 181 1.1902832543625 2.14486820701254 1.43408722837856
"190" 182 1.19100447967916 2.14908253196913 1.43550249270778
"191" 183 1.19170043106766 2.15318336255197 1.43691184919731
"192" 184 1.19240671539183 2.15722100419665 1.43831535459079
"193" 185 1.1930933109067 2.1613941676773 1.43971306478206
"194" 186 1.19377765228966 2.16541868658817 1.44110503483238
"195" 187 1.19444898718222 2.16942969165965 1.44249131898725
"196" 188 1.19512134310166 2.17339652449005 1.44387197069278
"197" 189 1.19580660797469 2.17732008704081 1.44524704261163
"198" 190 1.19647804264346 2.18151937326704 1.4466165866386
"199" 191 1.19714191692253 2.18547115288087 1.4479806539158
"200" 192 1.19779937935306 2.18937922345388 1.44933929484741
"201" 193 1.19841930994343 2.1933155862708 1.45069255911414
"202" 194 1.19912033770524 2.19734122263701 1.4520404956873
"203" 195 1.19977832850224 2.20133701333527 1.4533831528425
"204" 196 1.20045130570326 2.20531996729064 1.4547205781731
"205" 197 1.20109977610096 2.20935947655643 1.45605281860318
"206" 198 1.20172415242723 2.21329595246694 1.45737992040041
"207" 199 1.20236378724515 2.21722836452479 1.45870192918841
"208" 200 1.20302732945493 2.2211152771904 1.46001888995894
"209" 201 1.20363778827118 2.22508553270361 1.46133084708376
"210" 202 1.20426266108874 2.22896755332051 1.46263784432616
"211" 203 1.20490770207114 2.23291692158172 1.46393992485237
"212" 204 1.20555141909786 2.23672524106188 1.46523713124249
"213" 205 1.20620245943018 2.24052785817902 1.46652950550136
"214" 206 1.20681091611232 2.24439083250861 1.46781708906905
"215" 207 1.20741184322528 2.24822915907274 1.46909992283117
"216" 208 1.20802594352614 2.25200714341871 1.47037804712894
"217" 209 1.20861610136964 2.25571625291115 1.47165150176897
"218" 210 1.20925138928504 2.25948452852169 1.47292032603291
"219" 211 1.20985474964611 2.26324947389104 1.47418455868683
"220" 212 1.2104662931381 2.26693389189506 1.47544423799036
"221" 213 1.21107849825253 2.27075890910492 1.47669940170571
"222" 214 1.21167590419533 2.27463425747575 1.4779500871064
"223" 215 1.2122596633739 2.27838680271877 1.47919633098583
"224" 216 1.21282516171573 2.28203326946942 1.48043816966572
"225" 217 1.21343242132584 2.28567570396872 1.48167563900423
"226" 218 1.21403108921032 2.28927868369988 1.48290877440404
"227" 219 1.21459048016829 2.29302441677971 1.48413761082017
"228" 220 1.21516844677093 2.29671732181314 1.48536218276766
"229" 221 1.21576378307309 2.30024142818725 1.48658252432911
"230" 222 1.21636632216153 2.30375016093699 1.48779866916195
"231" 223 1.21695033986697 2.3076191549337 1.48901065050571
"232" 224 1.21750609435302 2.31120968413627 1.49021850118902
"233" 225 1.21808398647748 2.31471845812189 1.49142225363651
"234" 226 1.2186424287506 2.31838338806164 1.49262193987552
"235" 227 1.21921432083604 2.32201122342318 1.49381759154277
"236" 228 1.21978599068435 2.32568615078787 1.49500923989075
"237" 229 1.22036524193852 2.32920531764842 1.49619691579408
"238" 230 1.2209563618479 2.33277752924548 1.49738064975571
"239" 231 1.22149417384298 2.33634160659523 1.49856047191299
"240" 232 1.22203217792151 2.33989533829881 1.49973641204358
"241" 233 1.22258830860167 2.34347831088238 1.50090849957132
"242" 234 1.22314482540793 2.34720398900327 1.50207676357189
"243" 235 1.22370496149777 2.35075921749653 1.50324123277845
"244" 236 1.22426974881055 2.3543208466704 1.50440193558705
"245" 237 1.22479871317204 2.357910068157 1.50555890006203
"246" 238 1.22535018587858 2.36153037640254 1.50671215394127
"247" 239 1.22591635615891 2.36521634443759 1.50786172464136
"248" 240 1.22645268824392 2.36881500352617 1.50900763926261
"249" 241 1.22702077317901 2.37232916352462 1.51014992459401
"250" 242 1.2275689693553 2.37590576513065 1.51128860711812
"251" 243 1.22812316836535 2.37930258895141 1.51242371301579
"252" 244 1.22867234208744 2.38277155715975 1.5135552681708
"253" 245 1.22919468255612 2.38639729771553 1.51468329817448
"254" 246 1.22971916283502 2.38980177902364 1.51580782833018
"255" 247 1.2302388104875 2.39339702345541 1.51692888365765
"256" 248 1.23075351743858 2.3969825684597 1.51804648889737
"257" 249 1.23127610968431 2.4004142667741 1.51916066851476
"258" 250 1.23180024683705 2.40389891478617 1.52027144670434
"259" 251 1.23232177734585 2.4072278592853 1.52137884739382
"260" 252 1.23283282462675 2.41062421986152 1.52248289424804
"261" 253 1.23331274899718 2.41413564582227 1.52358361067295
"262" 254 1.23384180086704 2.41760322126059 1.5246810198194
"263" 255 1.23435496038764 2.42081461550876 1.52577514458693
"264" 256 1.2348386515967 2.42420151741763 1.52686600762752
"265" 257 1.23536824895778 2.42763239033758 1.52795363134912
"266" 258 1.23589612844478 2.4310972631258 1.5290380379193
"267" 259 1.23639853626345 2.43464649410858 1.53011924926874
"268" 260 1.23693292907989 2.43790966501213 1.53119728709463
"269" 261 1.23744887210568 2.44143006949385 1.53227217286403
"270" 262 1.23792654200307 2.44449834887463 1.53334392781729
"271" 263 1.23840941590662 2.44789199961172 1.53441257297115
"272" 264 1.23888472677901 2.45132804811055 1.53547812912204
"273" 265 1.23936216090619 2.45473257222749 1.53654061684919
"274" 266 1.23985703555882 2.45785461380347 1.53760005651766
"275" 267 1.24036302004646 2.46125827300227 1.53865646828144
"276" 268 1.24087359160822 2.46478112536805 1.53970987208639
"277" 269 1.24135083330138 2.46809990768018 1.5407602876731
"278" 270 1.24183710651103 2.47147727663702 1.54180773457985
"279" 271 1.24230248504067 2.47487712733167 1.54285223214538
"280" 272 1.24278775888157 2.47821693486437 1.54389379951161
"281" 273 1.24326238499254 2.48134044356237 1.54493245562645
"282" 274 1.24374681039017 2.48466920740829 1.54596821924641
"283" 275 1.24421027446091 2.48805752985326 1.54700110893925
"284" 276 1.24467432678096 2.49147244219785 1.54803114308649
"285" 277 1.2451487951971 2.49464836001313 1.54905833988607
"286" 278 1.24562781383926 2.49774539870928 1.55008271735473
"287" 279 1.24606014640021 2.50111743969265 1.5511042933305
"288" 280 1.24651103928135 2.5043884315759 1.55212308547511
"289" 281 1.24698561576388 2.50767355801879 1.55313911127635
"290" 282 1.24745198075202 2.51077581648949 1.55415238805038
"291" 283 1.24792646841017 2.51388138823542 1.55516293294405
"292" 284 1.24839909735209 2.5174594495171 1.5561707629371
"293" 285 1.24887227458321 2.52075197791415 1.55717589484442
"294" 286 1.24933743700396 2.52407568952293 1.55817834531819
"295" 287 1.24978503803662 2.52711876398339 1.55917813085003
"296" 288 1.25023668643418 2.53015911927887 1.56017526777309
"297" 289 1.25068231416551 2.53336652283193 1.56116977226413
"298" 290 1.25111987135183 2.53658799907329 1.56216166034557
"299" 291 1.25153994893284 2.53994820459078 1.56315094788742
"300" 292 1.25202059716651 2.54301027412124 1.56413765060933
"301" 293 1.25244986740099 2.54627692461598 1.56512178408249
"302" 294 1.25290009336028 2.54945130219051 1.56610336373151
"303" 295 1.2533317680807 2.55257367387176 1.56708240483632
"304" 296 1.25379864040942 2.55566132169165 1.56805892253403
"305" 297 1.25423012378627 2.55889348875434 1.56903293182069
"306" 298 1.25467670156232 2.56197512047902 1.57000444755312
"307" 299 1.25513772954823 2.56500359758646 1.57097348445066
"308" 300 1.25554627309858 2.5681253689376 1.57194005709686
"309" 301 1.25599316610516 2.57122905824502 1.57290417994121
"310" 302 1.2564367047397 2.57443644809787 1.57386586730085
"311" 303 1.25687181504163 2.57753756460355 1.57482513336212
"312" 304 1.25730564546012 2.58051349653661 1.57578199218226
"313" 305 1.25774340442744 2.58360704446617 1.57673645769101
"314" 306 1.25816253420101 2.58680793868784 1.57768854369212
"315" 307 1.25859909626255 2.59005925012058 1.57863826386493
"316" 308 1.25903545202464 2.5932074225434 1.57958563176591
"317" 309 1.25945197530587 2.59624086112736 1.58053066083014
"318" 310 1.25987767096243 2.59918280719764 1.58147336437278
"319" 311 1.26031184963231 2.60231928933177 1.58241375559053
"320" 312 1.26073922853287 2.60538635305604 1.58335184756305
"321" 313 1.26115346675443 2.60848231808673 1.58428765325442
"322" 314 1.2615567977902 2.61136775546242 1.58522118551446
"323" 315 1.26198200902453 2.61453462843218 1.5861524570801
"324" 316 1.26237702875298 2.61770444931359 1.58708148057679
"325" 317 1.26280127772312 2.62070509617805 1.58800826851979
"326" 318 1.26322607615303 2.62359203943249 1.58893283331543
"327" 319 1.26367803618587 2.62673373978187 1.58985518726249
"328" 320 1.26409085938991 2.62982616826917 1.59077534255339
"329" 321 1.26449060392468 2.63297320161574 1.59169331127545
"330" 322 1.2648957837123 2.63598126848213 1.59260910541217
"331" 323 1.26528920001598 2.63908432830524 1.59352273684438
"332" 324 1.26566770586897 2.64215727697992 1.59443421735146
"333" 325 1.26607370702322 2.6450795037877 1.59534355861254
"334" 326 1.26650867196395 2.64817050310418 1.59625077220761
"335" 327 1.26691450112555 2.65132388107679 1.5971558696187
"336" 328 1.26731008211466 2.65428649110826 1.598058862231
"337" 329 1.26771750698534 2.65731999562177 1.59895976133394
"338" 330 1.26811108392193 2.66021286859625 1.59985857812234
"339" 331 1.26848537953516 2.6631977121254 1.60075532369741
"340" 332 1.26887747454879 2.66618485224605 1.6016500090679
"341" 333 1.26928941161304 2.66901045866182 1.60254264515106
"342" 334 1.26969763824409 2.67216864965434 1.60343324277375
"343" 335 1.27010969635021 2.67508169014696 1.60432181267341
"344" 336 1.27048034915064 2.67789988213715 1.60520836549908
"345" 337 1.27088971485002 2.68086816464831 1.60609291181234
"346" 338 1.27128220188636 2.68388100055706 1.6069754620884
"347" 339 1.27169274978721 2.68681200855538 1.60785602671694
"348" 340 1.27211489894036 2.68964079423752 1.6087346160031
"349" 341 1.27252231857926 2.69235491691959 1.60961124016844
"350" 342 1.27290506286647 2.69532978045745 1.61048590935185
"351" 343 1.27331730163128 2.69814157898726 1.61135863361043
"352" 344 1.27371122433292 2.70104430737582 1.61222942292039
"353" 345 1.27410010182176 2.70381343596014 1.61309828717799
"354" 346 1.27450917044544 2.70667330506446 1.61396523620034
"355" 347 1.27490047687141 2.7095843940154 1.61483027972631
"356" 348 1.2752916544213 2.71252517009147 1.61569342741732
"357" 349 1.27565178685129 2.7154129715037 1.61655468885823
"358" 350 1.27601625248273 2.71825997915809 1.61741407355816
"359" 351 1.27637406196678 2.72114089807562 1.61827159095129
"360" 352 1.27676116137692 2.72409728751781 1.61912725039764
"361" 353 1.2770977786065 2.72693539332522 1.61998106118388
"362" 354 1.27744931647989 2.72976645262928 1.62083303252413
"363" 355 1.27780962669076 2.7325903850428 1.62168317356073
"364" 356 1.27819624347558 2.73547328792972 1.62253149336494
"365" 357 1.27858592412845 2.7384215600245 1.62337800093778
"366" 358 1.27897437568722 2.74136987064669 1.62422270521068
"367" 359 1.27933010067098 2.74427758721006 1.62506561504627
"368" 360 1.27971299837729 2.74723083214891 1.62590673923911
"369" 361 1.28007693258034 2.75015470742135 1.62674608651634
"370" 362 1.28044062946407 2.75297006423917 1.62758366553841
"371" 363 1.28080064754671 2.7557517976946 1.6284194848998
"372" 364 1.2811482156115 2.75865700942231 1.62925355312969
"373" 365 1.28152218704061 2.76148112392236 1.6300858786926
"374" 366 1.28187821889051 2.76447737820982 1.63091646998909
"375" 367 1.28221583810596 2.76724547419029 1.63174533535639
"376" 368 1.28258828266452 2.77021593963959 1.63257248306909
"377" 369 1.2829536668709 2.77302574839271 1.63339792133977
"378" 370 1.28331598735954 2.77569244501055 1.63422165831955
"379" 371 1.28368038733003 2.77871275927677 1.63504370209885
"380" 372 1.28403672419592 2.7813245549634 1.63586406070791
"381" 373 1.2843958957353 2.78401949040841 1.63668274211741
"382" 374 1.28476220069127 2.78688388363621 1.63749975423908
"383" 375 1.28510785275381 2.78968813660066 1.63831510492633
"384" 376 1.28546597617885 2.79250341629018 1.63912880197478
"385" 377 1.28581647236547 2.79524916041089 1.63994085312285
"386" 378 1.28617904953663 2.79802870196877 1.64075126605233
"387" 379 1.28653416337458 2.80065849641264 1.64156004838899
"388" 380 1.28688833770178 2.8035387629147 1.64236720770306
"389" 381 1.28722202452514 2.80624180247987 1.6431727515098
"390" 382 1.28756644191075 2.80901665491142 1.64397668727011
"391" 383 1.28791970564326 2.81190438923617 1.64477902239097
"392" 384 1.28825381561452 2.81468081333294 1.64557976422603
"393" 385 1.28859619574942 2.81739481425131 1.6463789200761
"394" 386 1.28893394111647 2.82005081592967 1.64717649718967
"395" 387 1.28927718425967 2.82290445299899 1.64797250276348
"396" 388 1.28961343585084 2.82548113538251 1.6487669439429
"397" 389 1.28994334791711 2.82829343456454 1.64955982782254
"398" 390 1.29028699403193 2.83107485989536 1.65035116144667
"399" 391 1.29061955269555 2.83360731178923 1.65114095180979
"400" 392 1.29093889487535 2.83627344330372 1.65192920585697
"401" 393 1.2912920093167 2.83892125939365 1.65271593048447
"402" 394 1.29163633409475 2.84174360948248 1.65350113254011
"403" 395 1.29197947954649 2.84456918225861 1.65428481882377
"404" 396 1.29231196379941 2.84739222988536 1.65506699608787
"405" 397 1.29265090779847 2.85022941466028 1.65584767103772
"406" 398 1.29296956464124 2.85290698743841 1.6566268503321
"407" 399 1.29332565924696 2.85547928796991 1.65740454058362
"408" 400 1.29366371066564 2.85835455695067 1.65818074835914
"409" 401 1.29400225262837 2.86088790391898 1.65895548018027
"410" 402 1.29433197950596 2.86368949024616 1.65972874252375
"411" 403 1.29464282231438 2.86639397161498 1.66050054182184
"412" 404 1.29496077105127 2.86905583732033 1.66127088446281
"413" 405 1.29529113729499 2.87157098981788 1.66203977679125
"414" 406 1.29565190207066 2.87429296005976 1.66280722510861
"415" 407 1.29596834343272 2.87699167482613 1.66357323567348
"416" 408 1.29627753866939 2.87956870133716 1.66433781470201
"417" 409 1.2965985952937 2.88223113283358 1.66510096836833
"418" 410 1.29694049071013 2.88494786340489 1.66586270280497
"419" 411 1.29725054853345 2.88751485144266 1.66662302410312
"420" 412 1.2975736211578 2.89002440157633 1.66738193831317
"421" 413 1.29788818545736 2.89258592663859 1.66813945144489
"422" 414 1.29821491189294 2.89534241122533 1.66889556946801
"423" 415 1.29853807127615 2.89804134446821 1.6696502983124
"424" 416 1.29886069248285 2.9007227949287 1.67040364386859
"425" 417 1.29916301894675 2.90320795589254 1.67115561198796
"426" 418 1.29950284652 2.90578334408653 1.67190620848321
"427" 419 1.29981146301098 2.90847881797335 1.67265543912873
"428" 420 1.30013559970285 2.91111758828478 1.6734033096608
"429" 421 1.30047593494724 2.91372663884721 1.67414982577809
"430" 422 1.30078936509125 2.91640575721517 1.67489499314189
"431" 423 1.30110672356732 2.91894906381421 1.67563881737649
"432" 424 1.30143223261787 2.9214688543685 1.6763813040695
"433" 425 1.30175797014554 2.92403697554916 1.67712245877216
"434" 426 1.30207747821957 2.92660379697101 1.67786228699969
"435" 427 1.302401055984 2.92920514204175 1.67860079423158
"436" 428 1.30272450554743 2.93166534965234 1.67933798591196
"437" 429 1.30304001437424 2.93422408367313 1.68007386744978
"438" 430 1.30336085316813 2.93683021220938 1.68080844421929
"439" 431 1.30369442684044 2.93939919967691 1.68154172156022
"440" 432 1.30402254807561 2.94194075648166 1.68227370477811
"441" 433 1.30430679503494 2.94463246107879 1.68300439914465
"442" 434 1.3045991447496 2.94736593187529 1.68373380989791
"443" 435 1.30493431390795 2.95003584812863 1.68446194224268
"444" 436 1.30524740414612 2.95257307289703 1.68518880135073
"445" 437 1.30556076313453 2.95525021416683 1.68591439236113
"446" 438 1.30588781952748 2.95791591185136 1.68663872038044
"447" 439 1.30621170611005 2.9605270948181 1.68736179048316
"448" 440 1.30650674437006 2.96317081180828 1.68808360771178
"449" 441 1.30682753618662 2.96556764357507 1.68880417707725
"450" 442 1.30714607945326 2.96799843470416 1.68952350355914
"451" 443 1.30747943867616 2.97055000928732 1.69024159210597
"452" 444 1.30778778585007 2.97307747242887 1.69095844763541
"453" 445 1.30807712128535 2.97558991964499 1.69167407503457
"454" 446 1.30839720396994 2.97813869801966 1.69238847916028
"455" 447 1.3086944904411 2.98067178973548 1.69310166483931
"456" 448 1.3089854050851 2.98324088263698 1.69381363686865
"457" 449 1.30929823179482 2.98585996661408 1.69452440001575
"458" 450 1.30957818493879 2.98847601922624 1.69523395901874
"459" 451 1.309874774834 2.99078574916881 1.69594231858675
"460" 452 1.31018555745241 2.9932752111931 1.69664948340003
"461" 453 1.31047520072177 2.9958580479296 1.69735545811032
"462" 454 1.31076358218487 2.99834186515563 1.69806024734103
"463" 455 1.31104832680468 3.00097220644784 1.6987638556874
"464" 456 1.31136382845276 3.00346046695113 1.69946628771692
"465" 457 1.31166311866733 3.00609302725879 1.70016754796936
"466" 458 1.3119863007753 3.00869252171884 1.70086764095708
"467" 459 1.31227173365154 3.01109521250277 1.70156657116532
"468" 460 1.31258346070555 3.01354040100278 1.70226434305229
"469" 461 1.31288069142702 3.01605338207134 1.70296096104953
"470" 462 1.31318428330439 3.01871743488163 1.70365642956199
"471" 463 1.31347365736376 3.02134382281042 1.70435075296835
"472" 464 1.31376062370822 3.02380746990507 1.70504393562118
"473" 465 1.31404699330528 3.02652890252016 1.7057359818472
"474" 466 1.3143352017867 3.02909755782437 1.70642689594743
"475" 467 1.31462949118738 3.03147651401827 1.70711668219743
"476" 468 1.3149230620185 3.03388336810817 1.70780534484748
"477" 469 1.31520474930734 3.03639268230573 1.70849288812287
"478" 470 1.3154973025183 3.03870569051386 1.70917931622393
"479" 471 1.31577304273404 3.0410814148221 1.70986463332645
"480" 472 1.31606434525811 3.04352807516857 1.71054884358163
"481" 473 1.31635080271251 3.04604945083515 1.71123195111652
"482" 474 1.3166602389227 3.04849798335043 1.71191396003404
"483" 475 1.31693896020294 3.0508628450381 1.71259487441323
"484" 476 1.31721689297408 3.05352704043828 1.71327469830943
"485" 477 1.31750244489349 3.05596725402688 1.71395343575448
"486" 478 1.31778325789891 3.05834308822031 1.71463109075693
"487" 479 1.31808244074129 3.06080455935397 1.71530766730213
"488" 480 1.31835677090193 3.06320461782343 1.71598316935254
"489" 481 1.31863982579609 3.06566118355379 1.7166576008478
"490" 482 1.31892093412769 3.06816896351052 1.71733096570496
"491" 483 1.31919578521977 3.07082796516942 1.71800326781864
"492" 484 1.31947086671249 3.07313066873182 1.71867451106123
"493" 485 1.31974756552031 3.07562622419776 1.71934469928304
"494" 486 1.32004122676042 3.07819792290286 1.72001383631246
"495" 487 1.32032297033721 3.08074691182812 1.72068192595617
"496" 488 1.32060924010993 3.08319569992715 1.72134897199927
"497" 489 1.32087773435222 3.08568412739277 1.72201497820545
"498" 490 1.32116649174386 3.08808788860583 1.72267994831715
"499" 491 1.32144563599173 3.09043083372822 1.72334388605581
"500" 492 1.32171869530557 3.09286685463564 1.72400679512185
"501" 493 1.32196899346768 3.09527519798667 1.72466867919503
"502" 494 1.32225025544724 3.0976706982542 1.72532954193446
"503" 495 1.32252223399442 3.10007727334518 1.72598938697884
"504" 496 1.32278278026965 3.10261921782909 1.72664821794659
"505" 497 1.32305411990711 3.10505033708444 1.72730603843596
"506" 498 1.32331928831769 3.10740437057496 1.72796285202527
"507" 499 1.32359722082804 3.10984353618144 1.728618662273
"508" 500 1.32387107585954 3.11223868984359 1.72927347271792
"509" 501 1.32411464902893 3.11465230540823 1.72992728687934
"510" 502 1.32435027887957 3.11698679306203 1.73058010825713
"511" 503 1.32462586404533 3.11931599661057 1.73123194033195
"512" 504 1.32489040741364 3.1217065025481 1.73188278656535
"513" 505 1.3251553490482 3.12411268293226 1.73253265039993
"514" 506 1.32542424619975 3.12643484491695 1.7331815352595
"515" 507 1.32568773536938 3.12893943533545 1.73382944454919
"516" 508 1.3259894744608 3.13140603163882 1.7344763816556
"517" 509 1.32624571089444 3.13375778403554 1.73512234994693
"518" 510 1.32652102505264 3.13598932142528 1.73576735277309
"519" 511 1.32679937351536 3.13847009779641 1.73641139346593
"520" 512 1.32708369423668 3.14096525222358 1.73705447533926
"521" 513 1.32734115913736 3.14336313151158 1.73769660168909
"522" 514 1.32760958081914 3.14565964904506 1.73833777579361
"523" 515 1.32786727797885 3.14787333396172 1.73897800091347
"524" 516 1.32813784041546 3.15015564910552 1.73961728029185
"525" 517 1.32840593806639 3.15239941087433 1.7402556171546
"526" 518 1.32866052614928 3.15464012528979 1.7408930147103
"527" 519 1.32893334997439 3.15699832034535 1.74152947615049
"528" 520 1.3291726282319 3.15937914811978 1.7421650046497
"529" 521 1.32946701968213 3.16186588346749 1.74279960336567
"530" 522 1.32976232515078 3.1642761353379 1.74343327543936
"531" 523 1.33003701276603 3.16671354239773 1.74406602399514
"532" 524 1.33029748107165 3.1690099768035 1.74469785214094
"533" 525 1.33058044677202 3.17141954301316 1.74532876296828
"534" 526 1.33085540702871 3.17373521005723 1.74595875955243
"535" 527 1.33109623772165 3.17625236044 1.74658784495253
"536" 528 1.33137535017362 3.17864998501106 1.74721602221173
"537" 529 1.33161896772199 3.18103668325916 1.74784329435726
"538" 530 1.33188327848615 3.18329904550996 1.74846966440056
"539" 531 1.33214839983198 3.18552630287344 1.74909513533737
"540" 532 1.33238558034813 3.18790494724416 1.74971971014789
"541" 533 1.33263855707 3.19003745176833 1.75034339179688
"542" 534 1.33292099453554 3.1922068188836 1.75096618323368
"543" 535 1.33321322447604 3.19461528070362 1.75158808739246
"544" 536 1.33345164736185 3.19695339748734 1.75220910719222
"545" 537 1.33367790956988 3.19931912413368 1.75282924553699
"546" 538 1.3339285211308 3.20154063817056 1.75344850531576
"547" 539 1.33415581498703 3.20389317430942 1.75406688940284
"548" 540 1.33438366200997 3.20613682074962 1.75468440065772
"549" 541 1.33462241299829 3.20831466977313 1.75530104192533
"550" 542 1.33487849798989 3.21064249060504 1.75591681603608
"551" 543 1.33513624429476 3.21280944061955 1.75653172580596
"552" 544 1.3353730356271 3.2149648476674 1.75714577403668
"553" 545 1.33561782224038 3.21721122596151 1.75775896351569
"554" 546 1.33586454295104 3.2195484887318 1.75837129701635
"555" 547 1.33608789920155 3.22182355739861 1.75898277729803
"556" 548 1.33630674232688 3.22393165428374 1.75959340710617
"557" 549 1.33654818181073 3.22635773168987 1.76020318917231
"558" 550 1.33679004742977 3.22882844955365 1.76081212621438
"559" 551 1.33702980365508 3.23090787579709 1.76142022093661
"560" 552 1.33726287435442 3.23314918393421 1.76202747602968
"561" 553 1.33751765338953 3.2352571089154 1.76263389417082
"562" 554 1.33777024382479 3.23738178180719 1.76323947802393
"563" 555 1.33800642809477 3.23967877409899 1.76384423023964
"564" 556 1.33825944547731 3.24200725962141 1.76444815345537
"565" 557 1.33848232906282 3.2442995563196 1.76505125029544
"566" 558 1.33872250024646 3.24665011605866 1.76565352337125
"567" 559 1.33896714625451 3.24888348599508 1.76625497528121
"568" 560 1.33922595754188 3.25113938389872 1.76685560861093
"569" 561 1.33946710200164 3.25331842956531 1.76745542593326
"570" 562 1.33969941493878 3.25550250875679 1.76805442980841
"571" 563 1.33993737575282 3.2578024807156 1.76865262278401
"572" 564 1.3401891929358 3.25997641171069 1.76925000739526
"573" 565 1.34044502784217 3.26230478699039 1.76984658616487
"574" 566 1.34068103939373 3.26451021087089 1.77044236160325
"575" 567 1.34091157723602 3.26675705703995 1.77103733620862
"576" 568 1.34113129890532 3.26917093584891 1.77163151246698
"577" 569 1.34134994588623 3.27134850723899 1.77222489285232
"578" 570 1.34158031727894 3.27351971673386 1.77281747982657
"579" 571 1.34179504898163 3.27569753854218 1.77340927583976
"580" 572 1.3420095987636 3.27790303789799 1.7740002833301
"581" 573 1.34226209764035 3.28010687007064 1.77459050472401
"582" 574 1.34249417907988 3.28220129105062 1.77517994243623
"583" 575 1.34273723429658 3.28439196793276 1.77576859886993
"584" 576 1.34297168604644 3.2864760515304 1.77635647641667
"585" 577 1.34322603439423 3.2886903147327 1.77694357745663
"586" 578 1.34346449683345 3.29084308650808 1.77752990435858
"587" 579 1.34371441663442 3.29299379868954 1.77811545947994
"588" 580 1.3439367453147 3.29515003776686 1.77870024516695
"589" 581 1.34415981938166 3.29742984038602 1.77928426375466
"590" 582 1.3443756308898 3.29967614728757 1.77986751756705
"591" 583 1.34461830535207 3.3017509086003 1.78045000891706
"592" 584 1.34484372664878 3.30382049189169 1.78103174010667
"593" 585 1.34507999590513 3.30589121271229 1.78161271342702
"594" 586 1.34531732516646 3.30812286818 1.78219293115846
"595" 587 1.3455425315549 3.31019543579574 1.78277239557049
"596" 588 1.34576925065719 3.31234373534041 1.78335110892207
"597" 589 1.34600042076367 3.31475454070721 1.78392907346148
"598" 590 1.3462369149068 3.31695128111623 1.78450629142651
"599" 591 1.34646587181498 3.3190941164982 1.78508276504446
"600" 592 1.34667354456021 3.32145275963896 1.78565849653224
"601" 593 1.3469205053609 3.32370195279608 1.7862334880964
"602" 594 1.34714972618412 3.32624538812466 1.78680774193325
"603" 595 1.3473763280085 3.32850305349678 1.78738126022891
"604" 596 1.34758948902597 3.33064451478889 1.78795404515932
"605" 597 1.34783063454128 3.33294543204536 1.78852609889038
"606" 598 1.34805675633726 3.33499507587213 1.78909742357794
"607" 599 1.34827372965062 3.33711187120573 1.78966802136796
"608" 600 1.348483874515 3.33932466376131 1.79023789439645
"609" 601 1.34869717968676 3.34152126721728 1.79080704478967
"610" 602 1.34892879125956 3.3437363293013 1.79137547466399
"611" 603 1.34913236436989 3.34576786547605 1.79194318612624
"612" 604 1.34936853912955 3.34800624131126 1.79251018127349
"613" 605 1.34961935260717 3.35021125495215 1.79307646219328
"614" 606 1.34983894255611 3.35233485250927 1.79364203096359
"615" 607 1.35005279737156 3.35444684788846 1.79420688965301
"616" 608 1.35029898687992 3.35650436054929 1.79477104032064
"617" 609 1.35051581271924 3.3584825031184 1.79533448501629
"618" 610 1.35072733885001 3.36071906814345 1.79589722578045
"619" 611 1.35094055940924 3.36280663293154 1.79645926464441
"620" 612 1.35115300054636 3.36502761272173 1.79702060363027
"621" 613 1.35138577326084 3.36716746295252 1.79758124475099
"622" 614 1.35159735331101 3.36938311216792 1.79814119001051
"623" 615 1.35181170277936 3.37137907373989 1.79870044140372
"624" 616 1.35203581354414 3.37354511158704 1.79925900091662
"625" 617 1.35228584491488 3.37569556571741 1.79981687052625
"626" 618 1.35250227101499 3.37776883517031 1.8003740522008
"627" 619 1.35268150977553 3.37983053401343 1.80093054789974
"628" 620 1.35291391591801 3.38188900648886 1.80148635957379
"629" 621 1.35315019872813 3.38394594134437 1.80204148916489
"630" 622 1.3533845325581 3.38604451476377 1.8025959386065
"631" 623 1.35360679582361 3.38806982838217 1.80314970982341
"632" 624 1.35384705464826 3.39020483318983 1.80370280473185
"633" 625 1.35405638301543 3.39235821095391 1.80425522523966
"634" 626 1.35426255859092 3.39443397832084 1.80480697324623
"635" 627 1.35448803807767 3.39639343168431 1.80535805064258
"636" 628 1.35471313585266 3.39860731127426 1.80590845931133
"637" 629 1.35491386058733 3.40084157377839 1.80645820112697
"638" 630 1.35511152442366 3.40301414265487 1.80700727795564
"639" 631 1.35533269760566 3.40509016930693 1.80755569165539
"640" 632 1.3555571116835 3.40713780475574 1.80810344407609
"641" 633 1.35576037038969 3.40936260956829 1.80865053705952
"642" 634 1.35596984573465 3.41144662693787 1.8091969724395
"643" 635 1.35617874423079 3.41361392050114 1.80974275204184
"644" 636 1.35640154623561 3.41558089197553 1.81028787768435
"645" 637 1.3566287022746 3.4175460903958 1.81083235117705
"646" 638 1.35683763055119 3.4195080439546 1.81137617432208
"647" 639 1.35704478731256 3.42155711984321 1.81191934891373
"648" 640 1.35725104905717 3.42369394943723 1.81246187673862
"649" 641 1.35745331405825 3.42579589281224 1.81300375957567
"650" 642 1.35768164734373 3.42791607757735 1.81354499919604
"651" 643 1.35789298404763 3.43008639361789 1.81408559736341
"652" 644 1.35810458064037 3.4324608225322 1.81462555583377
"653" 645 1.35832554241658 3.43444318426073 1.81516487635567
"654" 646 1.35853509193873 3.43637438046882 1.81570356067015
"655" 647 1.3587549545361 3.43847015246423 1.8162416105108
"656" 648 1.3589772832334 3.44067524166921 1.8167790276038
"657" 649 1.35918954465654 3.4428216586686 1.81731581366807
"658" 650 1.35939100687858 3.44500007068229 1.81785197041511
"659" 651 1.35960740675929 3.44697860471842 1.81838749954919
"660" 652 1.35982412401356 3.44917083749674 1.81892240276741
"661" 653 1.36004128467066 3.45136415639606 1.8194566817596
"662" 654 1.36023068932432 3.45354617600844 1.81999033820849
"663" 655 1.36042651173129 3.45547257487408 1.82052337378973
"664" 656 1.36062839504105 3.45760677255903 1.82105579017189
"665" 657 1.36083430629466 3.4600191441514 1.82158758901651
"666" 658 1.36105388107567 3.46200082560161 1.82211877197814
"667" 659 1.36126052950659 3.46397754401715 1.82264934070446
"668" 660 1.36148437163111 3.46594823682232 1.82317929683613
"669" 661 1.36169785665702 3.46813384914207 1.82370864200708
"670" 662 1.36191750667162 3.4704716619749 1.82423737784434
"671" 663 1.36212554743574 3.47243538045596 1.8247655059682
"672" 664 1.36233977274483 3.4743806672354 1.82529302799212
"673" 665 1.36256453352389 3.47633332149512 1.82581994552295
"674" 666 1.36278843692353 3.47840270412159 1.82634626016085
"675" 667 1.36297836776982 3.48028639077932 1.82687197349933
"676" 668 1.36318780715951 3.48228012177342 1.82739708712532
"677" 669 1.36339756667601 3.48424235844371 1.82792160261913
"678" 670 1.36360177298207 3.48639627853537 1.82844552155469
"679" 671 1.36379282825397 3.48824917698824 1.82896884549932
"680" 672 1.36400598615995 3.49011631761284 1.82949157601393
"681" 673 1.36423500366953 3.49217588018447 1.83001371465306
"682" 674 1.36444395985732 3.49431409588886 1.8305352629648
"683" 675 1.36466236992327 3.49628807326946 1.83105622249099
"684" 676 1.3648576302368 3.4982766038905 1.83157659476711
"685" 677 1.36506985050883 3.50032559133623 1.83209638132234
"686" 678 1.36528938607182 3.5023941559135 1.83261558367972
"687" 679 1.36548955498792 3.5044611096799 1.83313420335602
"688" 680 1.36568447960744 3.50652548786989 1.83365224186189
"689" 681 1.36587823326678 3.50846941032967 1.83416970070178
"690" 682 1.36606922839201 3.51048078755554 1.83468658137409
"691" 683 1.36626852605107 3.51244299824188 1.83520288537119
"692" 684 1.36648325357025 3.51439626061333 1.83571861417933
"693" 685 1.366678231344 3.51646754505285 1.83623376927886
"694" 686 1.36687667499376 3.51849792870173 1.83674835214411
"695" 687 1.36706853655772 3.52063378704966 1.8372623642435
"696" 688 1.36726317673965 3.52278346875444 1.83777580703953
"697" 689 1.36746914223336 3.52491210231716 1.83828868198881
"698" 690 1.36766790701518 3.52699351238632 1.83880099054223
"699" 691 1.36786494539333 3.52906171843495 1.83931273414473
"700" 692 1.36806952293351 3.5310998148793 1.83982391423557
"701" 693 1.36828996903288 3.5332373603068 1.84033453224823
"702" 694 1.36851094526782 3.53516290352742 1.84084458961054
"703" 695 1.36868924973233 3.53718610376991 1.84135408774457
"704" 696 1.3689000537111 3.53916445992358 1.84186302806679
"705" 697 1.36909281827559 3.54121953739082 1.84237141198806
"706" 698 1.369300026296 3.54326792924542 1.84287924091365
"707" 699 1.36951350120874 3.54513131998807 1.84338651624321
"708" 700 1.36971607041716 3.54699984293811 1.84389323937099
"709" 701 1.3699304888778 3.54915715985255 1.8443994116856
"710" 702 1.37012607824573 3.551054629601 1.84490503457031
"711" 703 1.37032832971902 3.55290165718275 1.84541010940286
"712" 704 1.37053062679219 3.55474716671275 1.84591463755563
"713" 705 1.3707412177686 3.55657372829527 1.84641862039563
"714" 706 1.37093794708209 3.55850088814938 1.84692205928442
"715" 707 1.37113487658315 3.56043950126875 1.8474249555784
"716" 708 1.37133972831658 3.56237660507669 1.84792731062856
"717" 709 1.37152455656211 3.56431417257002 1.8484291257806
"718" 710 1.37171353509554 3.56657450031855 1.84893040237512
"719" 711 1.37191123300136 3.56889165616276 1.84943114174737
"720" 712 1.37209333428534 3.57069012303845 1.84993134522745
"721" 713 1.37228952744191 3.57248373903162 1.85043101414036
"722" 714 1.37247318357015 3.57428793727619 1.85093014980592
"723" 715 1.37265595377187 3.57639251128598 1.85142875353888
"724" 716 1.37283832170789 3.57853741771176 1.85192682664891
"725" 717 1.37302330391699 3.58031150686799 1.85242437044059
"726" 718 1.37320621755469 3.58234139785983 1.8529213862135
"727" 719 1.37339282337657 3.58420471612586 1.85341787526223
"728" 720 1.37359640559479 3.58629776884843 1.85391383887645
"729" 721 1.37378580065625 3.58839792267359 1.85440927834083
"730" 722 1.37397887680537 3.59048233525331 1.85490419493509
"731" 723 1.37413021180768 3.59246437303381 1.85539858993415
"732" 724 1.37431407761135 3.59434210085446 1.85589246460797
"733" 725 1.37452121364213 3.59614035022207 1.85638582022176
"734" 726 1.37472240437052 3.59798219646157 1.85687865803582
"735" 727 1.37491959338326 3.59989939812617 1.85737097930574
"736" 728 1.37509496531194 3.60188880518964 1.85786278528231
"737" 729 1.37528201218397 3.60386908346303 1.85835407721157
"738" 730 1.37547986095407 3.60591878205626 1.85884485633482
"739" 731 1.37566277451852 3.60785744592684 1.85933512388877
"740" 732 1.37587476225659 3.60987386313408 1.85982488110532
"741" 733 1.37604180202944 3.61177581598455 1.86031412921183
"742" 734 1.37621619422987 3.61378016167374 1.86080286943098
"743" 735 1.37637783634412 3.61579564610238 1.86129110298092
"744" 736 1.37657126921826 3.61771897242005 1.86177883107512
"745" 737 1.37676446329824 3.61981259189889 1.86226605492257
"746" 738 1.37694046031226 3.62180031341865 1.86275277572778
"747" 739 1.37712841358374 3.623817699839 1.86323899469063
"748" 740 1.37731355886655 3.62568080505035 1.86372471300667
"749" 741 1.37750092995002 3.62781462574591 1.8642099318668
"750" 742 1.37768773611043 3.62981668870906 1.86469465245768
"751" 743 1.37787395106358 3.63183924620809 1.86517887596143
"752" 744 1.37807760413055 3.63377685471462 1.86566260355585
"753" 745 1.37824798220096 3.63573102014971 1.86614583641428
"754" 746 1.37846068473416 3.63781006916234 1.86662857570586
"755" 747 1.3786472962603 3.63971097988823 1.86711082259525
"756" 748 1.37882941733012 3.64165915813776 1.86759257824287
"757" 749 1.37902826454273 3.64361465789095 1.86807384380489
"758" 750 1.37921789491224 3.64562264120399 1.86855462043322
"759" 751 1.3794032142711 3.64759435045908 1.86903490927542
"760" 752 1.37958032353579 3.6495623564698 1.86951471147502
"761" 753 1.37976533218511 3.65151676388964 1.86999402817116
"762" 754 1.37994963047886 3.65349451392885 1.87047286049894
"763" 755 1.3801393675043 3.65542175851822 1.87095120958924
"764" 756 1.38031214056186 3.65743933769317 1.87142907656884
"765" 757 1.38051530740361 3.65935533361361 1.87190646256041
"766" 758 1.38069720478806 3.6612249649854 1.87238336868245
"767" 759 1.38089594570826 3.66313107572266 1.87285979604947
"768" 760 1.381072667621 3.66513824383716 1.87333574577193
"769" 761 1.38125748543733 3.66714385471169 1.87381121895621
"770" 762 1.38143493589754 3.66916850839189 1.87428621670471
"771" 763 1.3816253414155 3.6711255301154 1.87476074011581
"772" 764 1.38184043361221 3.67317430200506 1.87523479028395
"773" 765 1.38202933776028 3.67522979965829 1.87570836829958
"774" 766 1.38220557258247 3.67711715140178 1.87618147524921
"775" 767 1.38239825582265 3.67898148562822 1.87665411221552
"776" 768 1.38257202550028 3.68093018438463 1.87712628027721
"777" 769 1.3827612375386 3.68270515316633 1.87759798050911
"778" 770 1.3829297147972 3.68451800332304 1.87806921398224
"779" 771 1.38310558476366 3.68651377679921 1.87853998176369
"780" 772 1.38326462328368 3.68830343650756 1.87901028491688
"781" 773 1.38344722185833 3.69013554433208 1.87948012450124
"782" 774 1.3836373794131 3.692121247874 1.87994950157262
"783" 775 1.38382336855643 3.69410051080057 1.88041841718291
"784" 776 1.38399736434024 3.695994443763 1.8808868723804
"785" 777 1.38417333103948 3.69798604968528 1.88135486820957
"786" 778 1.38433937014186 3.70001454578975 1.88182240571122
"787" 779 1.3845067627933 3.70204174322929 1.88228948592248
"788" 780 1.38468764910583 3.70387615404577 1.88275610987678
"789" 781 1.38485615209211 3.70570994519062 1.88322227860385
"790" 782 1.38502817823144 3.70752846924325 1.88368799312983
"791" 783 1.38520649126455 3.70933792534628 1.88415325447726
"792" 784 1.385387642678 3.71121823534259 1.88461806366507
"793" 785 1.38558040479011 3.71319075261823 1.88508242170853
"794" 786 1.38576786942116 3.71508875255782 1.88554632961941
"795" 787 1.38595545212242 3.71680750922904 1.88600978840593
"796" 788 1.38611354289113 3.71890622574304 1.8864727990727
"797" 789 1.38628520922438 3.72102260585681 1.88693536262095
"798" 790 1.38643825796594 3.72290879974545 1.88739748004822
"799" 791 1.38659759351013 3.72460039112177 1.88785915234876
"800" 792 1.38679328096584 3.72635492383643 1.88832038051318
"801" 793 1.38696442656819 3.72813959136283 1.88878116552878
"802" 794 1.38713970364704 3.72990129189953 1.88924150837932
"803" 795 1.38729916522269 3.73175774535164 1.88970141004518
"804" 796 1.38745493660378 3.73369987318592 1.89016087150335
"805" 797 1.38763429171447 3.73563399449171 1.89061989372744
"806" 798 1.38782560147112 3.73735296427075 1.89107847768764
"807" 799 1.38801469834391 3.73923390496984 1.8915366243508
"808" 800 1.38818633650374 3.74098750396499 1.89199433468044
"809" 801 1.3883602858494 3.74275940540316 1.8924516096368
"810" 802 1.38852889608413 3.74464281467803 1.89290845017674
"811" 803 1.38868746815608 3.74658275537587 1.89336485725387
"812" 804 1.38882932966381 3.74839969935218 1.89382083181847
"813" 805 1.38899340837487 3.75030180796301 1.89427637481764
"814" 806 1.38916681785256 3.75222569830245 1.89473148719516
"815" 807 1.3893395854935 3.75414982417054 1.89518616989161
"816" 808 1.38951252999513 3.75591226710342 1.8956404238444
"817" 809 1.38968499439428 3.75778461603058 1.89609424998763
"818" 810 1.38985715902743 3.75964915206244 1.89654764925225
"819" 811 1.3900083614518 3.76151369748969 1.89700062256613
"820" 812 1.39018131659382 3.76338627643805 1.89745317085389
"821" 813 1.39033979939212 3.76515152459484 1.89790529503699
"822" 814 1.3905113693952 3.76712212138858 1.89835699603384
"823" 815 1.39067532988993 3.76898688380872 1.89880827475967
"824" 816 1.39083651078364 3.7708509320549 1.89925913212666
"825" 817 1.39102550037919 3.77280197734677 1.89970956904388
"826" 818 1.39120276830776 3.77468509866628 1.90015958641733
"827" 819 1.39138879232006 3.77660467730516 1.90060918514994
"828" 820 1.39155585303944 3.77850824498944 1.90105836614159
"829" 821 1.39171826128012 3.78015536758255 1.90150713028921
"830" 822 1.39188077141976 3.78186270970192 1.90195547848658
"831" 823 1.3920419378319 3.78353812379714 1.90240341162462
"832" 824 1.39220020623785 3.78546930031018 1.90285093059121
"833" 825 1.39235955299766 3.78746182936561 1.90329803627116
"834" 826 1.3925261755384 3.78940388342283 1.90374472954649
"835" 827 1.3927115797118 3.79127618429937 1.90419101129611
"836" 828 1.39288463285465 3.79309344966128 1.90463688239613
"837" 829 1.39305193311094 3.79488588595236 1.90508234371968
"838" 830 1.39322152640432 3.79668121833656 1.90552739613696
"839" 831 1.39339587959051 3.79846918851084 1.90597204051531
"840" 832 1.39356830870113 3.80031771934891 1.90641627771918
"841" 833 1.393740612914 3.80207959618746 1.90686010861014
"842" 834 1.39390150083557 3.80383409618521 1.90730353404695
"843" 835 1.39405805120158 3.80561596882123 1.90774655488545
"844" 836 1.3942266435801 3.80739667132605 1.90818917197877
"845" 837 1.3944109504982 3.80918423302493 1.90863138617709
"846" 838 1.39456979727838 3.81099562298829 1.90907319832782
"847" 839 1.39473734004456 3.8129229902494 1.90951460927569
"848" 840 1.39488262457028 3.81489283924843 1.90995561986254
"849" 841 1.39504147578897 3.81664633848123 1.91039623092745
"850" 842 1.39518229912019 3.81853217615783 1.91083644330678
"851" 843 1.39534209680293 3.82041551688059 1.91127625783412
"852" 844 1.395516087875 3.82215810504174 1.91171567534034
"853" 845 1.39567677868223 3.82382759694817 1.91215469665366
"854" 846 1.39583806983408 3.82568657085188 1.91259332259944
"855" 847 1.39599035486049 3.82758794406345 1.91303155400053
"856" 848 1.39616744443346 3.82937082770902 1.91346939167697
"857" 849 1.39634305483644 3.83120777277106 1.91390683644616
"858" 850 1.39650575879554 3.83302814527788 1.91434388912286
"859" 851 1.39665573292967 3.83480833925998 1.91478055051922
"860" 852 1.3968244452574 3.83659026968376 1.91521682144465
"861" 853 1.39697362672531 3.83836801331496 1.91565270270605
"862" 854 1.39713657939125 3.84021890391741 1.91608819510762
"863" 855 1.39729204468363 3.84209717580038 1.91652329945106
"864" 856 1.39745141356485 3.84396593775416 1.91695801653535
"865" 857 1.39762664711542 3.84565600821986 1.917392347157
"866" 858 1.39778719216914 3.84733226048196 1.91782629210996
"867" 859 1.39796498114992 3.84918494211055 1.91825985218554
"868" 860 1.39811826336472 3.85094774308937 1.91869302817254
"869" 861 1.3982916667094 3.8528141809297 1.9191258208573
"870" 862 1.39846305371531 3.8546037387835 1.91955823102358
"871" 863 1.3986220314074 3.85638390890524 1.91999025945256
"872" 864 1.39879387095178 3.85797826451353 1.92042190692309
"873" 865 1.39897102327094 3.85983124366304 1.92085317421134
"874" 866 1.39913954490526 3.86177414090785 1.9212840620912
"875" 867 1.39929263369174 3.86365229403288 1.92171457133391
"876" 868 1.39946276046135 3.86539218942471 1.92214470270839
"877" 869 1.399608271155 3.86709161738048 1.92257445698109
"878" 870 1.39975873664173 3.86880709087311 1.92300383491592
"879" 871 1.39992010698872 3.8706663510126 1.92343283727448
"880" 872 1.400070755594 3.8723146789881 1.9238614648159
"881" 873 1.40022140384802 3.87403924441361 1.924289718297
"882" 874 1.40039605073587 3.87568591267589 1.92471759847204
"883" 875 1.40055314080874 3.87739887303189 1.92514510609311
"884" 876 1.40070677322656 3.87920577946533 1.9255722419097
"885" 877 1.40087704268793 3.88093437577209 1.92599900666912
"886" 878 1.40104139791225 3.88261728800453 1.9264254011162
"887" 879 1.40120288121618 3.88424142890771 1.92685142599354
"888" 880 1.40135914693474 3.88590052200324 1.92727708204135
"889" 881 1.40152442224584 3.88764253445978 1.92770236999753
"890" 882 1.4016804745998 3.88934045906631 1.92812729059761
"891" 883 1.40185062831897 3.89108007973379 1.92855184457489
"892" 884 1.40201989525322 3.89276228882476 1.92897603266041
"893" 885 1.40217095713662 3.89458210787298 1.92939985558284
"894" 886 1.40232382652862 3.89621407086083 1.9298233140686
"895" 887 1.40247807088367 3.89790678270798 1.93024640884185
"896" 888 1.4026355738301 3.89950975350397 1.93066914062456
"897" 889 1.40278033935473 3.9011394814331 1.93109151013634
"898" 890 1.40292873060196 3.9028110999301 1.93151351809466
"899" 891 1.40308775404982 3.90455171688244 1.93193516521473
"900" 892 1.40324444014121 3.90627875004351 1.93235645220954
"901" 893 1.40340148528084 3.90786484896735 1.9327773797899
"902" 894 1.40356009404355 3.90956524601674 1.93319794866437
"903" 895 1.40371854044169 3.91121186801407 1.9336181595394
"904" 896 1.40387618786504 3.91299091852576 1.9340380131192
"905" 897 1.40403125374587 3.91485951603038 1.93445751010581
"906" 898 1.4041872166422 3.91662230247397 1.93487665119911
"907" 899 1.40434075438564 3.91848222481856 1.93529543709694
"908" 900 1.40449701166385 3.92026495466515 1.9357138684948
"909" 901 1.40463691908748 3.92208761658447 1.93613194608622
"910" 902 1.40477996137319 3.92390884033447 1.93654967056255
"911" 903 1.4049499995988 3.9257226742664 1.93696704261299
"912" 904 1.40509311178058 3.92749161115675 1.93738406292466
"913" 905 1.40524591689873 3.92921615951217 1.93780073218265
"914" 906 1.4053922103467 3.93108457678646 1.93821705106982
"915" 907 1.4055525148903 3.93288094510558 1.93863302026705
"916" 908 1.40572793143214 3.93463973539743 1.93904864045315
"917" 909 1.40587911664851 3.93627803434425 1.93946391230484
"918" 910 1.40602193838254 3.93808934274582 1.93987883649677
"919" 911 1.40617472375455 3.9398676116563 1.94029341370156
"920" 912 1.40634580686717 3.94157378584369 1.94070764458978
"921" 913 1.40651189955849 3.94327812933166 1.94112152982999
"922" 914 1.406675425247 3.94500745260935 1.94153507008875
"923" 915 1.40683959700747 3.94683218128849 1.94194826603056
"924" 916 1.40699408539441 3.94867814471576 1.94236111831793
"925" 917 1.40715379954164 3.95044783232352 1.94277362761135
"926" 918 1.40730693724189 3.95215975350599 1.94318579456941
"927" 919 1.40746079680461 3.95389066511905 1.94359761984864
"928" 920 1.40761958236163 3.95566488427898 1.94400910410359
"929" 921 1.40778518795661 3.95746301593934 1.94442024798688
"930" 922 1.40792815363356 3.95923506335784 1.94483105214918
"931" 923 1.4080757867112 3.96094489205933 1.94524151723923
"932" 924 1.40822014391743 3.96280218930058 1.94565164390373
"933" 925 1.40837677098658 3.96447743024238 1.94606143278762
"934" 926 1.40853461732094 3.96618453327451 1.94647088453371
"935" 927 1.40868743221487 3.96791458746134 1.94687999978302
"936" 928 1.40884059527305 3.96965748955354 1.94728877917471
"937" 929 1.4089774090195 3.97142306316083 1.94769722334588
"938" 930 1.40913075342413 3.97325011233316 1.94810533293187
"939" 931 1.40928442834621 3.97507920702882 1.94851310856612
"940" 932 1.40942082838567 3.97691428443057 1.94892055088005
"941" 933 1.40955763492927 3.97873519064396 1.94932766050346
"942" 934 1.4096992427022 3.98040194724817 1.94973443806405
"943" 935 1.40983901309174 3.98222619362856 1.95014088418781
"944" 936 1.40996617939147 3.9839331379323 1.95054699949881
"945" 937 1.41011142231057 3.98571132961188 1.95095278461935
"946" 938 1.41028531512983 3.9874799459549 1.95135824016977
"947" 939 1.41042965103228 3.98925333814155 1.95176336676873
"948" 940 1.41058299321156 3.99101204058213 1.952168165033
"949" 941 1.41074017922572 3.99257961068418 1.95257263557757
"950" 942 1.41089790046284 3.9941067754643 1.95297677901553
"951" 943 1.4110478126673 3.99566521334598 1.9533805959583
"952" 944 1.41119689554928 3.99738199846287 1.95378408701544
"953" 945 1.41136675061995 3.99911647340832 1.95418725279476
"954" 946 1.41150887967678 4.00087684170292 1.95459009390228
"955" 947 1.41165685066091 4.00265008985624 1.95499261094222
"956" 948 1.41178691659692 4.00443936846017 1.9553948045171
"957" 949 1.41194008415508 4.00622963888089 1.95579667522763
"958" 950 1.41208784167848 4.0079907105788 1.95619822367282
"959" 951 1.41225001123063 4.00964915969693 1.9565994504499
"960" 952 1.41239868944359 4.01129574882832 1.9570003561544
"961" 953 1.41255402145349 4.01297605976911 1.95740094138011
"962" 954 1.41270364922025 4.01478179840163 1.95780120671912
"963" 955 1.4128527454102 4.01646017391955 1.95820115276172
"964" 956 1.41300775435058 4.01819277502994 1.9586007800966
"965" 957 1.41316091917447 4.01982929891049 1.95900008931071
"966" 958 1.41329230090983 4.02146219715323 1.95939908098927
"967" 959 1.41343240939462 4.02312723396395 1.95979775571593
"968" 960 1.41356778427497 4.02477359673193 1.96019611407247
"969" 961 1.41372858015018 4.02652542376277 1.96059415663921
"970" 962 1.4138877813746 4.02809667908957 1.96099188399461
"971" 963 1.41402861141901 4.02972067080874 1.96138929671567
"972" 964 1.41415080586139 4.03143981655896 1.96178639537751
"973" 965 1.41429658238771 4.03315802382226 1.96218318055382
"974" 966 1.4144238595345 4.03490223927771 1.96257965281647
"975" 967 1.4145591285744 4.03667247078204 1.96297581273582
"976" 968 1.41471258324607 4.03843907206672 1.96337166088057
"977" 969 1.41487194765617 4.04020449549936 1.9637671978177
"978" 970 1.41502443754223 4.04193554820469 1.96416242411279
"979" 971 1.41518483660512 4.04374408674334 1.96455734032956
"980" 972 1.41532736081378 4.0455092349584 1.96495194703033
"981" 973 1.41546197560338 4.04721832648814 1.96534624477569
"982" 974 1.41561129020082 4.0489690773252 1.96574023412471
"983" 975 1.41575104372549 4.05062570156917 1.96613391563487
"984" 976 1.4158902896405 4.05223754648162 1.96652728986204
"985" 977 1.41602496179684 4.05389018410025 1.9669203573606
"986" 978 1.41617709619594 4.05568028367968 1.96731311868319
"987" 979 1.4163141542952 4.05729570118397 1.96770557438104
"988" 980 1.41646902545807 4.0588855606835 1.96809772500387
"989" 981 1.41661980567813 4.06056504956818 1.96848957109965
"990" 982 1.41675475074204 4.06219647609397 1.96888111321499
"991" 983 1.41690463827205 4.06392780407032 1.9692723518949
"992" 984 1.41704107464063 4.06557690961285 1.96966328768279
"993" 985 1.41719202648576 4.06727331834062 1.97005392112074
"994" 986 1.41732668984768 4.06896895824947 1.97044425274907
"995" 987 1.41744809503869 4.07055708303329 1.97083428310677
"996" 988 1.41759006982338 4.0721395730398 1.97122401273125
"997" 989 1.41772697006488 4.07371837095223 1.9716134421584
"998" 990 1.4178685014083 4.07555739504326 1.97200257192266
"999" 991 1.4180028026859 4.07721646067908 1.97239140255696
"1000" 992 1.41815189396122 4.07893892274741 1.97277993459269
"1001" 993 1.41830179845158 4.08070099866574 1.9731681685599
"1002" 994 1.41844941535121 4.08240990999561 1.97355610498704
"1003" 995 1.41860149781245 4.08407495362275 1.97394374440114
"1004" 996 1.41874242148501 4.08568879966464 1.97433108732775
"1005" 997 1.41885372736522 4.08733160164089 1.97471813429096
"1006" 998 1.41898395596219 4.08891348977876 1.97510488581349
"1007" 999 1.41912711641318 4.09052156512031 1.97549134241651
"1008" 1000 1.41925354193756 4.09217389093561 1.9758775046198
