"T" "IC_low" "IC_up" "x_ML"
"1" 1.1 0.525114762891005 0.539619206823972 0.530954818071545
"2" 1.2 0.531659970372335 0.549605688558806 0.538905913599989
"3" 1.3 0.53778751829344 0.558849650658418 0.546312065206252
"4" 1.4 0.543555150799715 0.567468613981009 0.553248512324686
"5" 1.5 0.548993965947442 0.575532386651803 0.55977559684578
"6" 1.6 0.554151382931275 0.583128212206693 0.565942490351869
"7" 1.7 0.559042092296356 0.590284195397138 0.571789817932529
"8" 1.8 0.563715076331133 0.597060463802875 0.57735155003625
"9" 1.9 0.568183264706545 0.60352870398368 0.582656395321727
"10" 2 0.572450265727383 0.609693944770687 0.587728845111783
"11" 3 0.607540502212146 0.659587370760339 0.629223900415556
"12" 4 0.633754665780532 0.696726765745191 0.66022756783919
"13" 5 0.654688047648255 0.726782870760681 0.685210645524968
"14" 6 0.672205357288777 0.752275816084879 0.706250802138157
"15" 7 0.687308830060353 0.774585871522169 0.724492699297439
"16" 8 0.700495580849719 0.794477399079154 0.740637767995157
"17" 9 0.712231111796424 0.812569725722326 0.755148589739631
"18" 10 0.722811498252907 0.829250100661171 0.768347142748957
"19" 11 0.732476260681937 0.844776684674001 0.780467014531456
"20" 12 0.74131560895301 0.859339397542838 0.791683322214363
"21" 13 0.749510809929218 0.872922168799256 0.802130898257804
"22" 14 0.757121387080494 0.88585610772362 0.811915880066694
"23" 15 0.764207785524919 0.898108383087401 0.821123389648113
"24" 16 0.770915569692782 0.909758163378021 0.829822791480799
"25" 17 0.777179252244036 0.920797492664196 0.838071393831607
"26" 18 0.78309071282075 0.931434344744943 0.845917117518622
"27" 19 0.788705115126548 0.941640768748553 0.853400460753435
"28" 20 0.79406385555825 0.951506961225012 0.860555972512517
"29" 21 0.799180061884051 0.960999782321875 0.867413375475443
"30" 22 0.804058908300498 0.970267415635853 0.873998434382635
"31" 23 0.808776080694397 0.97898731860414 0.880333636331329
"32" 24 0.813286171698465 0.987738992920372 0.886438730043906
"33" 25 0.817527640806136 0.996163087107268 0.892331157931429
"34" 26 0.821647613372899 1.00427554489068 0.898026405649675
"35" 27 0.825653503884675 1.01224406320525 0.903538287434291
"36" 28 0.829480225092 1.01993763851131 0.908879180928678
"37" 29 0.83319962746323 1.02760952261476 0.914060221909609
"38" 30 0.836725308033938 1.03497048738488 0.919091466890787
"39" 31 0.84016740302734 1.04213928161944 0.923982029786089
"40" 32 0.84357026687751 1.04907886302116 0.928740197465443
"41" 33 0.846818892128829 1.05594421171027 0.933373528014438
"42" 34 0.84996801242381 1.06264100871006 0.937888934727055
"43" 35 0.85305598534453 1.06930523000557 0.942292758257658
"44" 36 0.85604916028551 1.07576059953503 0.946590828888878
"45" 37 0.858975152060028 1.08211228725897 0.950788520503837
"46" 38 0.861799243666469 1.08831461242761 0.954890797560184
"47" 39 0.86452725399458 1.09438480156557 0.958902256132018
"48" 40 0.867227621158789 1.10041477297941 0.96282715990038
"49" 41 0.86981761396082 1.10633712172965 0.966669471823723
"50" 42 0.87235709158731 1.11210333905441 0.970432882098719
"51" 43 0.874894311027132 1.11783248046973 0.974120832923202
"52" 44 0.877333216779813 1.12335716247113 0.977736540492219
"53" 45 0.879756028311569 1.12879838879145 0.98128301459173
"54" 46 0.88214041265106 1.13413537958759 0.984763076099452
"55" 47 0.884399805295575 1.13945396419899 0.988179372656702
"56" 48 0.886659523308871 1.14474263995497 0.991534392736919
"57" 49 0.888845437184977 1.1500072341399 0.994830478304647
"58" 50 0.890992104491627 1.15512188787738 0.998069836231861
"59" 51 0.893131884662989 1.16012620287438 1.00125454861588
"60" 52 0.895207489039573 1.16520537824154 1.00438658212384
"61" 53 0.897219402699667 1.17012185774159 1.00746779647238
"62" 54 0.899204094223629 1.17488965398122 1.01049995213731
"63" 55 0.901185118740015 1.17962427319049 1.01348471737605
"64" 56 0.903093815448786 1.18436752264953 1.0164236746353
"65" 57 0.905031865965152 1.1889803943999 1.01931832640784
"66" 58 0.906900123602854 1.19355282611803 1.02217010059454
"67" 59 0.908738075511796 1.19804172874457 1.02498035542109
"68" 60 0.910527423857796 1.20256347210415 1.02775038395335
"69" 61 0.912277720521629 1.20699420379279 1.03048141825017
"70" 62 0.913988011450638 1.21139170795051 1.03317463318826
"71" 63 0.915698131361172 1.21578817002333 1.03583114998978
"72" 64 0.917375458363464 1.22013253407768 1.03845203948011
"73" 65 0.919049637846612 1.22434594296626 1.04103832510031
"74" 66 0.920701807966468 1.22845594105354 1.04359098569623
"75" 67 0.922309053679605 1.23261743404716 1.04611095810392
"76" 68 0.923921885221456 1.23659475805036 1.04859913954898
"77" 69 0.925502539816122 1.24059079778384 1.05105638987588
"78" 70 0.927056946070917 1.24461055110588 1.0534835336214
"79" 71 0.928571920483148 1.2485657439912 1.05588136194534
"80" 72 0.930073840450173 1.25249551762866 1.05825063443006
"81" 73 0.93153468279069 1.25637700396457 1.06059208075947
"82" 74 0.93299409614802 1.26018369793018 1.06290640228712
"83" 75 0.934447023528474 1.26400298977463 1.06519427350204
"84" 76 0.935850039207743 1.26770452465447 1.06745634340038
"85" 77 0.937255732837725 1.27143270269788 1.06969323676988
"86" 78 0.938627389470817 1.27509872797993 1.07190555539396
"87" 79 0.94001043501139 1.27876874448708 1.07409387918128
"88" 80 0.94138653302642 1.28245902978732 1.07625876722631
"89" 81 0.94270342047276 1.28596730920723 1.07840075880592
"90" 82 0.944016644330124 1.28952088105636 1.08052037431668
"91" 83 0.945327344359298 1.29298761386085 1.08261811615684
"92" 84 0.94659333543663 1.29639129105399 1.08469446955721
"93" 85 0.947870714001167 1.29982967285401 1.08674990336415
"94" 86 0.949133346077988 1.30324108243319 1.08878487077817
"95" 87 0.950380100436548 1.3067361218501 1.09079981005105
"96" 88 0.951593321777789 1.31006624033927 1.09279514514429
"97" 89 0.952792033620317 1.31349777966981 1.09477128635145
"98" 90 0.953989420009919 1.31685432359315 1.09672863088668
"99" 91 0.955181224666799 1.32018677340794 1.09866756344174
"100" 92 0.956314162615423 1.32351151841802 1.10058845671345
"101" 93 0.95746914659062 1.32673171696683 1.10249167190338
"102" 94 0.958619523635308 1.3299390741753 1.10437755919176
"103" 95 0.959743084363895 1.33311931704288 1.10624645818683
"104" 96 0.960869552985908 1.33630938715336 1.10809869835157
"105" 97 0.962011971755099 1.3395544714372 1.10993459940878
"106" 98 0.963146430889007 1.34270823759443 1.11175447172607
"107" 99 0.964248147850002 1.34572427996673 1.11355861668193
"108" 100 0.965336610486141 1.34879021100638 1.11534732701379
"109" 101 0.966407030084626 1.35185969382608 1.11712088714945
"110" 102 0.967486245836674 1.35495296085272 1.11887957352248
"111" 103 0.968546167060718 1.35788146991234 1.12062365487284
"112" 104 0.969583836744018 1.36096215867271 1.12235339253329
"113" 105 0.970614190271865 1.36393113117117 1.12406904070254
"114" 106 0.971622079796686 1.36693093292063 1.12577084670584
"115" 107 0.972659434415319 1.36982532444103 1.12745905124367
"116" 108 0.973658893119648 1.37273037774149 1.12913388862919
"117" 109 0.974642519078126 1.37563469424936 1.13079558701515
"118" 110 0.97563138433979 1.37851762903279 1.13244436861058
"119" 111 0.976630066214776 1.38136794839202 1.13408044988817
"120" 112 0.97761336141012 1.38429333802044 1.1357040417824
"121" 113 0.978568575507806 1.3872018744863 1.13731534987933
"122" 114 0.979495510865603 1.39004107684332 1.13891457459809
"123" 115 0.98043557572503 1.39287087171945 1.14050191136484
"124" 116 0.981354264401028 1.39570723492536 1.14207755077927
"125" 117 0.982286209312917 1.39844903042744 1.14364167877428
"126" 118 0.983217378168069 1.40120394994988 1.14519447676901
"127" 119 0.984143180541346 1.40396964411623 1.14673612181559
"128" 120 0.985062744397289 1.40668519252666 1.14826678673996
"129" 121 0.985951027174431 1.40938396519713 1.14978664027701
"130" 122 0.986846832592975 1.41204525530636 1.15129584720032
"131" 123 0.987721599421479 1.41461244835095 1.15279456844674
"132" 124 0.988605224435017 1.41722614849471 1.1542829612361
"133" 125 0.989476586045772 1.41987574191771 1.15576117918626
"134" 126 0.990343345518305 1.42262311554656 1.15722937242366
"135" 127 0.991218849680707 1.42514550033065 1.1586876876897
"136" 128 0.992057254893722 1.42788394987549 1.16013626844301
"137" 129 0.992918518680109 1.4304282163067 1.16157525495786
"138" 130 0.993753231523607 1.4329206782488 1.16300478441897
"139" 131 0.994597653022168 1.43543005938783 1.16442499101265
"140" 132 0.995440496555729 1.43807477909907 1.16583600601469
"141" 133 0.99625493299304 1.44069634547745 1.16723795787501
"142" 134 0.997070975649678 1.44319681115242 1.16863097229916
"143" 135 0.997881334233546 1.44569594138693 1.17001517232698
"144" 136 0.99866013454937 1.44821261999269 1.17139067840839
"145" 137 0.999413396197742 1.45075318450772 1.17275760847647
"146" 138 1.00023746803029 1.45326019268169 1.17411607801801
"147" 139 1.00100780439601 1.45567032841424 1.17546620014153
"148" 140 1.00176726188966 1.45819395249976 1.176808085643
"149" 141 1.00254392421146 1.46059835802805 1.17814184306922
"150" 142 1.00331758681499 1.46297114057092 1.17946757877907
"151" 143 1.00407648056699 1.46529882127866 1.18078539700269
"152" 144 1.00482229598888 1.46778184502196 1.18209539989858
"153" 145 1.00555828439231 1.47020671673147 1.18339768760888
"154" 146 1.00630327085509 1.47258683428188 1.18469235831274
"155" 147 1.00704297643402 1.47495121197191 1.18597950827793
"156" 148 1.00779908769415 1.47723140555682 1.18725923191081
"157" 149 1.00852052292826 1.47958266891199 1.18853162180457
"158" 150 1.00924144731413 1.48190462190906 1.18979676878597
"159" 151 1.00996524198096 1.48421525321496 1.19105476196059
"160" 152 1.01069583149226 1.48650453465207 1.19230568875655
"161" 153 1.01140266450901 1.48880532059431 1.19354963496691
"162" 154 1.01211610384565 1.49102781134193 1.19478668479072
"163" 155 1.01282274544763 1.49324251535678 1.19601692087274
"164" 156 1.0135188017411 1.49540292771385 1.19724042434198
"165" 157 1.01420735773298 1.49764737431936 1.19845727484895
"166" 158 1.0148826074694 1.49995960667469 1.19966755060192
"167" 159 1.01558481111 1.50210512433278 1.2008713284019
"168" 160 1.0162951244634 1.50441599311712 1.20206868367664
"169" 161 1.01698213244566 1.50657964846747 1.20325969051363
"170" 162 1.01767709865432 1.50876309920675 1.20444442169201
"171" 163 1.0183383758248 1.51101938326288 1.20562294871366
"172" 164 1.01900583499975 1.51321630129015 1.20679534183324
"173" 165 1.01966609279461 1.51537680187112 1.20796167008741
"174" 166 1.02032220301584 1.51754876508064 1.2091220013232
"175" 167 1.02098187930369 1.51968940527702 1.2102764022255
"176" 168 1.02161464040978 1.52188570071433 1.21142493834384
"177" 169 1.02223238214929 1.52402869376704 1.2125676741183
"178" 170 1.02287164968467 1.52624279904598 1.21370467290475
"179" 171 1.02351072308813 1.52827624100842 1.21483599699933
"180" 172 1.02413609192146 1.53038677508328 1.21596170766228
"181" 173 1.02474469179626 1.53249397424181 1.21708186514103
"182" 174 1.02534570257315 1.53461976850831 1.21819652869276
"183" 175 1.02596966520254 1.53661885685236 1.21930575660617
"184" 176 1.02656364578772 1.53868090057817 1.22040960622282
"185" 177 1.0271772774337 1.54082891447247 1.22150813395774
"186" 178 1.02779932243944 1.54278321475472 1.22260139531959
"187" 179 1.02840856243976 1.5447914202318 1.22368944493018
"188" 180 1.02900553617918 1.54678686282232 1.22477233654353
"189" 181 1.02961035781382 1.5487850538852 1.22585012306437
"190" 182 1.03016898158621 1.5508031014843 1.22692285656618
"191" 183 1.03075336895723 1.55279938697496 1.22799058830873
"192" 184 1.03131534195178 1.55493285881375 1.22905336875515
"193" 185 1.0319092664096 1.55697647360645 1.23011124758861
"194" 186 1.03249814601535 1.55899338053159 1.23116427372845
"195" 187 1.03308181419455 1.56113072466423 1.23221249534599
"196" 188 1.03366005840304 1.563087094299 1.23325595987993
"197" 189 1.03422872083026 1.56506310927501 1.23429471405127
"198" 190 1.03479335565969 1.56698078908097 1.23532880387789
"199" 191 1.03536691841301 1.56888942229788 1.23635827468886
"200" 192 1.03592490745471 1.57088908853804 1.23738317113818
"201" 193 1.03649000997738 1.57275761706819 1.23840353721836
"202" 194 1.03706264307735 1.57471614634699 1.23941941627358
"203" 195 1.03760261059573 1.57663390582956 1.2404308510125
"204" 196 1.03813964264116 1.57859767964974 1.24143788352082
"205" 197 1.03869505922515 1.58059558095806 1.24244055527347
"206" 198 1.03925581153787 1.58252777859788 1.24343890714652
"207" 199 1.03980491156034 1.58445274983488 1.24443297942882
"208" 200 1.0403395040494 1.58634503468082 1.24542281183333
"209" 201 1.04087714003148 1.58818567128883 1.24640844350816
"210" 202 1.04139929175977 1.59013129252577 1.24738991304741
"211" 203 1.04194452985944 1.59208317334482 1.24836725850169
"212" 204 1.04248266847149 1.59400970356308 1.24934051738839
"213" 205 1.04301850174574 1.59588480472258 1.25030972670175
"214" 206 1.04353578707488 1.59777808619053 1.25127492292265
"215" 207 1.04406502419366 1.5996679046066 1.2522361420282
"216" 208 1.04457491071884 1.60143767936258 1.25319341950109
"217" 209 1.04508578159471 1.60334561295917 1.25414679033871
"218" 210 1.0455959325557 1.605234821636 1.25509628906206
"219" 211 1.04609676321396 1.60709917317983 1.25604194972453
"220" 212 1.0466127076444 1.60900632275084 1.25698380592034
"221" 213 1.04711658468312 1.61088111706563 1.25792189079293
"222" 214 1.04763028275255 1.61275341724193 1.25885623704304
"223" 215 1.04813643321596 1.61451834639399 1.25978687693669
"224" 216 1.04863798547737 1.6162914174773 1.26071384231293
"225" 217 1.04914162459901 1.61813759735894 1.26163716459148
"226" 218 1.04964478857358 1.61994986687404 1.26255687478008
"227" 219 1.0501803008962 1.62179200845022 1.26347300348184
"228" 220 1.05065263466023 1.62354759333482 1.26438558090227
"229" 221 1.05113084133605 1.62527834192041 1.26529463685627
"230" 222 1.05161788300692 1.62702916891346 1.26620020077491
"231" 223 1.05211518285169 1.62869078816523 1.26710230171205
"232" 224 1.05259521953388 1.63043678593199 1.26800096835088
"233" 225 1.05308236984232 1.63214484224124 1.26889622901027
"234" 226 1.0535455962015 1.63385258798297 1.26978811165096
"235" 227 1.05402730297032 1.6356419816565 1.27067664388171
"236" 228 1.05451421964835 1.63736957108969 1.27156185296519
"237" 229 1.05497327077697 1.63913211858085 1.27244376582388
"238" 230 1.05546429185774 1.64088782708596 1.27332240904572
"239" 231 1.05595812355762 1.64252682350094 1.27419780888978
"240" 232 1.05644070183169 1.64422335172307 1.27506999129162
"241" 233 1.0568891005234 1.64589203235757 1.27593898186874
"242" 234 1.05737988465007 1.64751329921206 1.27680480592582
"243" 235 1.05786182827592 1.64920016644086 1.2776674884598
"244" 236 1.05830485299686 1.65095717332588 1.27852705416497
"245" 237 1.05876827630027 1.65263643695965 1.27938352743787
"246" 238 1.05924028497166 1.65431069879381 1.28023693238214
"247" 239 1.05970165748908 1.6559420226602 1.28108729281324
"248" 240 1.0601933618255 1.65757410950265 1.28193463226305
"249" 241 1.06064572804006 1.6592684036486 1.28277897398449
"250" 242 1.06109345009508 1.66097746739898 1.2836203409559
"251" 243 1.06152732293868 1.66255794974561 1.28445875588543
"252" 244 1.06196512440194 1.66422882506888 1.28529424121531
"253" 245 1.06241565555485 1.66592186394484 1.28612681912603
"254" 246 1.06286222832861 1.66754994815614 1.28695651154048
"255" 247 1.06331323613041 1.66911857158356 1.28778334012792
"256" 248 1.06374187777491 1.67073370679505 1.28860732630798
"257" 249 1.0641947592311 1.67234440394391 1.28942849125449
"258" 250 1.06462174454499 1.67402179913287 1.29024685589932
"259" 251 1.06505188837886 1.67555972741755 1.29106244093605
"260" 252 1.06550327872815 1.6771135817326 1.29187526682363
"261" 253 1.06594379265506 1.67871683801524 1.29268535378999
"262" 254 1.06637345078807 1.68029098569018 1.29349272183554
"263" 255 1.06679904144903 1.68188121221198 1.29429739073659
"264" 256 1.06723155928049 1.68347637142989 1.29509938004872
"265" 257 1.06768002214445 1.68498060972966 1.29589870911017
"266" 258 1.06810393152657 1.68659105033541 1.296695397045
"267" 259 1.06853238615404 1.6881834938174 1.29748946276633
"268" 260 1.06894425771358 1.68969762017877 1.29828092497946
"269" 261 1.06935356938314 1.69128410913135 1.29906980218493
"270" 262 1.06976404653527 1.69288724623432 1.29985611268158
"271" 263 1.07019043057118 1.6944922065509 1.30063987456947
"272" 264 1.07060857083073 1.69605112335162 1.30142110575276
"273" 265 1.0710089653474 1.6976289255213 1.30219982394265
"274" 266 1.07141405580032 1.69912503088102 1.30297604666008
"275" 267 1.07183963229538 1.70059448186406 1.30374979123855
"276" 268 1.07223541804563 1.70205413840256 1.30452107482681
"277" 269 1.07262595599052 1.70360549324516 1.30528991439146
"278" 270 1.0730249231541 1.70519918469804 1.30605632671961
"279" 271 1.07343841979835 1.70677367573498 1.30682032842142
"280" 272 1.073825293765 1.70837280711879 1.30758193593259
"281" 273 1.07423241331421 1.70983338949894 1.30834116551685
"282" 274 1.07463453528769 1.71132863698601 1.30909803326836
"283" 275 1.07502754746236 1.71279791522701 1.30985255511412
"284" 276 1.0754124375136 1.7142503032507 1.31060474681628
"285" 277 1.07579812306315 1.7158013843314 1.31135462397445
"286" 278 1.07618417515441 1.7173643178377 1.31210220202796
"287" 279 1.07657063713926 1.71890802661316 1.31284749625803
"288" 280 1.0769655394069 1.72036735355064 1.31359052179001
"289" 281 1.07736319387251 1.72192465021 1.31433129359553
"290" 282 1.07774912185557 1.72346931249137 1.31506982649453
"291" 283 1.07814482332433 1.72491974878797 1.31580613515737
"292" 284 1.0785209032539 1.72646583135893 1.31654023410687
"293" 285 1.07889490755064 1.72795942259432 1.31727213772031
"294" 286 1.0792887981561 1.7293760393105 1.31800186023136
"295" 287 1.07967051445822 1.73077563490978 1.31872941573204
"296" 288 1.0800648130781 1.73217994706248 1.31945481817462
"297" 289 1.08045081434181 1.73356292788891 1.32017808137347
"298" 290 1.08084854925145 1.7349675459729 1.32089921900689
"299" 291 1.08122784894547 1.73639703875205 1.32161824461894
"300" 292 1.08158665264987 1.73781806328491 1.32233517162119
"301" 293 1.08194634309905 1.7393836796252 1.32305001329445
"302" 294 1.08231201217207 1.74080727961839 1.32376278279058
"303" 295 1.08268153719652 1.74228279799595 1.32447349313401
"304" 296 1.08305663207749 1.74369330532341 1.32518215722357
"305" 297 1.0834245191664 1.74518640331606 1.32588878783401
"306" 298 1.08379970359618 1.74667848444087 1.32659339761767
"307" 299 1.08417513861719 1.7481381739966 1.327295999106
"308" 300 1.08453811495167 1.74953547598705 1.32799660471118
"309" 301 1.08489318462584 1.75103368500903 1.32869522672759
"310" 302 1.08525619349033 1.75232141687615 1.32939187733338
"311" 303 1.08564077675327 1.75376943076134 1.33008656859186
"312" 304 1.08599109355439 1.75512615178711 1.33077931245304
"313" 305 1.08636515921261 1.75654335622781 1.33147012075505
"314" 306 1.08671575903791 1.75796743840507 1.33215900522549
"315" 307 1.08704443596909 1.7593015306544 1.33284597748289
"316" 308 1.08740936799122 1.76061912856169 1.33353104903803
"317" 309 1.08776083882404 1.76202392685128 1.33421423129532
"318" 310 1.08811824563382 1.76338920701541 1.33489553555411
"319" 311 1.08847190796618 1.76476887814009 1.33557497300996
"320" 312 1.08882042871961 1.7661474817511 1.33625255475599
"321" 313 1.0891861684969 1.76755479398627 1.33692829178406
"322" 314 1.08956242765018 1.76896963011823 1.33760219498612
"323" 315 1.08989505042853 1.77034058074759 1.33827427515532
"324" 316 1.09026003845839 1.77174716364936 1.33894454298728
"325" 317 1.0905998920584 1.77313506060144 1.3396130090813
"326" 318 1.09093197712089 1.77443188271922 1.34027968394147
"327" 319 1.09126661305913 1.77573166710183 1.34094457797783
"328" 320 1.09159860735226 1.7771073113454 1.34160770150754
"329" 321 1.09196133260021 1.77855675068084 1.34226906475598
"330" 322 1.09231027319092 1.7799083166794 1.34292867785783
"331" 323 1.09265060671089 1.78123411163552 1.34358655085818
"332" 324 1.09298616356287 1.78254660568468 1.34424269371358
"333" 325 1.09334996633728 1.78391640463084 1.34489711629309
"334" 326 1.09368835374579 1.78528817969997 1.34554982837934
"335" 327 1.09401901893648 1.78659487034258 1.3462008396695
"336" 328 1.09436664045867 1.78793549163608 1.34685015977636
"337" 329 1.09468901986951 1.78919506742719 1.34749779822923
"338" 330 1.09501382452455 1.79052446196992 1.34814376447499
"339" 331 1.09535156468964 1.79187324375588 1.34878806787902
"340" 332 1.09568718881714 1.7932237403242 1.34943071772612
"341" 333 1.09600939772214 1.79443734978085 1.3500717232215
"342" 334 1.09635185396811 1.7957828462488 1.35071109349169
"343" 335 1.0966822767629 1.79702541253955 1.35134883758536
"344" 336 1.09699582206719 1.79826317370711 1.35198496447434
"345" 337 1.09732920962322 1.79951767054284 1.35261948305442
"346" 338 1.0976377952354 1.80075566615379 1.35325240214625
"347" 339 1.09796329797318 1.80208194380191 1.35388373049615
"348" 340 1.09831142425254 1.80334623171074 1.35451347677703
"349" 341 1.09863137532178 1.80461043261817 1.35514164958913
"350" 342 1.09895210717861 1.80584575965473 1.35576825746094
"351" 343 1.09926804968899 1.80715654605875 1.3563933088499
"352" 344 1.09959388070553 1.80838956395785 1.35701681214328
"353" 345 1.09990482553759 1.80965921722355 1.35763877565892
"354" 346 1.1002317061436 1.81093555640992 1.35825920764605
"355" 347 1.10054828705118 1.81220989353139 1.35887811628597
"356" 348 1.10084038226826 1.81341359650508 1.35949550969289
"357" 349 1.10115770554563 1.81466489263572 1.36011139591461
"358" 350 1.10146550295949 1.81597877950443 1.3607257829333
"359" 351 1.10177371579678 1.81732542574137 1.3613386786662
"360" 352 1.10207795671309 1.81868801290192 1.36195009096629
"361" 353 1.10238651838979 1.81989347545063 1.36256002762308
"362" 354 1.10268159227888 1.82113420158389 1.36316849636322
"363" 355 1.10297877198152 1.8223538149748 1.36377550485125
"364" 356 1.10328711281609 1.82362949264752 1.36438106069018
"365" 357 1.10360010909151 1.82482146446689 1.36498517142228
"366" 358 1.10391951968072 1.82597851577863 1.36558784452962
"367" 359 1.10423649766703 1.82728370710672 1.36618908743479
"368" 360 1.10455037778961 1.82854286598913 1.3667889075015
"369" 361 1.10484715310633 1.82983156994802 1.36738731203523
"370" 362 1.10514359166412 1.83114745822129 1.36798430828383
"371" 363 1.1054471871818 1.83231859513204 1.36857990343816
"372" 364 1.10575474730711 1.83350024482635 1.36917410463264
"373" 365 1.10607151570179 1.83468815847704 1.36976691894593
"374" 366 1.1063998567432 1.83592199223131 1.37035835340146
"375" 367 1.10670439752853 1.83724972073885 1.370948414968
"376" 368 1.10700594985074 1.83847186627599 1.37153711056027
"377" 369 1.10730232423638 1.83967282842324 1.37212444703948
"378" 370 1.10758859932701 1.84091925849613 1.37271043121391
"379" 371 1.10788786826806 1.84202031184594 1.37329506983945
"380" 372 1.10817718518834 1.8432795021214 1.37387836962011
"381" 373 1.10847050809648 1.84443199639264 1.37446033720864
"382" 374 1.10877643392808 1.84566609834056 1.37504097920693
"383" 375 1.10906728556865 1.84691740538407 1.37562030216669
"384" 376 1.10934107228711 1.84814849190109 1.37619831258983
"385" 377 1.10961299344552 1.84936460711685 1.37677501692904
"386" 378 1.10989807694828 1.85052784930602 1.37735042158827
"387" 379 1.11019830397781 1.85174572062281 1.37792453292324
"388" 380 1.11048732128815 1.85299298535807 1.37849735724189
"389" 381 1.11079614472407 1.85419598599229 1.37906890080496
"390" 382 1.111079175673 1.85540061341342 1.37963916982631
"391" 383 1.11134808456686 1.85656800388686 1.38020817047357
"392" 384 1.11163927369688 1.85781713319268 1.38077590886845
"393" 385 1.11193687923413 1.85896641610909 1.38134239108729
"394" 386 1.11221296840352 1.86011620321618 1.38190762316151
"395" 387 1.11250119536251 1.86135035260872 1.38247161107801
"396" 388 1.11276575099028 1.86256724210891 1.38303436077965
"397" 389 1.11305846610341 1.86377675253965 1.38359587816568
"398" 390 1.11334862288848 1.86492519138632 1.38415616909216
"399" 391 1.11364273800127 1.86604026531074 1.38471523937238
"400" 392 1.11392367846623 1.86721193684585 1.38527309477735
"401" 393 1.11420776145616 1.86838818454143 1.38582974103608
"402" 394 1.11449126653668 1.86954119230501 1.38638518383614
"403" 395 1.11476186272415 1.87072862202811 1.38693942882394
"404" 396 1.11504447053149 1.87182522349408 1.38749248160522
"405" 397 1.11531978197023 1.87300746417994 1.38804434774542
"406" 398 1.11558727316454 1.8740670678083 1.38859503277002
"407" 399 1.11585013515558 1.87528365384217 1.389144542165
"408" 400 1.11612807152919 1.87646491247397 1.38969288137718
"409" 401 1.1164175596273 1.87768856404596 1.3902400558146
"410" 402 1.1166928723685 1.87879967499416 1.39078607084689
"411" 403 1.11696369785037 1.87988425188908 1.39133093180567
"412" 404 1.11724999602236 1.88109706882504 1.39187464398487
"413" 405 1.11751987599451 1.88229497181881 1.39241721264109
"414" 406 1.11779969381867 1.88347951547308 1.39295864299401
"415" 407 1.11806845215262 1.88466465780355 1.39349894022664
"416" 408 1.11834247244233 1.88579269725823 1.39403810948581
"417" 409 1.11862155356077 1.8869891098604 1.39457615588236
"418" 410 1.11889814972465 1.8881124423611 1.39511308449155
"419" 411 1.11916137197094 1.88923433614271 1.39564890035344
"420" 412 1.11942345534046 1.89032214389019 1.39618360847312
"421" 413 1.11968037684295 1.89145867649739 1.39671721382111
"422" 414 1.11993582246705 1.89252335340908 1.39724972133364
"423" 415 1.1201896229414 1.89364480579572 1.39778113591302
"424" 416 1.1204485576402 1.89477586558524 1.39831146242789
"425" 417 1.12070626552705 1.89583046576735 1.39884070571355
"426" 418 1.12098402147499 1.89696709675987 1.39936887057234
"427" 419 1.1212433390544 1.89808529578018 1.39989596177384
"428" 420 1.12149963050628 1.89914688255363 1.40042198405518
"429" 421 1.12177425823954 1.90029297896808 1.40094694212146
"430" 422 1.12202746007558 1.90144409834202 1.40147084064586
"431" 423 1.12227229122468 1.90253471180347 1.40199368427011
"432" 424 1.12252131311749 1.90364310535204 1.40251547760463
"433" 425 1.12279270578206 1.90472233130178 1.40303622522887
"434" 426 1.12303469511278 1.90583509086734 1.40355593169167
"435" 427 1.12328225816954 1.90700343389733 1.40407460151139
"436" 428 1.12354527181929 1.90807524894587 1.40459223917627
"437" 429 1.12376460243194 1.90926267677624 1.40510884914471
"438" 430 1.12400773696477 1.91032206642733 1.40562443584549
"439" 431 1.12426919306137 1.91142692267991 1.40613900367806
"440" 432 1.12452610759939 1.91263070802011 1.40665255701284
"441" 433 1.1247785966261 1.91382464587935 1.40716510019138
"442" 434 1.12503818854791 1.91487956564238 1.40767663752671
"443" 435 1.12530994666764 1.91597098208409 1.40818717330357
"444" 436 1.12557301887297 1.91706940873778 1.40869671177863
"445" 437 1.12582564110214 1.91817375598944 1.40920525718076
"446" 438 1.12607339340261 1.91922369034419 1.40971281371126
"447" 439 1.12631870728932 1.92022048203563 1.41021938554415
"448" 440 1.12655824350358 1.92132893295222 1.41072497682634
"449" 441 1.12679557013544 1.92237300445408 1.41122959167791
"450" 442 1.12704697963605 1.92349641865386 1.41173323419233
"451" 443 1.12730883419034 1.92458277725987 1.4122359084367
"452" 444 1.12755249617992 1.92556176855073 1.41273761845196
"453" 445 1.12779730072766 1.92670663181204 1.41323836825318
"454" 446 1.12800956764619 1.92774371378904 1.41373816182967
"455" 447 1.12828135859992 1.92875450184396 1.41423700314529
"456" 448 1.12852113371227 1.92976686481461 1.41473489613867
"457" 449 1.12876308645423 1.9307851625356 1.41523184472339
"458" 450 1.12900484278621 1.9318973375737 1.41572785278818
"459" 451 1.1292597474383 1.93304842454838 1.4162229241972
"460" 452 1.12947685367278 1.93416475228254 1.41671706279018
"461" 453 1.12973805654565 1.93527753587162 1.41721027238268
"462" 454 1.12998375313159 1.93643562234467 1.41770255676623
"463" 455 1.13022924443509 1.93750707416508 1.41819391970863
"464" 456 1.13047267823295 1.93856889409901 1.41868436495408
"465" 457 1.1307121681436 1.93962016070377 1.41917389622338
"466" 458 1.13094403774174 1.9406552781222 1.41966251721415
"467" 459 1.13118642448723 1.94173563404484 1.420150231601
"468" 460 1.1314104784836 1.9428051405687 1.42063704303579
"469" 461 1.13166467885021 1.94381710556758 1.42112295514773
"470" 462 1.13191872348616 1.94492717367486 1.42160797154361
"471" 463 1.13215409714834 1.94593313142814 1.422092095808
"472" 464 1.13240634862712 1.94699778639056 1.42257533150342
"473" 465 1.13266474191944 1.94808097758814 1.42305768217053
"474" 466 1.1329096643681 1.94913557626321 1.42353915132828
"475" 467 1.13313974470438 1.9501359242136 1.42401974247412
"476" 468 1.13336142161866 1.95116604544377 1.42449945908419
"477" 469 1.13358854171513 1.95224503481689 1.42497830461348
"478" 470 1.13383383605607 1.95329663750626 1.42545628249596
"479" 471 1.13406123361889 1.95435449489486 1.42593339614483
"480" 472 1.13429370219472 1.9554378232472 1.42640964895263
"481" 473 1.13452420823933 1.95645279118142 1.42688504429144
"482" 474 1.13474098867671 1.95736459101286 1.42735958551305
"483" 475 1.13497999311934 1.95838459771316 1.42783327594906
"484" 476 1.13520575329743 1.9594002265459 1.42830611891117
"485" 477 1.13542011024658 1.96050760433801 1.42877811769119
"486" 478 1.13564655987221 1.96151050340319 1.42924927556134
"487" 479 1.13588337629014 1.9625077725279 1.42971959577427
"488" 480 1.13609933179343 1.96351094989175 1.43018908156339
"489" 481 1.13633282946899 1.96454663873844 1.43065773614281
"490" 482 1.13655151542894 1.96552093788085 1.4311255627077
"491" 483 1.13678306749292 1.96650177926605 1.4315925644343
"492" 484 1.137013872032 1.96761389022688 1.43205874448016
"493" 485 1.13724043615793 1.96865393107879 1.4325241059842
"494" 486 1.13746648365867 1.96970288348633 1.43298865206694
"495" 487 1.13768844594436 1.97068692263251 1.43345238583063
"496" 488 1.13792538203149 1.97164475239188 1.43391531035933
"497" 489 1.13817093084639 1.97266133078745 1.43437742871913
"498" 490 1.13840677216314 1.97367327074563 1.43483874395828
"499" 491 1.1386221573923 1.97469148956617 1.43529925910725
"500" 492 1.1388526764191 1.97566761869396 1.43575897717899
"501" 493 1.13907080973755 1.9766383348992 1.43621790116899
"502" 494 1.13930895269772 1.97765894580193 1.43667603405544
"503" 495 1.1395389184576 1.97868319117977 1.43713337879934
"504" 496 1.13973632783177 1.9796867125804 1.43758993834467
"505" 497 1.13996865755106 1.98068182913806 1.4380457156185
"506" 498 1.14018160653785 1.98169843080048 1.43850071353114
"507" 499 1.14038270894417 1.98268840644078 1.43895493497623
"508" 500 1.14058373765799 1.98365274148198 1.4394083828309
"509" 501 1.14080655363853 1.98462979365274 1.43986105995591
"510" 502 1.14103355014296 1.98560072485476 1.44031296919573
"511" 503 1.14124121104996 1.98654336590398 1.44076411337873
"512" 504 1.14146208475987 1.98745898700864 1.44121449531721
"513" 505 1.14167595661538 1.98836323056033 1.44166411780763
"514" 506 1.14191107310779 1.98942813527917 1.44211298363064
"515" 507 1.14213601385579 1.99036359307003 1.44256109555127
"516" 508 1.14235245741313 1.99127263298805 1.44300845631898
"517" 509 1.14256032059601 1.99228404495291 1.44345506866785
"518" 510 1.14278753661456 1.99329335810884 1.44390093531664
"519" 511 1.14300706114972 1.99427033237717 1.44434605896894
"520" 512 1.14322080789026 1.99524800214268 1.44479044231327
"521" 513 1.14343941891915 1.99618399308722 1.44523408802316
"522" 514 1.14365077746338 1.99713479645829 1.44567699875734
"523" 515 1.14386433038783 1.99812250824484 1.44611917715979
"524" 516 1.14407852794016 1.99912434282011 1.44656062585988
"525" 517 1.14428546705999 2.00009174647743 1.44700134747244
"526" 518 1.14448797097374 2.001092488162 1.44744134459791
"527" 519 1.14469852518171 2.00204691313353 1.44788061982243
"528" 520 1.1449028369668 2.00300963536965 1.44831917571795
"529" 521 1.14510986940426 2.00396802699015 1.44875701484233
"530" 522 1.14529652465919 2.00491675534344 1.44919413973944
"531" 523 1.14551461175735 2.00586929034466 1.44963055293929
"532" 524 1.14572006377124 2.00688682881107 1.4500662569581
"533" 525 1.14592803804315 2.00789147897281 1.45050125429839
"534" 526 1.14613880818061 2.00884274052497 1.45093554744913
"535" 527 1.14633643172071 2.00973154675762 1.45136913888582
"536" 528 1.14653990525319 2.01068746535232 1.45180203107056
"537" 529 1.14675805076758 2.01164208170018 1.45223422645214
"538" 530 1.14696340722831 2.0125930793361 1.45266572746626
"539" 531 1.1471652528793 2.01350174781973 1.45309653653543
"540" 532 1.14738717306989 2.01445555665572 1.45352665606923
"541" 533 1.14761403467681 2.01541688888071 1.4539560884643
"542" 534 1.14782451913564 2.01633680318533 1.45438483610446
"543" 535 1.148036815389 2.01733557442645 1.45481290136089
"544" 536 1.14823692097108 2.01828336002845 1.45524028659209
"545" 537 1.14843916019328 2.01922413900035 1.45566699414399
"546" 538 1.14865884852025 2.02017331727618 1.45609302635018
"547" 539 1.14885443575707 2.02113029390583 1.45651838553182
"548" 540 1.14905340919431 2.02211202562681 1.4569430739978
"549" 541 1.14926597659355 2.02305700230225 1.45736709404485
"550" 542 1.1494540653134 2.02395753772256 1.45779044795765
"551" 543 1.14964061648787 2.02486346244412 1.45821313800879
"552" 544 1.14983901400863 2.02579320099313 1.45863516645901
"553" 545 1.15004154267442 2.02673630989166 1.45905653555717
"554" 546 1.15023583171103 2.02772527361147 1.45947724754041
"555" 547 1.15043011516051 2.0286946650948 1.45989730463417
"556" 548 1.15062766877987 2.02957134820384 1.46031670905229
"557" 549 1.15082671689196 2.03048530530683 1.46073546299716
"558" 550 1.15101348997607 2.03137647602239 1.4611535686597
"559" 551 1.15122632941837 2.03230642730181 1.4615710282195
"560" 552 1.15142617902245 2.03322650665854 1.46198784384485
"561" 553 1.15163841281482 2.03420150722267 1.46240401769291
"562" 554 1.15182871959797 2.0351557704853 1.46281955190967
"563" 555 1.15201809550817 2.03603932650287 1.46323444863012
"564" 556 1.1522206112535 2.03692170850005 1.46364870997829
"565" 557 1.15240145067708 2.03783343574373 1.46406233806732
"566" 558 1.15260336441149 2.0387100072973 1.46447533499954
"567" 559 1.15279951692952 2.03963005389023 1.46488770286657
"568" 560 1.15299514647453 2.04053991569798 1.46529944374933
"569" 561 1.15318311261706 2.04144299910668 1.46571055971822
"570" 562 1.15340102732385 2.04235433573371 1.46612105283307
"571" 563 1.15359099476639 2.04324492246249 1.46653092514328
"572" 564 1.15379438684326 2.04415419756794 1.46694017868791
"573" 565 1.15398260345696 2.045067248771 1.4673488154957
"574" 566 1.15417575891566 2.04591699480622 1.46775683758517
"575" 567 1.15435332771695 2.0468174851372 1.46816424696469
"576" 568 1.15454623751614 2.04770577297254 1.46857104563248
"577" 569 1.15473855808161 2.04857261577613 1.46897723557683
"578" 570 1.15491013158784 2.04950576083736 1.46938281877603
"579" 571 1.15510752939659 2.0504848994459 1.46978779719847
"580" 572 1.15528799618333 2.05135346338111 1.47019217280275
"581" 573 1.15550158658097 2.05227244742423 1.47059594753771
"582" 574 1.1556863424456 2.05315404499434 1.47099912334249
"583" 575 1.15588922141514 2.05410784976921 1.47140170214661
"584" 576 1.15607646520446 2.05501831048063 1.47180368587004
"585" 577 1.15628222923149 2.05591328939046 1.47220507642324
"586" 578 1.15645350754446 2.05680416673023 1.47260587570727
"587" 579 1.15664171412933 2.05770644586785 1.47300608561379
"588" 580 1.156838210523 2.05854830392638 1.47340570802516
"589" 581 1.15701982657848 2.05938191562965 1.47380474481451
"590" 582 1.15721491968389 2.0603001254411 1.47420319784577
"591" 583 1.15741241869042 2.06102636117134 1.47460106897374
"592" 584 1.15759869625201 2.06190430269866 1.47499836004421
"593" 585 1.15778209901838 2.06272342877802 1.47539507289387
"594" 586 1.15797203648745 2.06354082016198 1.47579120935059
"595" 587 1.15814969091968 2.06443713492593 1.47618677123324
"596" 588 1.15833573110684 2.0653118097119 1.47658176035191
"597" 589 1.15853988082556 2.06616785699966 1.47697617850797
"598" 590 1.15871984637822 2.06702573816199 1.47737002749399
"599" 591 1.15891667102626 2.06792390969282 1.47776330909396
"600" 592 1.15908975271819 2.06870036087982 1.47815602508322
"601" 593 1.15927339346062 2.06965375109228 1.47854817722858
"602" 594 1.15944375914316 2.07048073835415 1.47893976728838
"603" 595 1.1596219860466 2.07134826735276 1.47933079701251
"604" 596 1.15978965253924 2.07224828963279 1.47972126814252
"605" 597 1.15996229436906 2.07317657072846 1.48011118241157
"606" 598 1.1601472745637 2.07407487687413 1.4805005415446
"607" 599 1.16033075708508 2.07492895500071 1.48088934725832
"608" 600 1.16050965079038 2.07586587703709 1.48127760126128
"609" 601 1.16068889461198 2.07669845949666 1.48166530525392
"610" 602 1.16086834658494 2.07758131408508 1.4820524609286
"611" 603 1.16106094373054 2.0784677948799 1.4824390699697
"612" 604 1.16125574691999 2.07937369815732 1.48282513405362
"613" 605 1.16142280391741 2.08022677909388 1.48321065484887
"614" 606 1.16159798832294 2.08110612571881 1.48359563401609
"615" 607 1.16177224737876 2.08198513828027 1.48398007320814
"616" 608 1.16193727091713 2.08286383789454 1.48436397407011
"617" 609 1.16210685163005 2.08372866985571 1.48474733823934
"618" 610 1.16229294168767 2.08461606020763 1.48513016734557
"619" 611 1.16247070249197 2.08546793116698 1.48551246301092
"620" 612 1.16264949885459 2.08627156697771 1.48589422684991
"621" 613 1.16281947130833 2.08716976991282 1.48627546046959
"622" 614 1.16299490422515 2.08808633002929 1.48665616546951
"623" 615 1.16316211675672 2.08892433554242 1.48703634344184
"624" 616 1.16334396288476 2.08976249627041 1.48741599597134
"625" 617 1.16349909203896 2.09060386450898 1.48779512463542
"626" 618 1.16368311380705 2.09142682781349 1.48817373100425
"627" 619 1.16385761175881 2.09220814977951 1.48855181664074
"628" 620 1.16403250504105 2.09298757190918 1.48892938310065
"629" 621 1.16420828046384 2.09378913463114 1.48930643193252
"630" 622 1.1643930174705 2.09463128852303 1.48968296467787
"631" 623 1.16456423770404 2.09547160693386 1.49005898287106
"632" 624 1.16473856889142 2.0963137454954 1.49043448803951
"633" 625 1.16491129051936 2.09715347846549 1.49080948170367
"634" 626 1.16508453504227 2.09799066082982 1.49118396537699
"635" 627 1.16525975618123 2.09882780592239 1.49155794056613
"636" 628 1.1654276512945 2.09968468797517 1.49193140877082
"637" 629 1.16559458103408 2.10053346437749 1.49230437148401
"638" 630 1.16578389383197 2.10137276778038 1.49267683019195
"639" 631 1.16596256472799 2.10221424461916 1.49304878637408
"640" 632 1.16614006280746 2.10302913660173 1.4934202415032
"641" 633 1.16630620825673 2.10385774653427 1.4937911970455
"642" 634 1.16647545797742 2.10469060102388 1.49416165446051
"643" 635 1.1666431430438 2.10550334437439 1.49453161520126
"644" 636 1.16680844797021 2.10632910130265 1.4949010807142
"645" 637 1.16698169941297 2.10715552670963 1.4952700524394
"646" 638 1.16715285802788 2.10799672009567 1.49563853181037
"647" 639 1.16733444013019 2.10880046202918 1.49600652025432
"648" 640 1.16751270035601 2.10959562349608 1.49637401919204
"649" 641 1.16767207371406 2.11039156558617 1.496741030038
"650" 642 1.16784159368981 2.11121950868901 1.4971075542004
"651" 643 1.1680094840885 2.11203781802799 1.49747359308121
"652" 644 1.16818117881423 2.11280702128169 1.49783914807613
"653" 645 1.16835299685819 2.11364029425319 1.49820422057475
"654" 646 1.16851245499126 2.1144424144547 1.49856881196047
"655" 647 1.16868516963927 2.11525328725833 1.49893292361064
"656" 648 1.16884986787007 2.11601786390222 1.4992965568965
"657" 649 1.16902299308327 2.11683363622452 1.49965971318328
"658" 650 1.16920222938106 2.11765631594579 1.50002239383024
"659" 651 1.16937742092524 2.11845922396685 1.50038460019066
"660" 652 1.16954677618713 2.11926176699231 1.50074633361186
"661" 653 1.169720829249 2.12005445323596 1.50110759543538
"662" 654 1.16990466117866 2.12080524481885 1.50146838699677
"663" 655 1.17007112165015 2.12157095621734 1.50182870962588
"664" 656 1.1702364467471 2.12233860868585 1.5021885646467
"665" 657 1.17040076289273 2.12307562679816 1.50254795337754
"666" 658 1.17056354903148 2.12384343532776 1.50290687713093
"667" 659 1.17074220263184 2.12465368022383 1.50326533721373
"668" 660 1.17090401274615 2.12541427768218 1.50362333492716
"669" 661 1.17106839344826 2.12618707995206 1.50398087156687
"670" 662 1.17124925836947 2.12698646788455 1.50433794842283
"671" 663 1.1714122873818 2.1277930780132 1.50469456677951
"672" 664 1.17159297696137 2.12859983455693 1.50505072791592
"673" 665 1.17176427807597 2.12940730904972 1.50540643310547
"674" 666 1.17193702573566 2.13021721264299 1.50576168361618
"675" 667 1.17209600982348 2.13104734557698 1.50611648071066
"676" 668 1.17224562436929 2.13183650650039 1.50647082564607
"677" 669 1.17240285982968 2.13261117908561 1.50682471967425
"678" 670 1.17256623580239 2.13341003924582 1.50717816404172
"679" 671 1.17272659441545 2.134208991941 1.50753115998965
"680" 672 1.17289169778591 2.1350067781755 1.50788370875401
"681" 673 1.1730493921585 2.135803558713 1.50823581156544
"682" 674 1.17321083517524 2.1366208238251 1.50858746964948
"683" 675 1.17335961391579 2.13738523758626 1.50893868422638
"684" 676 1.173508089275 2.13815495998885 1.50928945651134
"685" 677 1.17365934802502 2.13895927707265 1.50963978771435
"686" 678 1.17383034195398 2.1397746816957 1.50998967904036
"687" 679 1.17400415830888 2.14056636551353 1.51033913168927
"688" 680 1.17416008281333 2.14139245406916 1.51068814685589
"689" 681 1.17431189070875 2.14217302939373 1.51103672573009
"690" 682 1.17446922367175 2.14293637400818 1.51138486949671
"691" 683 1.17462266759378 2.14372406273706 1.51173257933567
"692" 684 1.17478864986932 2.14451116291931 1.51207985642194
"693" 685 1.17495063733838 2.14529876518375 1.51242670192562
"694" 686 1.17510730175617 2.14607410940487 1.51277311701196
"695" 687 1.17526318955626 2.14683479088835 1.51311910284132
"696" 688 1.17542512061812 2.14764035989341 1.51346466056932
"697" 689 1.17558762886983 2.14843800260958 1.51380979134671
"698" 690 1.17576081206033 2.14922613979867 1.51415449631955
"699" 691 1.17592816860055 2.14999889986549 1.51449877662912
"700" 692 1.17608979704343 2.15077916126009 1.51484263341203
"701" 693 1.1762295405275 2.15154982017283 1.51518606780023
"702" 694 1.17638483094568 2.15233917590652 1.51552908092093
"703" 695 1.17652955700294 2.15311839237904 1.51587167389681
"704" 696 1.17668510165025 2.15394579029447 1.51621384784588
"705" 697 1.17683094907253 2.1546747400739 1.51655560388163
"706" 698 1.17698306801996 2.15544793203698 1.51689694311293
"707" 699 1.17713824660835 2.15622450096609 1.5172378666442
"708" 700 1.17729610380843 2.15702947461349 1.5175783755753
"709" 701 1.17744670331865 2.15777397647649 1.51791847100164
"710" 702 1.1776057569081 2.15856921104726 1.51825815401418
"711" 703 1.17775949178241 2.15937183606493 1.51859742569943
"712" 704 1.17794029621498 2.16010095083125 1.51893628713956
"713" 705 1.17809373135254 2.16085625514532 1.51927473941224
"714" 706 1.17824688161702 2.16162206675092 1.51961278359093
"715" 707 1.17838766742948 2.16237875142913 1.51995042074466
"716" 708 1.17854728829013 2.16310181778241 1.52028765193817
"717" 709 1.17869906099237 2.16382365709401 1.52062447823193
"718" 710 1.17886444342856 2.16454475544969 1.52096090068216
"719" 711 1.17902465757332 2.16528013983129 1.52129692034084
"720" 712 1.17918231529148 2.16606557888486 1.52163253825567
"721" 713 1.17934054700897 2.16685023386757 1.52196775547025
"722" 714 1.17949321846965 2.16755902298508 1.52230257302397
"723" 715 1.17965354417423 2.16835979487073 1.52263699195204
"724" 716 1.17980960494339 2.16914891071133 1.52297101328563
"725" 717 1.17997380593544 2.16986845948983 1.52330463805171
"726" 718 1.18012631712178 2.17059186217876 1.52363786727324
"727" 719 1.18028156163802 2.17138206564439 1.52397070196908
"728" 720 1.18043383791621 2.17213042646167 1.52430314315406
"729" 721 1.18058793386037 2.17284792948553 1.52463519183905
"730" 722 1.18073558426393 2.17356289883132 1.52496684903082
"731" 723 1.18088498818036 2.17427835068237 1.52529811573226
"732" 724 1.18103947505387 2.17501440648381 1.52562899294227
"733" 725 1.18117881854763 2.1757664449385 1.52595948165582
"734" 726 1.18132794487434 2.17653758957752 1.52628958286398
"735" 727 1.18148207984748 2.1772791580731 1.52661929755393
"736" 728 1.18163190194029 2.17799958534919 1.52694862670897
"737" 729 1.18177901570488 2.17872045493297 1.52727757130855
"738" 730 1.18192740152848 2.17945294465556 1.52760613232829
"739" 731 1.18207164298572 2.18016102372252 1.52793431074005
"740" 732 1.18222644162233 2.180919166104 1.52826210751184
"741" 733 1.1823881233527 2.18161449712565 1.52858952360794
"742" 734 1.18252569120031 2.182391099355 1.52891655998886
"743" 735 1.18266545884619 2.18316417595932 1.5292432176114
"744" 736 1.1828182413926 2.18394337684882 1.52956949742863
"745" 737 1.18296738486188 2.18473193674987 1.52989540038999
"746" 738 1.18312215372325 2.18542779415168 1.53022092744114
"747" 739 1.18327672153488 2.18616874074936 1.5305460795242
"748" 740 1.18342634624491 2.18691151357069 1.53087085757758
"749" 741 1.18357763438987 2.18767712097992 1.53119526253615
"750" 742 1.18372157808845 2.18844737500289 1.5315192953311
"751" 743 1.183871521222 2.1891460711747 1.53184295689011
"752" 744 1.18402712246434 2.18985584291599 1.53216624813731
"753" 745 1.18417241426921 2.1906740346036 1.5324891699932
"754" 746 1.18431460852533 2.19139547181732 1.53281172337487
"755" 747 1.18446734023609 2.1922183454721 1.53313390919587
"756" 748 1.18461891181545 2.19300181195338 1.53345572836624
"757" 749 1.18476866687948 2.19372617819545 1.53377718179254
"758" 750 1.18492123633337 2.19446930394842 1.53409827037795
"759" 751 1.18506757691198 2.19518405333791 1.53441899502219
"760" 752 1.18522432331964 2.19592553908118 1.53473935662153
"761" 753 1.1853700636679 2.19663700029575 1.53505935606888
"762" 754 1.18550943320573 2.19736101885856 1.53537899425378
"763" 755 1.18565347023618 2.19811546707193 1.53569827206238
"764" 756 1.18580923902843 2.19888432283723 1.53601719037749
"765" 757 1.18595449624197 2.19963330100256 1.53633575007863
"766" 758 1.18608670399823 2.2004017725767 1.53665395204198
"767" 759 1.18621785338408 2.20112052461655 1.5369717971404
"768" 760 1.18637526498126 2.20180260737877 1.53728928624352
"769" 761 1.18652388256449 2.20253110737484 1.53760642021772
"770" 762 1.18666935145681 2.20323377035836 1.53792319992607
"771" 763 1.18680819204265 2.2039467744434 1.53823962622845
"772" 764 1.18694283540096 2.20466569010991 1.53855569998159
"773" 765 1.18709021063993 2.20537123407731 1.53887142203892
"774" 766 1.18723017626553 2.20605207735781 1.53918679325072
"775" 767 1.18736399562709 2.20674811150709 1.53950181446418
"776" 768 1.1875185766339 2.20746790695458 1.53981648652326
"777" 769 1.18766437728801 2.20820764302947 1.54013081026883
"778" 770 1.18780686475165 2.20890047562654 1.54044478653859
"779" 771 1.18795063431673 2.20961317523477 1.54075841616727
"780" 772 1.18809106673354 2.21038158467951 1.54107169998635
"781" 773 1.1882215457139 2.21112144823749 1.54138463882438
"782" 774 1.18835622469942 2.21180390287266 1.54169723350676
"783" 775 1.18849637417744 2.21246529407514 1.54200948485589
"784" 776 1.18863538439276 2.21316454251637 1.54232139369116
"785" 777 1.18877579771187 2.21386164908857 1.54263296082893
"786" 778 1.18891570474223 2.21454629590386 1.54294418708258
"787" 779 1.18905743659192 2.21522949667523 1.5432550732625
"788" 780 1.18920434714411 2.21602035313006 1.54356562017615
"789" 781 1.18935953932328 2.21668407958622 1.54387582862795
"790" 782 1.18950122071547 2.21737620650393 1.5441856994195
"791" 783 1.18964427585727 2.21811367211636 1.54449523334943
"792" 784 1.18978628278024 2.21883075800972 1.54480443121344
"793" 785 1.18992940118537 2.21957029794926 1.54511329380437
"794" 786 1.19006732840523 2.22032387567686 1.54542182191216
"795" 787 1.19020853089434 2.22108422134783 1.5457300163239
"796" 788 1.190346485175 2.22179875241538 1.54603787782386
"797" 789 1.19048648716555 2.22250362868687 1.54634540719342
"798" 790 1.19062350943204 2.22319341175217 1.54665260521115
"799" 791 1.19075511782116 2.22386081378859 1.54695947265287
"800" 792 1.19089620657823 2.22455678205491 1.54726601029153
"801" 793 1.19104498843784 2.22528459870138 1.5475722188973
"802" 794 1.19117359079047 2.22595226798426 1.54787809923768
"803" 795 1.19131672088899 2.22668582160885 1.54818365207732
"804" 796 1.19143853181507 2.22735849173442 1.54848887817813
"805" 797 1.19157642767415 2.22812214772677 1.54879377829935
"806" 798 1.19171541281734 2.22882561001712 1.54909835319749
"807" 799 1.1918525856072 2.22953558730745 1.54940260362632
"808" 800 1.19199198608909 2.23022041706711 1.54970653033698
"809" 801 1.19213355919443 2.23084427059442 1.55001013407787
"810" 802 1.1922834111856 2.23150425440248 1.55031341559478
"811" 803 1.1924167731462 2.23221087861694 1.55061637563083
"812" 804 1.19254491990546 2.23289346274922 1.55091901492651
"813" 805 1.19268514856184 2.23359765153912 1.55122133421969
"814" 806 1.19282638969666 2.23432313503557 1.55152333424559
"815" 807 1.19296435764356 2.23501579509744 1.5518250157369
"816" 808 1.19311045709648 2.23573654704766 1.55212637942365
"817" 809 1.19325282316699 2.23651297058472 1.55242742603334
"818" 810 1.19338936853145 2.23720018804091 1.55272815629093
"819" 811 1.19352797346397 2.2378532708853 1.55302857091877
"820" 812 1.19366600362861 2.23848562699483 1.55332867063671
"821" 813 1.19380748357099 2.23915133840791 1.55362845616205
"822" 814 1.19394972352138 2.23989787895295 1.55392792820961
"823" 815 1.19407554724564 2.24055043168157 1.55422708749169
"824" 816 1.1942145721893 2.24119557173899 1.5545259347181
"825" 817 1.19435730533212 2.24196350372009 1.55482447059615
"826" 818 1.1944936355837 2.24266431013642 1.55512269583072
"827" 819 1.1946308422491 2.24335388596789 1.55542061112422
"828" 820 1.19477839616726 2.24406320545132 1.55571821717663
"829" 821 1.19491059525283 2.24469000670999 1.55601551468548
"830" 822 1.19503214117799 2.24535789712148 1.55631250434585
"831" 823 1.19516062440827 2.24602519032808 1.55660918685046
"832" 824 1.19530860568202 2.24669188758849 1.55690556288964
"833" 825 1.19543883397741 2.24738476566483 1.5572016331513
"834" 826 1.1955860106336 2.24802168167791 1.55749739832098
"835" 827 1.19571832018201 2.24866727570974 1.55779285908184
"836" 828 1.19583700470037 2.24929436351243 1.55808801611475
"837" 829 1.19597841795248 2.24999233370916 1.55838287009814
"838" 830 1.19611412127028 2.25070599917884 1.55867742170819
"839" 831 1.19625334687418 2.25141940553529 1.55897167161872
"840" 832 1.19638120266002 2.25206957124904 1.55926562050128
"841" 833 1.19650890768088 2.25277615923776 1.55955926902503
"842" 834 1.1966394759417 2.25344413506942 1.55985261785696
"843" 835 1.1967655351308 2.25411049095532 1.5601456676617
"844" 836 1.19689942950634 2.2547881837196 1.56043841910164
"845" 837 1.1970341247497 2.25555195932877 1.56073087283689
"846" 838 1.19716704962739 2.25622438377626 1.56102302952533
"847" 839 1.19730284022496 2.25693041541712 1.56131488982265
"848" 840 1.19742306231832 2.25769660937015 1.5616064543822
"849" 841 1.19755269303153 2.25846673500616 1.56189772385524
"850" 842 1.19769553140064 2.25918936611163 1.56218869889072
"851" 843 1.19781538119384 2.25981831288031 1.56247938013547
"852" 844 1.19794274365258 2.26045617152683 1.56276976823406
"853" 845 1.19806726625425 2.26114461508078 1.56305986382899
"854" 846 1.19819350383683 2.26182790288869 1.56334966756049
"855" 847 1.19832157566737 2.26248125973183 1.56363918006668
"856" 848 1.19844455629887 2.26318240166674 1.56392840198351
"857" 849 1.19856152078498 2.26383195098117 1.56421733394485
"858" 850 1.19869183455707 2.26445981414317 1.56450597658238
"859" 851 1.19883050092899 2.26514579808462 1.56479433052568
"860" 852 1.19897175039245 2.26587680196625 1.56508239640226
"861" 853 1.19910295119607 2.26657127501897 1.56537017483746
"862" 854 1.19923299015868 2.26733256028467 1.56565766645462
"863" 855 1.19936733467925 2.26806628437865 1.56594487187487
"864" 856 1.19950655981291 2.26879475072706 1.56623179171746
"865" 857 1.19963385641731 2.26943078399707 1.56651842659937
"866" 858 1.19977345881506 2.27005625151147 1.5668047771357
"867" 859 1.19990532731787 2.2706415247174 1.56709084393941
"868" 860 1.20003227343362 2.27131221461099 1.56737662762143
"869" 861 1.20015816979042 2.27193782022497 1.56766212879073
"870" 862 1.20028011191792 2.27256615327882 1.56794734805423
"871" 863 1.20040090153821 2.27319061047783 1.56823228601679
"872" 864 1.20053775219842 2.27380398273665 1.56851694328135
"873" 865 1.20065299648212 2.27436576232344 1.56880132044886
"874" 866 1.20077696941301 2.27501068585485 1.56908541811822
"875" 867 1.20091967721571 2.27568667364733 1.56936923688642
"876" 868 1.20105601758429 2.27637708552631 1.56965277734847
"877" 869 1.20118774822742 2.27703629113646 1.56993604009747
"878" 870 1.20131491974784 2.27770304066055 1.57021902572444
"879" 871 1.20143871166594 2.27842334520659 1.57050173481865
"880" 872 1.20155861061296 2.27905355140638 1.5707841679673
"881" 873 1.20168075268666 2.27966021132832 1.57106632575576
"882" 874 1.20180380359811 2.2803220695251 1.5713482087674
"883" 875 1.20192687816019 2.28096689910249 1.5716298175838
"884" 876 1.2020486920762 2.28162560417154 1.57191115278453
"885" 877 1.20216685448451 2.28224272501136 1.57219221494738
"886" 878 1.2022872841137 2.28296788115876 1.57247300464817
"887" 879 1.20241844763239 2.28363919051985 1.57275352246094
"888" 880 1.20254068507935 2.28430602557802 1.57303376895779
"889" 881 1.20266317211563 2.28496497248531 1.573313744709
"890" 882 1.20278552327415 2.28557834687463 1.57359345028306
"891" 883 1.20291456126205 2.28621665234225 1.57387288624652
"892" 884 1.2030438911444 2.28689302716795 1.57415205316416
"893" 885 1.20316757742158 2.28756588682027 1.57443095159895
"894" 886 1.20329094391546 2.28826614593031 1.574709582112
"895" 887 1.20341474728968 2.28895636849648 1.57498794526269
"896" 888 1.20353866585607 2.28960588009457 1.57526604160855
"897" 889 1.20367164165916 2.29028752417078 1.57554387170529
"898" 890 1.20379913470143 2.29095084462706 1.57582143610695
"899" 891 1.20392662987952 2.29163946439993 1.57609873536566
"900" 892 1.204036167081 2.29238628869068 1.57637577003185
"901" 893 1.20416077953021 2.29302723958483 1.57665254065425
"902" 894 1.20428384064467 2.29366599843534 1.57692904777976
"903" 895 1.20441169854738 2.29430026977933 1.57720529195352
"904" 896 1.20453319155921 2.29497106301736 1.57748127371902
"905" 897 1.20464795650474 2.29565549239154 1.57775699361796
"906" 898 1.20477176851784 2.29631486511604 1.57803245219034
"907" 899 1.20489761143636 2.29695434525966 1.57830764997441
"908" 900 1.20501363949332 2.297580957196 1.57858258750678
"909" 901 1.20513594297269 2.2982693087884 1.57885726532229
"910" 902 1.20525951989595 2.29890712732338 1.57913168395416
"911" 903 1.20538165364506 2.29953833118609 1.5794058439339
"912" 904 1.2055051807677 2.30016149154743 1.57967974579129
"913" 905 1.20563663030312 2.3008122884232 1.57995339005449
"914" 906 1.20576681732015 2.30144178014306 1.58022677725002
"915" 907 1.20588189864187 2.30209989696194 1.58049990790271
"916" 908 1.20601112408117 2.30276072394164 1.58077278253574
"917" 909 1.20614092613291 2.30341597243178 1.58104540167064
"918" 910 1.20627095472589 2.3040711516379 1.58131776582733
"919" 911 1.2063896743635 2.3047257957666 1.58158987552409
"920" 912 1.20651980533871 2.30533772002471 1.58186173127758
"921" 913 1.20663179330246 2.30596268191017 1.58213333360286
"922" 914 1.20674223545896 2.30664566600529 1.58240468301337
"923" 915 1.20687006167675 2.30732463849108 1.58267578002091
"924" 916 1.20699927865766 2.30796300737472 1.58294662513577
"925" 917 1.2071079773886 2.3086508817523 1.58321721886661
"926" 918 1.20722463316943 2.30929961457341 1.58348756172047
"927" 919 1.20734261425745 2.30991933677677 1.58375765420289
"928" 920 1.20745375981809 2.31055721097351 1.58402749681777
"929" 921 1.20756846457492 2.31118579621077 1.58429709006752
"930" 922 1.20768928312696 2.31188682812136 1.58456643445294
"931" 923 1.20779952155792 2.31249954319264 1.58483553047329
"932" 924 1.20792171564511 2.31313056463141 1.58510437862636
"933" 925 1.20804986216602 2.31374686410953 1.58537297940828
"934" 926 1.20816916181361 2.31440117541359 1.58564133331377
"935" 927 1.20829632614098 2.31501018469852 1.58590944083594
"936" 928 1.20840703498862 2.3156363954571 1.58617730246647
"937" 929 1.20851435566067 2.31629656147005 1.58644491869542
"938" 930 1.20864366186995 2.31691751563454 1.58671229001145
"939" 931 1.20876556343539 2.31752885925405 1.58697941690167
"940" 932 1.20889078696048 2.31813952698402 1.5872462998517
"941" 933 1.2090157750277 2.31875320169072 1.58751293934573
"942" 934 1.20913770295667 2.31947629856764 1.58777933586637
"943" 935 1.20924643378758 2.32012299311137 1.58804548989486
"944" 936 1.20935451469568 2.32071272122174 1.58831140191091
"945" 937 1.20946933223752 2.32137014084434 1.58857707239278
"946" 938 1.20957963115617 2.32197914512582 1.58884250181728
"947" 939 1.20968603671596 2.32261008906112 1.58910769065978
"948" 940 1.2097941431677 2.32322274109081 1.58937263939424
"949" 941 1.2099254149099 2.32383565466459 1.58963734849311
"950" 942 1.2100450508139 2.32446787488368 1.58990181842748
"951" 943 1.21015841660033 2.32502006706099 1.59016604966693
"952" 944 1.21027677550882 2.32562043756344 1.59043004267971
"953" 945 1.21040170623041 2.32622250878149 1.59069379793259
"954" 946 1.21051527637797 2.32682414191964 1.59095731589101
"955" 947 1.21062534827598 2.32745800618224 1.59122059701889
"956" 948 1.21073597312522 2.32808899798634 1.59148364177889
"957" 949 1.21085018051677 2.3286694962356 1.59174645063218
"958" 950 1.21095869892892 2.32929170132246 1.59200902403862
"959" 951 1.21107670377958 2.32993858350191 1.59227136245657
"960" 952 1.21120581260341 2.33051266697862 1.59253346634319
"961" 953 1.21130247959867 2.33107967523934 1.59279533615408
"962" 954 1.21141444948893 2.33168714910635 1.59305697234367
"963" 955 1.21153170646189 2.33232938951383 1.59331837536488
"964" 956 1.21165337354284 2.33297289047542 1.59357954566934
"965" 957 1.21177491895232 2.33365006686733 1.59384048370733
"966" 958 1.21189569444556 2.33432531992858 1.59410118992784
"967" 959 1.21200653915138 2.33498702887036 1.59436166477843
"968" 960 1.21211207283772 2.33560085508706 1.59462190870538
"969" 961 1.21221084863778 2.33621406673159 1.59488192215365
"970" 962 1.21233935105532 2.33682515215536 1.5951417055669
"971" 963 1.21244703785777 2.33742828571327 1.59540125938736
"972" 964 1.21255641488532 2.33801120256904 1.59566058405611
"973" 965 1.21267033219582 2.33865880224926 1.59591968001286
"974" 966 1.21278225244536 2.33927650341225 1.59617854769601
"975" 967 1.21288968355997 2.33994386298259 1.59643718754263
"976" 968 1.21300785000813 2.34054700739205 1.59669559998856
"977" 969 1.21311208714118 2.34118708271287 1.59695378546839
"978" 970 1.2132158340875 2.34182763248542 1.59721174441537
"979" 971 1.21332183542218 2.34247870700531 1.59746947726145
"980" 972 1.2134340443654 2.34312158640491 1.59772698443741
"981" 973 1.21355837085693 2.34376689090745 1.59798426637265
"982" 974 1.2136714110004 2.34440907496228 1.59824132349543
"983" 975 1.21377463348998 2.34497731650379 1.59849815623271
"984" 976 1.21388268893558 2.34562747285278 1.59875476501013
"985" 977 1.21399338705126 2.34629997738379 1.59901115025222
"986" 978 1.21410843251007 2.34698106696409 1.59926731238213
"987" 979 1.21421498564526 2.34762322160203 1.59952325182191
"988" 980 1.21431700169549 2.34826468084395 1.59977896899231
"989" 981 1.21443564029019 2.34885664702916 1.60003446431288
"990" 982 1.21455246807216 2.34943402029055 1.60028973820192
"991" 983 1.21466331699128 2.35001119233892 1.60054479107652
"992" 984 1.21476297237765 2.35058887287305 1.60079962335264
"993" 985 1.21486790384587 2.35119780257028 1.60105423544491
"994" 986 1.21497880508934 2.35179225989087 1.60130862776683
"995" 987 1.21509621793429 2.35238617337988 1.60156280073075
"996" 988 1.2152071567656 2.35297815413096 1.60181675474773
"997" 989 1.21531841410096 2.3535796537205 1.60207049022769
"998" 990 1.21542860015284 2.35415972207849 1.6023240075794
"999" 991 1.21553936213393 2.35481997795007 1.60257730721041
"1000" 992 1.21566269518356 2.35541430147542 1.60283038952716
"1001" 993 1.21578168728023 2.35606087597864 1.6030832549348
"1002" 994 1.21590083236575 2.35665727057754 1.60333590383743
"1003" 995 1.21601222728004 2.35724581030597 1.60358833663795
"1004" 996 1.21611951389546 2.35783860876675 1.60384055373813
"1005" 997 1.21622565274598 2.35843167761964 1.60409255553855
"1006" 998 1.21634078414375 2.35902431418186 1.60434434243867
"1007" 999 1.21645022792203 2.35967870736293 1.60459591483683
"1008" 1000 1.21655870681907 2.36027394330105 1.60484727313018
