"T" "IC_low" "IC_up" "x_ML"
"1" 1.1 0.771699710877044 0.791852213355394 0.779918024762962
"2" 1.2 0.781024835747849 0.806813161796302 0.791566386818242
"3" 1.3 0.789678460452829 0.820599980280299 0.80234555296676
"4" 1.4 0.797765320198454 0.833388347936377 0.812380245074888
"5" 1.5 0.805340156170913 0.845309402752773 0.821769881660762
"6" 1.6 0.812477218486239 0.856478837684911 0.830595020353559
"7" 1.7 0.81920713470147 0.866967980156646 0.838921867159787
"8" 1.8 0.825588803542837 0.876899255851377 0.846805510469783
"9" 1.9 0.83165979192735 0.886290772286576 0.854292290194953
"10" 2 0.83743786714092 0.895220673279957 0.861421565995702
"11" 3 0.883834012008276 0.966490990145217 0.918700211225782
"12" 4 0.917421763947494 1.01812266178199 0.960351416465773
"13" 5 0.943718097393933 1.05899794541285 0.99324938554837
"14" 6 0.96536352719673 1.09291720404139 1.020518459767
"15" 7 0.983763617811139 1.12235847548993 1.04385103915793
"16" 8 0.999668438373916 1.14816124486956 1.06427001602599
"17" 9 1.01370260288534 1.17127512741596 1.08244216570333
"18" 10 1.02630037518428 1.19231629138424 1.09882693549159
"19" 11 1.03772080423309 1.21159679966872 1.11375468540743
"20" 12 1.04805330322769 1.22946857940726 1.12747111104263
"21" 13 1.05753668886819 1.24631915200202 1.14016402273133
"22" 14 1.06643231192439 1.26189127449392 1.15198028560331
"23" 15 1.07474917860663 1.27646234028719 1.16303696905464
"24" 16 1.08246441732003 1.29034862289315 1.17342893300851
"25" 17 1.08968681993553 1.30358158705191 1.18323413776187
"26" 18 1.09649429947202 1.31627138878919 1.19251745216117
"27" 19 1.10294260402938 1.32837732371426 1.2013334433589
"28" 20 1.10902579841434 1.33996779875644 1.20972845897481
"29" 21 1.11481908169103 1.35110010322729 1.21774220702638
"30" 22 1.12032989243483 1.36178523514597 1.2254089725758
"31" 23 1.12562127318921 1.37203869512313 1.23275856711096
"32" 24 1.1306941636458 1.38194906360497 1.23981707828109
"33" 25 1.13553583171223 1.39166876566412 1.24660746842876
"34" 26 1.14019124175995 1.4009683670256 1.25315005716222
"35" 27 1.14469721181308 1.40996905577181 1.25946291397309
"36" 28 1.14899164899038 1.41876334210353 1.26556218033695
"37" 29 1.15315718198333 1.42731789751025 1.27146233599759
"38" 30 1.15715902235571 1.43567764315175 1.27717642067576
"39" 31 1.1610462753339 1.44376071945548 1.28271621988403
"40" 32 1.16477591513687 1.4515394000503 1.28809242161617
"41" 33 1.16839788670824 1.45919237692485 1.29331474923376
"42" 34 1.17193157911565 1.46682425744104 1.29839207476969
"43" 35 1.17535466464868 1.47396484077953 1.3033325160196
"44" 36 1.1786653740727 1.48099286368511 1.30814352013292
"45" 37 1.18190356493523 1.4878496415876 1.31283193589977
"46" 38 1.18502551733229 1.49457613649706 1.31740407652365
"47" 39 1.18811060211463 1.50128256414959 1.32186577434702
"48" 40 1.1910458919629 1.50780878647881 1.32622242873934
"49" 41 1.19399045763023 1.51428120986607 1.33047904814973
"50" 42 1.19683187380659 1.52050313215621 1.33464028715912
"51" 43 1.19961764483148 1.52660159951461 1.33871047923028
"52" 44 1.20235543495957 1.53281893944823 1.3426936657427
"53" 45 1.20500734789395 1.53883023593778 1.34659362180803
"54" 46 1.20757455579404 1.54472568932917 1.35041387928594
"55" 47 1.21016460600102 1.55035293966011 1.35415774735785
"56" 48 1.21263692482363 1.55583170683155 1.35782833096351
"57" 49 1.21506592635174 1.56130130265561 1.36142854736221
"58" 50 1.21745959275795 1.56667229977734 1.36496114104319
"59" 51 1.21976709417652 1.57205517792759 1.36842869717947
"60" 52 1.2220632728425 1.5775393198626 1.37183365379286
"61" 53 1.22427627227877 1.58286215609116 1.3751783127758
"62" 54 1.22646679930919 1.58799342568462 1.3784648498969
"63" 55 1.22859460573355 1.59312541415889 1.38169532390081
"64" 56 1.23072353302842 1.5980463438202 1.38487168479926
"65" 57 1.23277484103487 1.60288877235441 1.38799578143819
"66" 58 1.2347747500983 1.60759004604458 1.39106936841576
"67" 59 1.23679514008043 1.6124367113686 1.39409411241691
"68" 60 1.23874488316308 1.61712000527917 1.39707159802293
"69" 61 1.24065260334583 1.62169176378754 1.40000333304717
"70" 62 1.24258432537443 1.62628859566976 1.40289075344298
"71" 63 1.24444485293543 1.63093306575855 1.40573522782422
"72" 64 1.24633341497798 1.63539293947641 1.40853806163462
"73" 65 1.24817022376138 1.63988778262224 1.41130050099837
"74" 66 1.2499566338421 1.64422167152293 1.4140237362807
"75" 67 1.2517487491988 1.64853360167255 1.41670890538437
"76" 68 1.25345559602574 1.65284345065099 1.41935709680533
"77" 69 1.25512883438529 1.65707853569942 1.42196935246835
"78" 70 1.25682560113654 1.66101532296198 1.42454667036136
"79" 71 1.25848689188902 1.66520236951458 1.42709000698558
"80" 72 1.26014528469712 1.66908604028187 1.42960027963661
"81" 73 1.26177348175939 1.67315744818963 1.4320783685303
"82" 74 1.26335379579847 1.67718285560572 1.43452511878608
"83" 75 1.26488214491605 1.6812329408642 1.43694134227886
"84" 76 1.26641769057241 1.68504194460009 1.43932781937006
"85" 77 1.26795743866957 1.68892799985624 1.44168530052703
"86" 78 1.26944596355842 1.69290070339592 1.44401450783935
"87" 79 1.27093912864511 1.69669165555807 1.44631613643997
"88" 80 1.2723961830972 1.70042952881525 1.44859085583812
"89" 81 1.27382282298886 1.70406104495459 1.45083931117058
"90" 82 1.27527691211652 1.70763908755033 1.45306212437725
"91" 83 1.27669103047269 1.71144205320115 1.45525989530644
"92" 84 1.27808492035428 1.71504592185437 1.45743320275488
"93" 85 1.27943729436114 1.71876430356107 1.45958260544702
"94" 86 1.2807748026589 1.72205112030609 1.46170864295787
"95" 87 1.28212294689127 1.72567234086325 1.46381183658326
"96" 88 1.28342696786681 1.72922370717697 1.46589269016093
"97" 89 1.28472130087186 1.73271810299306 1.46795169084602
"98" 90 1.2860470788004 1.73621060611143 1.46998930984376
"99" 91 1.2873497671743 1.73958691805474 1.47200600310218
"100" 92 1.28863532975442 1.74294784458847 1.47400221196762
"101" 93 1.28989894037456 1.74628536307068 1.47597836380516
"102" 94 1.29115788833739 1.74954155487183 1.47793487258645
"103" 95 1.29236108360012 1.7527998032831 1.47987213944673
"104" 96 1.29357945395341 1.75627115037381 1.48179055321324
"105" 97 1.29477208967781 1.75964031523863 1.4836904909065
"106" 98 1.29596921300902 1.76275467499204 1.48557231821631
"107" 99 1.29713769055198 1.76601344066236 1.48743638995389
"108" 100 1.29832166742192 1.76897954878028 1.48928305048163
"109" 101 1.29944249652421 1.77202151990044 1.49111263412175
"110" 102 1.30056412120217 1.77524649477828 1.4929254655451
"111" 103 1.30173743216734 1.77837818303729 1.49472186014125
"112" 104 1.30285569204575 1.7814510034032 1.49650212437098
"113" 105 1.303980371187 1.78439181678442 1.49826655610209
"114" 106 1.3050936386391 1.78731459086949 1.50001544492956
"115" 107 1.30618529822456 1.79022968208891 1.50174907248085
"116" 108 1.30725453856453 1.79322265684696 1.50346771270723
"117" 109 1.30832779076477 1.79621649457042 1.50517163216183
"118" 110 1.30938503097419 1.79920181992386 1.50686109026523
"119" 111 1.31044424802092 1.80217057698917 1.50853633955912
"120" 112 1.31147105881238 1.80501967409387 1.51019762594881
"121" 113 1.31248954231267 1.80796304286366 1.51184518893507
"122" 114 1.31350073291916 1.81073002088624 1.51347926183592
"123" 115 1.31450659528349 1.81370211608306 1.51510007199886
"124" 116 1.31548201856811 1.81639671772334 1.51670784100406
"125" 117 1.31646966191875 1.81906645605337 1.51830278485888
"126" 118 1.31747356071718 1.8216715610668 1.51988511418435
"127" 119 1.31844190359745 1.82435665659561 1.52145503439375
"128" 120 1.31943345569883 1.82710074513434 1.52301274586394
"129" 121 1.32040270074534 1.82982498940366 1.52455844409962
"130" 122 1.3213478408837 1.83260552366387 1.52609231989092
"131" 123 1.32228352033725 1.83522100043034 1.52761455946467
"132" 124 1.32321745633398 1.8379199701876 1.52912534462965
"133" 125 1.32415858930289 1.840604589162 1.530624852916
"134" 126 1.32505382328355 1.84329456874718 1.53211325770926
"135" 127 1.32595907498568 1.84592506052646 1.53359072837913
"136" 128 1.32686047554968 1.84856440614428 1.53505743040327
"137" 129 1.32775894157929 1.85117367368232 1.5365135254863
"138" 130 1.32864853414694 1.85372900166616 1.53795917167436
"139" 131 1.32953109423034 1.85621834486002 1.53939452346523
"140" 132 1.33041061470876 1.85872467809407 1.54081973191444
"141" 133 1.33128406667447 1.86126948937114 1.54223494473735
"142" 134 1.33215174412901 1.86371656452679 1.54364030640747
"143" 135 1.33302402874317 1.86622654409116 1.54503595825122
"144" 136 1.33388090678151 1.86873933382512 1.54642203853915
"145" 137 1.33469227115408 1.87122967697773 1.547798682574
"146" 138 1.33554342422995 1.87370167454731 1.54916602277549
"147" 139 1.33638362663737 1.87611915744103 1.55052418876213
"148" 140 1.33721573229701 1.87851529028238 1.55187330743013
"149" 141 1.33804601354949 1.88093822253209 1.55321350302957
"150" 142 1.33887027956834 1.88330661080933 1.55454489723789
"151" 143 1.33967349223841 1.88565483296341 1.55586760923084
"152" 144 1.34048025877876 1.88802591058948 1.55718175575096
"153" 145 1.34129241616697 1.89047731383253 1.55848745117385
"154" 146 1.34207537269685 1.89275940868047 1.55978480757198
"155" 147 1.34285098977611 1.89497669074595 1.56107393477658
"156" 148 1.34365135340539 1.89722979095172 1.56235494043729
"157" 149 1.3444320183087 1.89959893038224 1.56362793007995
"158" 150 1.34521604786865 1.90189385724537 1.56489300716236
"159" 151 1.345955913072 1.90414607331163 1.56615027312835
"160" 152 1.34673298705083 1.90646455577533 1.56739982745999
"161" 153 1.34751947431775 1.90864849024766 1.56864176772816
"162" 154 1.34826486744332 1.91091286754826 1.56987618964145
"163" 155 1.34901325713623 1.91311771916633 1.57110318709358
"164" 156 1.34976276698936 1.91543458865344 1.57232285220924
"165" 157 1.35051096805869 1.91754235123626 1.57353527538849
"166" 158 1.35125098719049 1.91971297989103 1.57474054534986
"167" 159 1.35197752651655 1.92191212091519 1.57593874917197
"168" 160 1.35272221217272 1.92412488431451 1.57712997233398
"169" 161 1.35344043864483 1.92627995647613 1.57831429875475
"170" 162 1.3541525576483 1.92843695042589 1.57949181083078
"171" 163 1.35484272572385 1.93058818406511 1.58066258947308
"172" 164 1.35556305485446 1.93271530055272 1.58182671414281
"173" 165 1.35624173960433 1.93487850140787 1.58298426288599
"174" 166 1.35693312379214 1.93704890765291 1.58413531236702
"175" 167 1.35763149298115 1.93914200262231 1.58527993790137
"176" 168 1.35829255205623 1.94122326656669 1.58641821348717
"177" 169 1.35898330924656 1.94330760275544 1.587550211836
"178" 170 1.35964156501977 1.94539895586835 1.58867600440262
"179" 171 1.36031808202154 1.94734129562161 1.58979566141404
"180" 172 1.36099479460707 1.94933101407862 1.5909092518976
"181" 173 1.36166998688239 1.95135863622714 1.5920168437083
"182" 174 1.36233185824642 1.9533920493759 1.59311850355537
"183" 175 1.36298948524172 1.95545078666239 1.59421429702807
"184" 176 1.36364357486409 1.95748233577773 1.59530428862078
"185" 177 1.36428300450452 1.95952443314067 1.59638854175735
"186" 178 1.3649269151154 1.96145780987168 1.59746711881483
"187" 179 1.36555935430527 1.96338977901898 1.59854008114648
"188" 180 1.36619732965988 1.96539342481099 1.59960748910423
"189" 181 1.36681935143024 1.96737369551137 1.60066940206047
"190" 182 1.36743495105514 1.96925055636925 1.60172587842922
"191" 183 1.36805916676881 1.97118883462461 1.6027769756868
"192" 184 1.36867114401706 1.97316568018218 1.60382275039193
"193" 185 1.36928522318419 1.97512131812186 1.60486325820522
"194" 186 1.36990062483996 1.97703303330299 1.60589855390826
"195" 187 1.37051640445711 1.97898770799954 1.60692869142208
"196" 188 1.3711387178174 1.98085359977632 1.60795372382525
"197" 189 1.37174478017742 1.98273345528313 1.60897370337138
"198" 190 1.37236105942089 1.9845954809138 1.60998868150626
"199" 191 1.37297506516944 1.98650751499303 1.61099870888455
"200" 192 1.37359330208528 1.98835249655751 1.61200383538596
"201" 193 1.37421061578946 1.99014043892952 1.61300411013111
"202" 194 1.37480653491035 1.9919837394764 1.61399958149694
"203" 195 1.37537823049 1.99375603413655 1.61499029713171
"204" 196 1.37594898199873 1.9956819479701 1.61597630396968
"205" 197 1.37654222446386 1.99751555296513 1.61695764824538
"206" 198 1.37711619744027 1.99918185111958 1.61793437550753
"207" 199 1.37768833449931 2.00101319980045 1.6189065306326
"208" 200 1.3782370645733 2.00282392293131 1.61987415783808
"209" 201 1.37880714894478 2.00467732132267 1.62083730069539
"210" 202 1.37935125577658 2.00641440752571 1.62179600214246
"211" 203 1.37991545609636 2.00810356339266 1.62275030449606
"212" 204 1.38046382291585 2.00982031944046 1.62370024946375
"213" 205 1.38099672029774 2.01159233945355 1.62464587815562
"214" 206 1.38156948618655 2.01344985443288 1.62558723109571
"215" 207 1.38215726598539 2.01523570142903 1.62652434823315
"216" 208 1.38269969976203 2.01707340502432 1.62745726895306
"217" 209 1.38323005858661 2.01882650356229 1.62838603208717
"218" 210 1.38378409703885 2.02059375993217 1.62931067592421
"219" 211 1.38433371806597 2.0222495060674 1.63023123822006
"220" 212 1.38488688340763 2.02395241143572 1.6311477562076
"221" 213 1.38542745067706 2.02569690990611 1.63206026660645
"222" 214 1.38597323052486 2.02742372150276 1.63296880563235
"223" 215 1.3864978982439 2.02918480247308 1.63387340900646
"224" 216 1.38703726761013 2.03089997897284 1.6347741119643
"225" 217 1.38755662511293 2.03270630274146 1.63567094926466
"226" 218 1.38807071631372 2.03444331484685 1.63656395519812
"227" 219 1.38858996024699 2.03619682936928 1.63745316359552
"228" 220 1.38910161081424 2.03794760108561 1.63833860783619
"229" 221 1.38959632764192 2.0395560297593 1.63922032085599
"230" 222 1.39011400403941 2.04122872162284 1.64009833515518
"231" 223 1.3906174207604 2.04299390402205 1.64097268280609
"232" 224 1.39112541940699 2.04471210281946 1.64184339546068
"233" 225 1.39166173581562 2.0464055518307 1.64271050435789
"234" 226 1.39215173717359 2.04797733643283 1.64357404033082
"235" 227 1.3926641126769 2.04970463323963 1.64443403381377
"236" 228 1.39316837939112 2.05137908339682 1.64529051484917
"237" 229 1.39365133307611 2.0529455547723 1.64614351309425
"238" 230 1.39415104588886 2.05456329538355 1.64699305782771
"239" 231 1.39464314647372 2.0561769539255 1.64783917795612
"240" 232 1.39515089098351 2.05778156274412 1.64868190202026
"241" 233 1.39564754459391 2.05938100512752 1.64952125820129
"242" 234 1.39612393490275 2.06093210743709 1.65035727432683
"243" 235 1.39661420756507 2.0624558382885 1.65118997787683
"244" 236 1.39709611929814 2.06396119452787 1.65201939598944
"245" 237 1.39756875533197 2.06563977266368 1.65284555546663
"246" 238 1.39803057263793 2.06712354016724 1.65366848277979
"247" 239 1.39849028779634 2.06865588905603 1.65448820407517
"248" 240 1.39896897263335 2.07015421791183 1.65530474517918
"249" 241 1.39943544033877 2.07165542438738 1.65611813160368
"250" 242 1.39989519457191 2.07325853361369 1.65692838855104
"251" 243 1.40037352019904 2.07491100516692 1.65773554091918
"252" 244 1.40084547351134 2.07639064490682 1.6585396133065
"253" 245 1.40131112485288 2.07802189362224 1.65934063001664
"254" 246 1.40175879484454 2.07964995987941 1.66013861506328
"255" 247 1.40222096402228 2.08121997555005 1.66093359217467
"256" 248 1.40267676011354 2.08281544455437 1.66172558479824
"257" 249 1.4031282365378 2.0843659350524 1.66251461610499
"258" 250 1.4035833183814 2.08592259845261 1.66330070899388
"259" 251 1.40402579847729 2.08744260419016 1.66408388609605
"260" 252 1.40447539219309 2.08907262647912 1.66486416977907
"261" 253 1.40493190319467 2.09058240693401 1.66564158215097
"262" 254 1.40535833540708 2.09198563936883 1.66641614506434
"263" 255 1.4057801011037 2.09339813775036 1.66718788012019
"264" 256 1.40621921900183 2.09495981400536 1.6679568086719
"265" 257 1.4066658022305 2.09637772131255 1.66872295182895
"266" 258 1.40710708110415 2.09777213205689 1.66948633046068
"267" 259 1.40753338807147 2.09917788902001 1.67024696519994
"268" 260 1.40795445566094 2.10060780563268 1.67100487644663
"269" 261 1.40839678373819 2.10206487396822 1.67176008437127
"270" 262 1.40882752868467 2.10347568418194 1.67251260891842
"271" 263 1.40926643540223 2.10496877622145 1.67326246981005
"272" 264 1.40968850859507 2.10635242462905 1.67400968654888
"273" 265 1.41012469925011 2.10785349852995 1.67475427842164
"274" 266 1.41055510915119 2.10936361931832 1.67549626450223
"275" 267 1.41099027009257 2.11089885216205 1.67623566365492
"276" 268 1.4114194936629 2.11243996640829 1.67697249453736
"277" 269 1.4118306535881 2.11385227552505 1.67770677560367
"278" 270 1.41223952467291 2.11520688454087 1.67843852510737
"279" 271 1.41266356424181 2.11657557430778 1.67916776110427
"280" 272 1.4131002393805 2.11796774455757 1.67989450145541
"281" 273 1.41350306296058 2.11944680503455 1.68061876382978
"282" 274 1.41391797015425 2.12088024382412 1.68134056570715
"283" 275 1.41430301621691 2.12231509886947 1.68205992438073
"284" 276 1.41471178611144 2.12360168820994 1.68277685695985
"285" 277 1.41512018905496 2.12487557171509 1.68349138037259
"286" 278 1.41554187109535 2.12650270526505 1.68420351136832
"287" 279 1.41596864333946 2.12797189220495 1.68491326652022
"288" 280 1.41636858479998 2.12955462919913 1.68562066222777
"289" 281 1.41677532132994 2.13089575581372 1.68632571471921
"290" 282 1.41718407590395 2.13220163359335 1.68702844005386
"291" 283 1.41759640737965 2.1335444056907 1.68772885412456
"292" 284 1.41799457130655 2.13485817055262 1.68842697265988
"293" 285 1.41840749735758 2.13630632250849 1.68912281122648
"294" 286 1.41880588203686 2.13766838560821 1.68981638523127
"295" 287 1.41918752230341 2.13900910435417 1.69050770992362
"296" 288 1.41957479739802 2.14026260123848 1.69119680039757
"297" 289 1.41996062364386 2.14176801927293 1.69188367159384
"298" 290 1.42035020263662 2.14305920411903 1.69256833830199
"299" 291 1.42072849904869 2.14444922553162 1.69325081516244
"300" 292 1.42112004476218 2.14586663390875 1.69393111666852
"301" 293 1.42150272372599 2.14727263635977 1.69460925716833
"302" 294 1.42189676868028 2.1485905710401 1.69528525086684
"303" 295 1.42226706216912 2.14989296417351 1.69595911182768
"304" 296 1.42265370010318 2.15126035171665 1.69663085397508
"305" 297 1.4230420968255 2.15260181152655 1.69730049109569
"306" 298 1.42343210498188 2.15388036090754 1.69796803684042
"307" 299 1.42382005532691 2.15529836562527 1.6986335047262
"308" 300 1.42419319212814 2.15664342410354 1.69929690813776
"309" 301 1.42456766292487 2.15793913800071 1.69995826032936
"310" 302 1.42494610063487 2.15931214084548 1.70061757442645
"311" 303 1.42532050901012 2.16065318702047 1.70127486342742
"312" 304 1.42570207382222 2.16198321404574 1.70193014020515
"313" 305 1.42608031504321 2.1633516496318 1.70258341750872
"314" 306 1.42646626413712 2.16462771835335 1.70323470796495
"315" 307 1.42683651357482 2.16595153549146 1.70388402407997
"316" 308 1.42720084463978 2.16737835074358 1.70453137824077
"317" 309 1.42755803867103 2.16868155676181 1.70517678271674
"318" 310 1.42791359427731 2.16993395606358 1.70582024966111
"319" 311 1.42827487146184 2.17120422477755 1.70646179111248
"320" 312 1.42862238268497 2.17247294293207 1.70710141899624
"321" 313 1.4289731045546 2.17379294898825 1.70773914512596
"322" 314 1.42934536468039 2.17511036716268 1.70837498120486
"323" 315 1.42971180143503 2.1763984206688 1.70900893882711
"324" 316 1.43006227633769 2.17767573501703 1.70964102947928
"325" 317 1.43042852903227 2.17898167539233 1.71027126454159
"326" 318 1.43080038161623 2.18030941120032 1.71089965528929
"327" 319 1.43114399991996 2.18157904267833 1.71152621289388
"328" 320 1.43150550255167 2.18273953334618 1.71215094842449
"329" 321 1.4318439195571 2.18385750907201 1.71277387284904
"330" 322 1.43218869687846 2.18511969262467 1.71339499703554
"331" 323 1.43252843651058 2.18629744400818 1.71401433175326
"332" 324 1.43288294869436 2.1876368516775 1.71463188767396
"333" 325 1.4332256353421 2.18898250427353 1.71524767537307
"334" 326 1.43356076654299 2.19020337215152 1.71586170533085
"335" 327 1.43388611767909 2.19144480824045 1.71647398793353
"336" 328 1.43423580836586 2.192634151734 1.71708453347441
"337" 329 1.43457461343572 2.19382305306741 1.71769335215504
"338" 330 1.43490466221186 2.19499899017176 1.71830045408625
"339" 331 1.43523767459466 2.19622598277627 1.71890584928928
"340" 332 1.43556816957551 2.19746492891683 1.71950954769677
"341" 333 1.43590973657642 2.19872480958431 1.72011155915391
"342" 334 1.43625473210732 2.19996156851323 1.72071189341938
"343" 335 1.43656870037216 2.20113377159623 1.72131056016639
"344" 336 1.43693519490741 2.20235966580801 1.72190756898372
"345" 337 1.43728300305231 2.20354533252609 1.72250292937665
"346" 338 1.43760046056184 2.20469675388381 1.72309665076798
"347" 339 1.4379226923353 2.20588716647065 1.72368874249895
"348" 340 1.43824100577839 2.20714013884556 1.72427921383022
"349" 341 1.43857431119312 2.20836614219802 1.72486807394275
"350" 342 1.4388896367506 2.20959930011453 1.72545533193878
"351" 343 1.43922405540358 2.21075852333817 1.72604099684267
"352" 344 1.43955433006524 2.21197569467508 1.72662507760184
"353" 345 1.43986228792673 2.21313689676574 1.72720758308762
"354" 346 1.44018890088166 2.21425117735106 1.72778852209615
"355" 347 1.44051057902005 2.21537728546688 1.72836790334916
"356" 348 1.44084821273323 2.21651353215715 1.72894573549489
"357" 349 1.44119140728812 2.21768853136862 1.72952202710888
"358" 350 1.44152150645782 2.21889371407047 1.7300967866948
"359" 351 1.44184332576444 2.22020161796821 1.73067002268524
"360" 352 1.44217753128063 2.22140360038909 1.73124174344252
"361" 353 1.44248885781397 2.22256593756907 1.73181195725947
"362" 354 1.44279492221993 2.22378000161255 1.7323806723602
"363" 355 1.44311333012084 2.2248890125053 1.73294789690084
"364" 356 1.44343668708157 2.22602497753041 1.73351363897035
"365" 357 1.44374699396314 2.22715753757106 1.7340779065912
"366" 358 1.44405561185717 2.22823413614529 1.73464070772014
"367" 359 1.44437859748409 2.22935310134536 1.73520205024889
"368" 360 1.44470458465846 2.23047395661159 1.73576194200486
"369" 361 1.44500808892329 2.23167934992109 1.73632039075189
"370" 362 1.4453145024906 2.23290761589957 1.73687740419087
"371" 363 1.44562996639354 2.23403236953259 1.73743298996048
"372" 364 1.44593909687054 2.23517363535275 1.73798715563785
"373" 365 1.44625324434299 2.23635828291528 1.73853990873918
"374" 366 1.44655342128367 2.23750316835297 1.73909125672049
"375" 367 1.4468504917084 2.23860805032365 1.73964120697814
"376" 368 1.44716072372165 2.23974173267006 1.7401897668496
"377" 369 1.44746835047194 2.24079723617079 1.74073694361394
"378" 370 1.44776864695745 2.241942611098 1.74128274449259
"379" 371 1.44807161841527 2.24306143481117 1.74182717664985
"380" 372 1.4483720665293 2.24424056812619 1.74237024719354
"381" 373 1.44869431306977 2.24537309842771 1.74291196317558
"382" 374 1.4489909306459 2.2464691211019 1.74345233159256
"383" 375 1.44929060969793 2.24754637471303 1.7439913593864
"384" 376 1.44959057932402 2.24860639836255 1.74452905344481
"385" 377 1.44990784920044 2.24976479084224 1.74506542060195
"386" 378 1.45019662872816 2.25081517272056 1.74560046763891
"387" 379 1.45050562699769 2.25193350589666 1.74613420128433
"388" 380 1.45080615147796 2.25308193131858 1.74666662821491
"389" 381 1.45109854609854 2.25423016971077 1.74719775505595
"390" 382 1.45138682288968 2.25537482285762 1.74772758838184
"391" 383 1.45167567778466 2.25651770673313 1.74825613471669
"392" 384 1.45195505151559 2.25765823081202 1.74878340053471
"393" 385 1.45225285204352 2.25873987925959 1.74930939226083
"394" 386 1.45253517740889 2.25969661499266 1.74983411627114
"395" 387 1.45282327437226 2.26071940177757 1.75035757889341
"396" 388 1.45310593268857 2.26185167180167 1.75087978640758
"397" 389 1.45339066874783 2.26303211546391 1.75140074504623
"398" 390 1.4536719304625 2.264062745571 1.75192046099507
"399" 391 1.45394992145741 2.26528441479103 1.7524389403934
"400" 392 1.45423087078098 2.26636072768589 1.75295618933461
"401" 393 1.45452053295506 2.26754045519669 1.75347221386659
"402" 394 1.45481425979189 2.26857292899505 1.75398701999222
"403" 395 1.45510903160145 2.26970584287229 1.7545006136698
"404" 396 1.45538787475241 2.27082348605391 1.75501300081349
"405" 397 1.45565975801546 2.2719391706304 1.7555241872938
"406" 398 1.45594332768497 2.27286527788278 1.75603417893792
"407" 399 1.45622834573875 2.27387456300213 1.75654298153024
"408" 400 1.45649944878305 2.27500328704025 1.75705060081273
"409" 401 1.45677944949766 2.27606568305218 1.75755704248538
"410" 402 1.45706867402638 2.2771286615097 1.75806231220655
"411" 403 1.45735435052336 2.27809541370851 1.75856641559345
"412" 404 1.45765297004079 2.27914490848684 1.75906935822252
"413" 405 1.45793534596897 2.2801636332009 1.75957114562978
"414" 406 1.45821620739805 2.28125731003048 1.76007178331132
"415" 407 1.45848361705438 2.2822849137098 1.76057127672355
"416" 408 1.45875131658093 2.28345241910591 1.76106963128372
"417" 409 1.45902383152589 2.28449948704181 1.7615668523702
"418" 410 1.45930800244142 2.28555528723118 1.76206294532288
"419" 411 1.45957485059516 2.28664545971325 1.76255791544356
"420" 412 1.45987390207922 2.28769044158023 1.76305176799633
"421" 413 1.46014188838992 2.28866814445645 1.76354450820783
"422" 414 1.46040702864877 2.28974793873013 1.76403614126773
"423" 415 1.46068767136786 2.29078525451181 1.764526672329
"424" 416 1.46094676648454 2.29175820364358 1.76501610650828
"425" 417 1.46121041523022 2.29273719576135 1.76550444888623
"426" 418 1.46147757432669 2.29382688108367 1.76599170450789
"427" 419 1.46175371663442 2.29495670305336 1.76647787838292
"428" 420 1.46203737389203 2.29603130858377 1.76696297548608
"429" 421 1.46229172773849 2.29705797595617 1.76744700075739
"430" 422 1.46254913143875 2.29804914175945 1.76792995910262
"431" 423 1.46282123512757 2.29902005925423 1.76841185539347
"432" 424 1.46308195919736 2.30004285904258 1.76889269446797
"433" 425 1.46335645079718 2.30104985077299 1.76937248113076
"434" 426 1.46363205470509 2.3019834372294 1.76985122015341
"435" 427 1.46389498330588 2.30290941275348 1.7703289162747
"436" 428 1.46417838008125 2.3038856003689 1.77080557420094
"437" 429 1.46443172816564 2.30493914897278 1.77128119860629
"438" 430 1.46470556322193 2.30592650909348 1.77175579413302
"439" 431 1.46494799069265 2.3069814448264 1.77222936539181
"440" 432 1.46521982608979 2.30799738753196 1.77270191696203
"441" 433 1.46549505340691 2.30897245361704 1.77317345339205
"442" 434 1.46575471237477 2.30991249148256 1.7736439791995
"443" 435 1.46602153253707 2.31088231397735 1.77411349887155
"444" 436 1.46627195387648 2.31188193973811 1.77458201686521
"445" 437 1.46652869746551 2.31288277994408 1.77504953760754
"446" 438 1.46679708953209 2.31390493460813 1.77551606549598
"447" 439 1.46704018248645 2.31486132989852 1.77598160489862
"448" 440 1.46728329657105 2.31588446562575 1.7764461601544
"449" 441 1.46754092644335 2.31688731214291 1.7769097355734
"450" 442 1.46779605522208 2.31786774127526 1.77737233543715
"451" 443 1.46805596074161 2.31883930432827 1.77783396399879
"452" 444 1.46831318467109 2.31980600750709 1.77829462548339
"453" 445 1.46855737652183 2.32068629165885 1.77875432408818
"454" 446 1.46879105082899 2.32159336566521 1.7792130639828
"455" 447 1.46904741612152 2.3225610132337 1.77967084930948
"456" 448 1.46930702570024 2.32349673340571 1.78012768418342
"457" 449 1.46954258121792 2.32446922247522 1.78058357269287
"458" 450 1.46977809994668 2.32536670857176 1.7810385188995
"459" 451 1.47002717658032 2.32632585928682 1.7814925268385
"460" 452 1.47027210850194 2.32735578352967 1.78194560051894
"461" 453 1.47052386607819 2.32840866929634 1.78239774392392
"462" 454 1.47076212674535 2.32939004908852 1.78284896101079
"463" 455 1.47100165080769 2.33036304618976 1.78329925571143
"464" 456 1.47123722681034 2.33127501318857 1.78374863193241
"465" 457 1.47147579090175 2.33227902370797 1.78419709355524
"466" 458 1.4717128486877 2.33324333608853 1.78464464443658
"467" 459 1.47196770978514 2.33416420286273 1.78509128840844
"468" 460 1.47222281716684 2.33509021802464 1.78553702927841
"469" 461 1.47248102326497 2.33602033250541 1.78598187082988
"470" 462 1.47273841715535 2.33692784831655 1.78642581682218
"471" 463 1.47298371746138 2.33788689670912 1.78686887099086
"472" 464 1.47321637458303 2.3388508833463 1.78731103704787
"473" 465 1.47345973596583 2.339783722472 1.78775231868173
"474" 466 1.47368946594511 2.34073786217712 1.78819271955777
"475" 467 1.47393211817408 2.34157899112747 1.78863224331827
"476" 468 1.47417062026446 2.34251527966776 1.78907089358271
"477" 469 1.47441412855802 2.34343103498926 1.78950867394797
"478" 470 1.47466695336641 2.34433174072319 1.78994558798844
"479" 471 1.47490792961153 2.34527108857669 1.79038163925627
"480" 472 1.47514231161247 2.34623013541917 1.79081683128156
"481" 473 1.47538272065339 2.34706782326137 1.79125116757251
"482" 474 1.47562853537149 2.34798132054747 1.79168465161562
"483" 475 1.47585971719246 2.34900510736622 1.79211728687587
"484" 476 1.47608560441077 2.34994111333044 1.79254907679688
"485" 477 1.47631010283115 2.35080790401751 1.79298002480111
"486" 478 1.47654677234734 2.35175566739304 1.79341013429004
"487" 479 1.47678890930121 2.35270449757193 1.79383940864431
"488" 480 1.47701977247144 2.35368095766669 1.79426785122389
"489" 481 1.47724974997699 2.3545034372413 1.79469546536833
"490" 482 1.47747565064097 2.35539047060699 1.79512225439678
"491" 483 1.47770850814681 2.35622966392316 1.79554822160832
"492" 484 1.47793125763937 2.357174558868 1.79597337028196
"493" 485 1.47816168988978 2.35801644754358 1.79639770367697
"494" 486 1.47839983947519 2.35897990172003 1.79682122503289
"495" 487 1.47864073721422 2.35984356492378 1.79724393756979
"496" 488 1.47887124000611 2.36087304527288 1.79766584448837
"497" 489 1.47909109677869 2.36178559763133 1.79808694897016
"498" 490 1.47932014600155 2.36268009144153 1.79850725417763
"499" 491 1.47954810711325 2.36360639779894 1.79892676325439
"500" 492 1.4797762496932 2.36441152256396 1.79934547932527
"501" 493 1.48001645441068 2.36527556245199 1.79976340549657
"502" 494 1.48023950370277 2.36617013697052 1.80018054485612
"503" 495 1.4804596720552 2.36708998656335 1.80059690047344
"504" 496 1.48068191539087 2.36799306979913 1.80101247539996
"505" 497 1.48092052717195 2.36889024005138 1.80142727266904
"506" 498 1.48114406705706 2.36984713985727 1.80184129529625
"507" 499 1.48137198332391 2.37071387321304 1.80225454627938
"508" 500 1.48158704908868 2.37169331298673 1.80266702859867
"509" 501 1.48182161264523 2.37255068273377 1.80307874521691
"510" 502 1.48204038743424 2.37339412195882 1.80348969907961
"511" 503 1.4822633801474 2.37427945739786 1.80389989311505
"512" 504 1.48249632766812 2.37510685951875 1.80430933023454
"513" 505 1.48271861275879 2.37585663913166 1.80471801333245
"514" 506 1.48293971793528 2.3767092806754 1.80512594528638
"515" 507 1.48317695999037 2.37757402686738 1.80553312895729
"516" 508 1.48340490297774 2.37845229791847 1.80593956718964
"517" 509 1.48362432708217 2.37924914740475 1.80634526281148
"518" 510 1.48383687754066 2.3801627705466 1.80675021863462
"519" 511 1.48404929112774 2.3809207346763 1.80715443745473
"520" 512 1.48426420655399 2.38173549862279 1.80755792205149
"521" 513 1.4844801659312 2.38255848621789 1.80796067518864
"522" 514 1.48469132446199 2.38356202949427 1.80836269961423
"523" 515 1.48490301381021 2.38447187736164 1.80876399806059
"524" 516 1.4851249622443 2.38537962272636 1.80916457324455
"525" 517 1.48533488014291 2.38626811710814 1.80956442786756
"526" 518 1.48554562597857 2.38708739018983 1.80996356461575
"527" 519 1.48576380237342 2.38782996439067 1.81036198616009
"528" 520 1.48596634901452 2.38863155365352 1.81075969515647
"529" 521 1.48618940089066 2.38952332844348 1.81115669424584
"530" 522 1.48639971190642 2.39043455625432 1.81155298605434
"531" 523 1.48662244313717 2.3914385292949 1.81194857319335
"532" 524 1.48684210690377 2.39228505634699 1.81234345825967
"533" 525 1.48706320391329 2.39309221918279 1.81273764383558
"534" 526 1.48727031147775 2.3940422010217 1.81313113248897
"535" 527 1.48748276008037 2.39480303929557 1.81352392677343
"536" 528 1.48769723062424 2.39560782009636 1.81391602922841
"537" 529 1.48790584859036 2.39649625946136 1.81430744237923
"538" 530 1.48812750391785 2.39736301228452 1.8146981687373
"539" 531 1.48833904976372 2.39816776355168 1.81508821080008
"540" 532 1.48854372123883 2.39901743196138 1.81547757105137
"541" 533 1.48875216129571 2.39993138518059 1.81586625196123
"542" 534 1.48895860580131 2.40076566521497 1.81625425598618
"543" 535 1.48916557930689 2.40176216051154 1.81664158556929
"544" 536 1.48937128785097 2.40261168492533 1.81702824314024
"545" 537 1.48958147558036 2.40338566627412 1.81741423111546
"546" 538 1.48978327116617 2.40425074737988 1.81779955189824
"547" 539 1.48999910519436 2.40505164351783 1.81818420787873
"548" 540 1.49020759385466 2.40594034789355 1.81856820143416
"549" 541 1.49040967934393 2.40665222728538 1.81895153492884
"550" 542 1.49060563914785 2.40751036242256 1.81933421071435
"551" 543 1.49081558210196 2.40836879830707 1.81971623112948
"552" 544 1.49103889767888 2.40914806186405 1.82009759850049
"553" 545 1.49124660227151 2.41000417214615 1.8204783151411
"554" 546 1.49144359863208 2.41082055341909 1.8208583833526
"555" 547 1.49165541525397 2.41169608494842 1.82123780542396
"556" 548 1.49184799565673 2.41257018221655 1.82161658363189
"557" 549 1.49205007284116 2.41344631093579 1.82199472024094
"558" 550 1.4922526087635 2.41429710135095 1.82237221750361
"559" 551 1.49244956524924 2.41510039179608 1.82274907766038
"560" 552 1.49264648543799 2.4159373296453 1.82312530293988
"561" 553 1.49285154643898 2.41670332342069 1.82350089555888
"562" 554 1.49305520642991 2.41757681981745 1.82387585772241
"563" 555 1.49325003201261 2.41851981873821 1.82425019162389
"564" 556 1.49345403971908 2.41933634967665 1.82462389944517
"565" 557 1.49365327742574 2.42022974344563 1.82499698335659
"566" 558 1.49385148451914 2.42104083858749 1.82536944551711
"567" 559 1.49405132317183 2.42189430245942 1.82574128807436
"568" 560 1.49425906768396 2.42255852841101 1.82611251316469
"569" 561 1.49446206913022 2.4233225267698 1.82648312291335
"570" 562 1.49465915053397 2.42415091569988 1.82685311943447
"571" 563 1.49485285496467 2.42498561846375 1.82722250483116
"572" 564 1.4950534671816 2.4257515615885 1.82759128119562
"573" 565 1.49525418041526 2.42657107886956 1.82795945060917
"574" 566 1.49544788169185 2.42736937136033 1.82832701514238
"575" 567 1.49563490227807 2.42820137088636 1.82869397685509
"576" 568 1.49583673260953 2.42898555372454 1.8290603377965
"577" 569 1.49603052802751 2.42980965780615 1.82942610000528
"578" 570 1.49624509702097 2.43064589341988 1.82979126550959
"579" 571 1.49644989622408 2.43135414310623 1.8301558363272
"580" 572 1.49664850059329 2.43206463717084 1.83051981446551
"581" 573 1.49684587918727 2.43276384277172 1.83088320192166
"582" 574 1.49704275881038 2.43359750340255 1.83124600068262
"583" 575 1.49722875207464 2.43437681855858 1.83160821272515
"584" 576 1.49743730284328 2.43518053726786 1.83196984001606
"585" 577 1.49764041720105 2.43589205271452 1.83233088451206
"586" 578 1.49784523488816 2.43660069908026 1.83269134816001
"587" 579 1.49803068959271 2.43735592125062 1.83305123289688
"588" 580 1.49821602970171 2.43798952632549 1.83341054064982
"589" 581 1.49839633307501 2.43878771284518 1.83376927333633
"590" 582 1.49858460205922 2.43965924209848 1.83412743286421
"591" 583 1.49877800319965 2.44044483759904 1.83448502113162
"592" 584 1.49897024827104 2.44128954723895 1.83484204002729
"593" 585 1.49915610324347 2.44198689513712 1.83519849143039
"594" 586 1.49935777056392 2.44273643667949 1.83555437721077
"595" 587 1.49954565448003 2.44354875474119 1.83590969922888
"596" 588 1.49973445841546 2.44431622233315 1.83626445933591
"597" 589 1.49992937890598 2.44502646467801 1.83661865937384
"598" 590 1.50012983339653 2.44587471055299 1.83697230117552
"599" 591 1.50033197883478 2.44672058597448 1.83732538656467
"600" 592 1.50053317165797 2.44746867827661 1.83767791735598
"601" 593 1.50072826447169 2.4482801322218 1.83802989535523
"602" 594 1.50090596686738 2.44903817149393 1.8383813223592
"603" 595 1.50111084246223 2.44984186762437 1.83873220015588
"604" 596 1.50130298645205 2.45063043473804 1.83908253052443
"605" 597 1.50149070165222 2.45141181075699 1.83943231523529
"606" 598 1.50168009886503 2.45219271502134 1.83978155605022
"607" 599 1.5018690761273 2.45295902367501 1.84013025472237
"608" 600 1.5020576459952 2.45372413668095 1.8404784129963
"609" 601 1.50224566316713 2.45448327701534 1.84082603260804
"610" 602 1.50243711129597 2.45525012099257 1.84117311528524
"611" 603 1.50262209977029 2.45601560748853 1.84151966274707
"612" 604 1.50280946652646 2.45670229896815 1.8418656767044
"613" 605 1.50299202304599 2.45739893826025 1.84221115885983
"614" 606 1.50317683771303 2.45817781092651 1.84255611090766
"615" 607 1.50337430606359 2.45903665580023 1.84290053453405
"616" 608 1.50355678838471 2.45974499693114 1.84324443141701
"617" 609 1.50373706219194 2.46042826905649 1.84358780322651
"618" 610 1.50392034421848 2.46123257203793 1.84393065162446
"619" 611 1.50410099760908 2.46197549909338 1.84427297826478
"620" 612 1.50427832237798 2.46266676128625 1.84461478479354
"621" 613 1.50445612957757 2.46335795301997 1.84495607284883
"622" 614 1.5046307591807 2.46409147003276 1.84529684406101
"623" 615 1.50480621318078 2.46488001996957 1.84563710005266
"624" 616 1.50499176481538 2.46564180821152 1.84597684243856
"625" 617 1.50517106993014 2.46638986925589 1.84631607282592
"626" 618 1.50534825826394 2.46714695468565 1.84665479281424
"627" 619 1.50552713540346 2.46784827367727 1.84699300399551
"628" 620 1.50569624630177 2.46856668096915 1.84733070795416
"629" 621 1.50586531075436 2.46938620693969 1.84766790626714
"630" 622 1.50604443327828 2.47016430363587 1.84800460050399
"631" 623 1.50623185420972 2.47092622133519 1.84834079222682
"632" 624 1.5064069361302 2.47165547260259 1.84867648299044
"633" 625 1.50658636218498 2.47240492849015 1.84901167434237
"634" 626 1.50677238395728 2.47323562308992 1.84934636782287
"635" 627 1.50694694929657 2.47394927957922 1.84968056496497
"636" 628 1.5071150516203 2.47468837375158 1.85001426729461
"637" 629 1.50730523041258 2.47549401363951 1.85034747633055
"638" 630 1.50747571779993 2.47627191899482 1.85068019358454
"639" 631 1.50764685409036 2.47699110746974 1.85101242056123
"640" 632 1.50781811413925 2.47779107041966 1.85134415875841
"641" 633 1.50798347233171 2.47855328274208 1.85167540966681
"642" 634 1.50815147185666 2.47945481456434 1.85200617477034
"643" 635 1.50831969983391 2.48021239164594 1.85233645554604
"644" 636 1.50850210759735 2.48092463991095 1.85266625346415
"645" 637 1.50867625384909 2.48165423556792 1.8529955699881
"646" 638 1.50884754393733 2.48244532209777 1.85332440657469
"647" 639 1.50903294457698 2.48304825819449 1.85365276467395
"648" 640 1.50920885678793 2.48371929633269 1.85398064572929
"649" 641 1.50939794322946 2.48438536690817 1.85430805117753
"650" 642 1.50956685924809 2.48511211939875 1.85463498244893
"651" 643 1.509733418821 2.4858378836711 1.85496144096722
"652" 644 1.50991488191015 2.48652732845108 1.85528742814965
"653" 645 1.51009685536866 2.48725126738959 1.85561294540705
"654" 646 1.51026816282365 2.48797852897937 1.85593799414382
"655" 647 1.51043183096882 2.4886412386592 1.85626257575802
"656" 648 1.51059575653641 2.48944988967356 1.85658669164134
"657" 649 1.51076434841332 2.4901782688407 1.85691034317926
"658" 650 1.51093328376195 2.49090114886851 1.85723353175092
"659" 651 1.51109956656567 2.49158800177171 1.85755625872935
"660" 652 1.51126590350447 2.49223993265962 1.8578785254813
"661" 653 1.51143268452381 2.49293834187882 1.85820033336748
"662" 654 1.51159743251902 2.49370911975552 1.85852168374246
"663" 655 1.51176367595608 2.49438189228918 1.85884257795473
"664" 656 1.5119360666516 2.49501017098779 1.85916301734678
"665" 657 1.51211412985535 2.4957583443063 1.85948300325509
"666" 658 1.51228831472239 2.49651267446224 1.85980253701022
"667" 659 1.51244710544384 2.49717629717559 1.86012161993678
"668" 660 1.51261849631557 2.49792652874495 1.86044025335348
"669" 661 1.51279027913752 2.49866714856854 1.86075843857326
"670" 662 1.51296580460779 2.49932854829102 1.86107617690314
"671" 663 1.51313227230904 2.50003245271239 1.86139346964446
"672" 664 1.51329746104013 2.50080935574782 1.86171031809275
"673" 665 1.51345027922651 2.50146274925465 1.86202672353785
"674" 666 1.51362384775112 2.50213450936412 1.86234268726391
"675" 667 1.51378487779377 2.50289092482194 1.86265821054948
"676" 668 1.51394459691744 2.50367233333831 1.86297329466742
"677" 669 1.51410376056636 2.50439766090386 1.8632879408851
"678" 670 1.51425997856335 2.50514980863083 1.8636021504643
"679" 671 1.51443102356516 2.50587127564612 1.86391592466129
"680" 672 1.51459328079493 2.50661484270111 1.86422926472685
"681" 673 1.51475259786042 2.50740358885065 1.86454217190636
"682" 674 1.51491061589163 2.50805822801057 1.8648546474397
"683" 675 1.51507318316331 2.5087796812338 1.86516669256144
"684" 676 1.51523844258453 2.50936099496764 1.86547830850077
"685" 677 1.51541762212255 2.51009232493502 1.86578949648156
"686" 678 1.51558433024023 2.51078462178635 1.86610025772238
"687" 679 1.51575243460427 2.51153292667291 1.86641059343655
"688" 680 1.51590554486831 2.51214529787516 1.86672050483216
"689" 681 1.51608083561329 2.51275009527192 1.8670299931121
"690" 682 1.51624301536244 2.51333146989324 1.86733905947407
"691" 683 1.51640783457046 2.51406339915818 1.86764770511066
"692" 684 1.51657841970149 2.51481561321811 1.86795593120933
"693" 685 1.51675234822127 2.51552001305676 1.86826373895244
"694" 686 1.51691210024503 2.51616193588949 1.86857112951736
"695" 687 1.51707061292857 2.51683720162552 1.86887810407638
"696" 688 1.51722727019968 2.51754158751718 1.86918466379679
"697" 689 1.51738413735038 2.51827265740123 1.86949080984099
"698" 690 1.51755702784789 2.51898006363586 1.86979654336633
"699" 691 1.51771732068301 2.51968701707859 1.87010186552535
"700" 692 1.51788065169626 2.52039096671633 1.87040677746562
"701" 693 1.51803933071434 2.52108134713368 1.87071128032996
"702" 694 1.51819641647075 2.52177952722635 1.87101537525627
"703" 695 1.51835546431692 2.52245738794281 1.87131906337768
"704" 696 1.51851430702203 2.52310652518197 1.87162234582258
"705" 697 1.51867507744543 2.52372793511356 1.87192522371456
"706" 698 1.51883457845276 2.52434981129912 1.87222769817255
"707" 699 1.51898720140743 2.52497131469272 1.87252977031073
"708" 700 1.51914812258624 2.525753484707 1.87283144123866
"709" 701 1.51931624455355 2.5264500019372 1.87313271206122
"710" 702 1.51947262503152 2.52716823642911 1.87343358387873
"711" 703 1.51963234137341 2.52784556244968 1.87373405778686
"712" 704 1.51978116839076 2.52844046529013 1.87403413487679
"713" 705 1.51994629579547 2.52903060936293 1.87433381623507
"714" 706 1.52011135102704 2.52971756977921 1.87463310294381
"715" 707 1.52026455888499 2.53041517342429 1.87493199608061
"716" 708 1.52042000061411 2.53106468176078 1.87523049671863
"717" 709 1.52057990309593 2.53178623551155 1.87552860592656
"718" 710 1.52074109130032 2.5323670435383 1.87582632476871
"719" 711 1.52089293494397 2.53298398878386 1.87612365430497
"720" 712 1.52104805048706 2.53369667358211 1.87642059559087
"721" 713 1.52120955229806 2.53439220446448 1.87671714967764
"722" 714 1.52138012396849 2.53508052264963 1.87701331761217
"723" 715 1.52154126653605 2.53579020225972 1.87730910043703
"724" 716 1.52169603743426 2.53644585703549 1.87760449919055
"725" 717 1.52185233535467 2.53713361958515 1.87789951490683
"726" 718 1.52201178744553 2.5377860902386 1.8781941486157
"727" 719 1.52216610660861 2.53848304725873 1.87848840134287
"728" 720 1.52231550708902 2.53918898182583 1.87878227410978
"729" 721 1.52246890365483 2.53987117186252 1.87907576793378
"730" 722 1.52261735527265 2.5405495633513 1.87936888382809
"731" 723 1.52277192500391 2.54119195942331 1.8796616228018
"732" 724 1.52292513115958 2.54183670345267 1.87995398585988
"733" 725 1.52307492575317 2.54247971395233 1.88024597400334
"734" 726 1.52321963453224 2.54312716019821 1.88053758822904
"735" 727 1.52336624052774 2.54375828440315 1.88082882952988
"736" 728 1.52351765137455 2.54443271013553 1.88111969889475
"737" 729 1.52366964852072 2.54504387751365 1.88141019730857
"738" 730 1.52381682017212 2.54568452314509 1.88170032575228
"739" 731 1.523966831333 2.5463244544704 1.88199008520292
"740" 732 1.52410958877435 2.54701617560509 1.88227947663359
"741" 733 1.52425227859457 2.54774958615454 1.88256850101352
"742" 734 1.52439857269131 2.54834602781522 1.88285715930804
"743" 735 1.52454519551099 2.54904350963103 1.88314545247868
"744" 736 1.52469257270691 2.54969815978097 1.8834333814831
"745" 737 1.52486101106613 2.5504189423231 1.88372094727516
"746" 738 1.52500480818031 2.55105636325248 1.88400815080494
"747" 739 1.52515374669203 2.55166657488704 1.88429499301871
"748" 740 1.5252991322076 2.55227783266375 1.88458147485908
"749" 741 1.52544896222295 2.55288882611693 1.88486759726484
"750" 742 1.52560936518692 2.55349656636594 1.88515336117114
"751" 743 1.52575556460266 2.55414767062001 1.8854387675094
"752" 744 1.52591356481346 2.55478103568058 1.88572381720736
"753" 745 1.52607513901123 2.55545325393279 1.88600851118915
"754" 746 1.52623173408568 2.55608183400025 1.88629285037525
"755" 747 1.52637846728387 2.55675533736878 1.88657683568251
"756" 748 1.52652451983777 2.55745138552226 1.88686046802425
"757" 749 1.52666928093873 2.55810562007564 1.88714374831013
"758" 750 1.52681521105645 2.55878243210985 1.8874266774463
"759" 751 1.52697050661783 2.55935880401472 1.88770925633541
"760" 752 1.52711713626466 2.56000142997889 1.8879914858765
"761" 753 1.52726279123714 2.56063463725161 1.88827336696518
"762" 754 1.52741073210662 2.56122427290339 1.88855490049357
"763" 755 1.52756291009219 2.5617773393367 1.8888360873503
"764" 756 1.5277072636189 2.56233397407686 1.88911692842057
"765" 757 1.52785249252306 2.56289701752008 1.88939742458619
"766" 758 1.52800514535132 2.56346186600915 1.88967757672549
"767" 759 1.5281413810467 2.56402600845784 1.88995738571345
"768" 760 1.5282826378783 2.56466575620909 1.89023685242167
"769" 761 1.52842172494454 2.56530556511313 1.89051597771839
"770" 762 1.52856944069798 2.56594056253387 1.89079476246849
"771" 763 1.52871847536541 2.56657357366195 1.89107320753358
"772" 764 1.52886344913699 2.56720591687559 1.89135131377194
"773" 765 1.52900781004734 2.56782688170612 1.89162908203852
"774" 766 1.5291541008923 2.56841703147316 1.89190651318505
"775" 767 1.5293010274735 2.56900803681003 1.89218360805997
"776" 768 1.52944266183546 2.56958068087514 1.89246036750854
"777" 769 1.52958943658114 2.57017247095027 1.89273679237272
"778" 770 1.52974340966046 2.57079132704222 1.89301288349131
"779" 771 1.52989685226739 2.57141141809824 1.89328864169992
"780" 772 1.53004099792864 2.57211587822045 1.89356406783099
"781" 773 1.53018376136773 2.57269514473001 1.8938391627138
"782" 774 1.53033228722092 2.57325565804084 1.89411392717446
"783" 775 1.53047318933683 2.57387000876837 1.89438836203599
"784" 776 1.53061621148168 2.57449736444373 1.89466246811832
"785" 777 1.53076039679544 2.57506657337731 1.89493624623822
"786" 778 1.53090011504741 2.57566940559686 1.89520969720943
"787" 779 1.5310459619595 2.57629844785192 1.89548282184263
"788" 780 1.53118566711961 2.57691948329757 1.89575562094545
"789" 781 1.53132043100541 2.57754345215563 1.89602809532247
"790" 782 1.53145659496198 2.57815603506964 1.89630024577527
"791" 783 1.53159749672169 2.57874888748802 1.89657207310242
"792" 784 1.53173411724902 2.57928243983455 1.89684357809953
"793" 785 1.53187966289712 2.57984325351695 1.89711476155919
"794" 786 1.53201325180423 2.58043355786307 1.89738562427109
"795" 787 1.53214666631002 2.58111746632319 1.89765616702197
"796" 788 1.53228013064397 2.58180070910006 1.89792639059558
"797" 789 1.53241814814351 2.58244364131359 1.89819629577284
"798" 790 1.53256622273513 2.58308454530108 1.89846588333174
"799" 791 1.53270921391459 2.58371892129128 1.89873515404735
"800" 792 1.53286086261096 2.58435315993086 1.89900410869196
"801" 793 1.53300677809175 2.58500100713772 1.89927274803492
"802" 794 1.53313779440519 2.58560241485211 1.89954107284277
"803" 795 1.53327378002251 2.58616638539088 1.89980908387924
"804" 796 1.53341637777818 2.58672727856483 1.90007678190522
"805" 797 1.53356810524184 2.58729519874327 1.90034416767885
"806" 798 1.53371762727843 2.58791229714454 1.9006112419554
"807" 799 1.53386947110647 2.58856284822838 1.90087800548748
"808" 800 1.53400452656992 2.58917884007068 1.90114445902484
"809" 801 1.5341465617112 2.58978303634216 1.90141060331453
"810" 802 1.53427780156847 2.59034684215175 1.90167643910091
"811" 803 1.53442190220373 2.59096038802948 1.90194196712555
"812" 804 1.53456012115875 2.59153202854184 1.90220718812736
"813" 805 1.5347018798119 2.59215679192626 1.90247210284255
"814" 806 1.53483902383818 2.59278347033896 1.90273671200465
"815" 807 1.53497793177315 2.59340459639227 1.90300101634453
"816" 808 1.53511806059197 2.59401150264033 1.9032650165904
"817" 809 1.53526341579379 2.59453403458566 1.90352871346787
"818" 810 1.53539531810921 2.59516554367963 1.90379210769986
"819" 811 1.53552779324641 2.59579542225041 1.9040552000067
"820" 812 1.53566453894003 2.59632207993719 1.90431799110617
"821" 813 1.53579817568521 2.59697539100568 1.9045804817134
"822" 814 1.53593066615158 2.5976213543819 1.90484267254096
"823" 815 1.53606166710729 2.59822877717837 1.9051045642989
"824" 816 1.53619387116365 2.59886655252685 1.90536615769466
"825" 817 1.5363219933595 2.59949841903164 1.90562745343315
"826" 818 1.53644836044952 2.60009884299787 1.9058884522168
"827" 819 1.53659148387526 2.60067355766284 1.90614915474548
"828" 820 1.53673290547183 2.60124949681093 1.90640956171661
"829" 821 1.53686783679445 2.60186870805865 1.90666967382504
"830" 822 1.53700185712429 2.60249742526458 1.90692949176323
"831" 823 1.53714050720809 2.60313057940582 1.9071890162211
"832" 824 1.5372699789583 2.60372839760298 1.90744824788615
"833" 825 1.53740376471983 2.60439538561134 1.90770718744347
"834" 826 1.53753527404415 2.60502062613734 1.90796583557564
"835" 827 1.53766121642199 2.6056083594578 1.9082241929629
"836" 828 1.5377972111099 2.6061644795815 1.90848226028303
"837" 829 1.53792941631487 2.60675257338818 1.90874003821146
"838" 830 1.53806323454776 2.60729742487681 1.90899752742118
"839" 831 1.53818527504683 2.60782886606664 1.90925472858282
"840" 832 1.53832126885451 2.6083618418088 1.9095116423647
"841" 833 1.53846003915837 2.60893483478442 1.90976826943273
"842" 834 1.53859216632073 2.60948903015806 1.91002461045051
"843" 835 1.5387184058488 2.61004153538686 1.91028066607927
"844" 836 1.53884930654497 2.61059414926168 1.91053643697797
"845" 837 1.53898333842544 2.61123932015421 1.91079192380327
"846" 838 1.53911693897406 2.61185706256133 1.91104712720945
"847" 839 1.53924381555015 2.61237684973937 1.91130204784861
"848" 840 1.53937103060937 2.61288622069337 1.91155668637051
"849" 841 1.53950126907744 2.61356026165154 1.91181104342268
"850" 842 1.539625331461 2.61413584391084 1.91206511965034
"851" 843 1.53977034210048 2.61477971846018 1.91231891569654
"852" 844 1.53990562717703 2.61533900850261 1.91257243220204
"853" 845 1.54003294164515 2.61589924063843 1.91282566980542
"854" 846 1.54016039672678 2.61659732294697 1.91307862914302
"855" 847 1.54028881695611 2.61726038035528 1.91333131084897
"856" 848 1.54042228191277 2.61790923214931 1.91358371555526
"857" 849 1.540548521851 2.61846896986965 1.9138358438916
"858" 850 1.5406731445224 2.61902615392219 1.91408769648566
"859" 851 1.54079761716559 2.61953837754883 1.91433927396283
"860" 852 1.54093124347438 2.62005008997371 1.91459057694642
"861" 853 1.54107649592612 2.62056845745932 1.91484160605757
"862" 854 1.54121278628081 2.62109043356117 1.91509236191531
"863" 855 1.54133578220641 2.62168467528537 1.91534284513649
"864" 856 1.54145538795632 2.62221066169789 1.91559305633595
"865" 857 1.54157545163761 2.62287668163616 1.91584299612631
"866" 858 1.54169894759476 2.62347102660475 1.91609266511818
"867" 859 1.54181639626 2.62406151163255 1.91634206392007
"868" 860 1.54195223556232 2.62465431404194 1.9165911931384
"869" 861 1.54207380440615 2.62524659589646 1.91684005337752
"870" 862 1.5422039698559 2.62583833178616 1.91708864523976
"871" 863 1.54233139816312 2.62635706779484 1.9173369693254
"872" 864 1.54245334764618 2.62689826814031 1.91758502623259
"873" 865 1.54258217775968 2.62752010144532 1.91783281655761
"874" 866 1.54271846656574 2.62810542499595 1.91808034089461
"875" 867 1.54285470604127 2.62871732520538 1.91832759983578
"876" 868 1.54298909391256 2.6293286754139 1.91857459397128
"877" 869 1.54311508362557 2.62993947674862 1.91882132388927
"878" 870 1.54323373650223 2.63051640579577 1.91906779017601
"879" 871 1.54334859455585 2.63111918469021 1.91931399341567
"880" 872 1.54347008228809 2.6316655768071 1.91955993419054
"881" 873 1.54359689231552 2.63216106851469 1.91980561308096
"882" 874 1.54372595137533 2.63264452882305 1.92005103066525
"883" 875 1.54385621774055 2.63317232102663 1.92029618751987
"884" 876 1.54398495302793 2.63372855780151 1.92054108421929
"885" 877 1.54411022177324 2.63424547601488 1.9207857213361
"886" 878 1.5442265173372 2.63486686842235 1.921030099441
"887" 879 1.54435904336184 2.63543618920119 1.92127421910272
"888" 880 1.54448993283246 2.63593369608567 1.92151808088814
"889" 881 1.5446130516838 2.63644263984769 1.92176168536226
"890" 882 1.54473123635825 2.63701223688334 1.92200503308817
"891" 883 1.54485803086852 2.63762667308438 1.92224812462712
"892" 884 1.54498145293514 2.63824057200225 1.92249096053846
"893" 885 1.54510236084822 2.63885393471393 1.92273354137976
"894" 886 1.54522578090625 2.63946676229279 1.92297586770668
"895" 887 1.54534683958044 2.64000742859935 1.92321794007306
"896" 888 1.54546840745486 2.64045959950723 1.92345975903093
"897" 889 1.5455961232063 2.64098671369996 1.92370132513046
"898" 890 1.54571854274292 2.6414756896348 1.92394263892008
"899" 891 1.54584039595234 2.64215595444493 1.92418370094634
"900" 892 1.54596436624471 2.64277647766326 1.92442451175405
"901" 893 1.5460865029855 2.64333941164862 1.92466507188618
"902" 894 1.54620606132051 2.64386889795806 1.92490538188397
"903" 895 1.54632496163896 2.64433133844722 1.92514544228687
"904" 896 1.54644374169438 2.64483354546542 1.92538525363253
"905" 897 1.54656474904028 2.64540221527462 1.92562481645689
"906" 898 1.54669138438847 2.64596503675683 1.92586413129416
"907" 899 1.54681742601434 2.64652735713091 1.92610319867673
"908" 900 1.54694757969171 2.64711231796376 1.9263420191353
"909" 901 1.54708100501852 2.64773978131406 1.92658059319888
"910" 902 1.54719610557699 2.6482826190334 1.92681892139472
"911" 903 1.54731893442099 2.64891241112979 1.92705700424832
"912" 904 1.54743728959559 2.64961900898033 1.92729484228356
"913" 905 1.54756216388695 2.65008563044398 1.92753243602255
"914" 906 1.5476848802213 2.65051193126014 1.92776978598581
"915" 907 1.54780509798835 2.65109532586209 1.92800689269205
"916" 908 1.54792628816291 2.6516727392424 1.9282437566584
"917" 909 1.54804026798153 2.6522496524861 1.92848037840027
"918" 910 1.54817304526896 2.65274215081797 1.92871675843145
"919" 911 1.54829797919553 2.6532994537857 1.92895289726405
"920" 912 1.54842127118972 2.65378576221182 1.92918879540852
"921" 913 1.54854461265608 2.65434620136702 1.92942445337375
"922" 914 1.54866606172187 2.65491181691626 1.92965987166689
"923" 915 1.54877888367679 2.65552492299 1.92989505079357
"924" 916 1.54889157862552 2.65610074423691 1.9301299912577
"925" 917 1.54901322547723 2.65665958953154 1.93036469356166
"926" 918 1.54914002575369 2.65722212880623 1.93059915820616
"927" 919 1.54927251165031 2.65781843683288 1.93083338569041
"928" 920 1.54939756115656 2.65833788985547 1.93106737651191
"929" 921 1.54952112278303 2.65889012614018 1.93130113116669
"930" 922 1.54964467957823 2.65944655387671 1.93153465014909
"931" 923 1.5497647492365 2.65997238553963 1.93176793395199
"932" 924 1.5498837267321 2.66053073784182 1.93200098306663
"933" 925 1.5499989095577 2.66109007585894 1.93223379798272
"934" 926 1.55012964558642 2.66164898341744 1.93246637918843
"935" 927 1.55024439238722 2.66213921859994 1.93269872717035
"936" 928 1.55035824488584 2.66266150725781 1.93293084241361
"937" 929 1.55047211423504 2.66319839636842 1.93316272540172
"938" 930 1.55060553210107 2.66367524275039 1.93339437661673
"939" 931 1.55072571699142 2.66416551503303 1.93362579653914
"940" 932 1.55084088119323 2.66466915479802 1.93385698564793
"941" 933 1.55096161530844 2.66520792109782 1.9340879444206
"942" 934 1.55109377736004 2.66573459092738 1.93431867333315
"943" 935 1.55120886399308 2.66622024329515 1.93454917286011
"944" 936 1.55132679830538 2.6667017833527 1.93477944347446
"945" 937 1.55145347169719 2.66717263398474 1.93500948564772
"946" 938 1.55157066972094 2.66769350755176 1.93523929985
"947" 939 1.55169168364968 2.66819674767849 1.93546888654989
"948" 940 1.55180159124899 2.66866924055248 1.93569824621451
"949" 941 1.55191062784157 2.66920044456674 1.93592737930954
"950" 942 1.55202134183541 2.66979693813485 1.93615628629922
"951" 943 1.55214362575146 2.67036538226834 1.93638496764634
"952" 944 1.55226814907768 2.67093130425536 1.93661342381225
"953" 945 1.55238182969531 2.6714639765135 1.93684165525687
"954" 946 1.55249542146141 2.67188862123047 1.9370696624387
"955" 947 1.55260126606886 2.67233288393306 1.93729744581482
"956" 948 1.552715475479 2.67285438862614 1.9375250058409
"957" 949 1.55283158434022 2.67342754054275 1.93775234297119
"958" 950 1.55295632990272 2.6740535943422 1.93797945765852
"959" 951 1.55307818936358 2.67467674543977 1.93820635035443
"960" 952 1.55319423684821 2.67516461662981 1.9384330215089
"961" 953 1.55330337634622 2.67563992283908 1.93865947157069
"962" 954 1.55342372601448 2.67613035361244 1.93888570098703
"963" 955 1.55353490482635 2.6766125830883 1.93911171020395
"964" 956 1.55364346258381 2.67709699730281 1.93933749966594
"965" 957 1.55375554237452 2.67757708788624 1.93956306981627
"966" 958 1.55387014918595 2.67811088909335 1.93978842109674
"967" 959 1.55398494759124 2.67866156770427 1.9400135539479
"968" 960 1.55409988562006 2.67913462575287 1.94023846880887
"969" 961 1.55421028737813 2.67968719355705 1.94046316611748
"970" 962 1.55432590397576 2.680267520704 1.9406876463102
"971" 963 1.55444364432228 2.68084738465556 1.9409119098222
"972" 964 1.55455846001738 2.68142460443958 1.94113595708733
"973" 965 1.55467180125007 2.68200011613964 1.94135978853805
"974" 966 1.5547856452335 2.68257727381049 1.94158340460565
"975" 967 1.55489936991229 2.68315550010837 1.94180680571995
"976" 968 1.55501338118008 2.68364328870041 1.94202999230955
"977" 969 1.55513148840943 2.68409776798865 1.9422529648018
"978" 970 1.55524784138478 2.68455501839692 1.94247572362265
"979" 971 1.55535802588104 2.68505921169201 1.94269826919688
"980" 972 1.55546768263125 2.6855413944516 1.94292060194788
"981" 973 1.55557887786995 2.68601636201331 1.94314272229785
"982" 974 1.55569073677366 2.68648553718389 1.94336463066765
"983" 975 1.55580013994192 2.68689104213432 1.94358632747695
"984" 976 1.55591081776941 2.68731435512272 1.94380781314408
"985" 977 1.55602145035051 2.68784495241962 1.94402908808619
"986" 978 1.55612692522028 2.68837276956925 1.94425015271913
"987" 979 1.55623590205366 2.6889142705095 1.9444710074575
"988" 980 1.55634548710531 2.68944833246164 1.94469165271473
"989" 981 1.55645475917315 2.68991405189223 1.94491208890293
"990" 982 1.55657044926074 2.69045851577457 1.94513231643302
"991" 983 1.55667381830325 2.69100582571753 1.94535233571473
"992" 984 1.55678432886916 2.69155157577924 1.94557214715646
"993" 985 1.55690292011721 2.69204972629687 1.94579175116551
"994" 986 1.55701831331416 2.69251592957756 1.94601114814791
"995" 987 1.55712453147065 2.69295572591651 1.94623033850851
"996" 988 1.55723283478857 2.69339513917966 1.94644932265095
"997" 989 1.55733835509239 2.69383417008786 1.94666810097765
"998" 990 1.55745007096281 2.69427281935995 1.94688667388988
"999" 991 1.55755869667007 2.69471387627318 1.94710504178772
"1000" 992 1.55766681732742 2.69515283340109 1.94732320507
"1001" 993 1.55777193514099 2.69562479900248 1.94754116413449
"1002" 994 1.5578783303135 2.69611802259183 1.94775891937767
"1003" 995 1.55799101674802 2.69662789913591 1.94797647119493
"1004" 996 1.55809870521071 2.69719450262142 1.94819381998049
"1005" 997 1.5582063361952 2.69773657956948 1.94841096612734
"1006" 998 1.55831634269942 2.69829531448573 1.94862791002742
"1007" 999 1.5584295812151 2.69885488516707 1.94884465207143
"1008" 1000 1.55854389715634 2.69932651659229 1.94906119264899
