"T" "IC_low" "IC_up" "x_ML"
"1" 1.1 0.630830913723767 0.643442236581716 0.635386033925877
"2" 1.2 0.63656518715231 0.655424254515114 0.643404325646908
"3" 1.3 0.64199399855805 0.666544299569233 0.650930920984962
"4" 1.4 0.647155523366901 0.676911931588774 0.658030545820692
"5" 1.5 0.652075413445408 0.686645359148548 0.664755484344983
"6" 1.6 0.656775998104206 0.695844826781851 0.671148626724601
"7" 1.7 0.661294518198869 0.704544025773576 0.677245629074322
"8" 1.8 0.66562748343973 0.712807410590152 0.683076480685391
"9" 1.9 0.669812756499729 0.720706562712655 0.688666664680872
"10" 2 0.673837911390624 0.72824691732954 0.694038033172585
"11" 3 0.707777317991581 0.790053576821559 0.738926416287094
"12" 4 0.734071863242391 0.836940962017845 0.773552622139683
"13" 5 0.755723152315315 0.875489752942324 0.80211968884257
"14" 6 0.774125237347591 0.909109619966491 0.826632509524615
"15" 7 0.790162730833478 0.938984432766612 0.848217867477984
"16" 8 0.804301194032482 0.966179994997384 0.867577515330111
"17" 9 0.81699789231046 0.991221365310703 0.885180627706378
"18" 10 0.828572928355229 1.01475909969434 0.901357673542514
"19" 11 0.839111182273811 1.03666442679133 0.916350929305224
"20" 12 0.848837849013523 1.05773682126833 0.930343742342782
"21" 13 0.857912585429765 1.07762371421959 0.943478490371283
"22" 14 0.866391923246413 1.09663814354154 0.955868127268954
"23" 15 0.874269336748823 1.11515923300901 0.96760389477822
"24" 16 0.881708050597279 1.13303381112554 0.978760641022043
"25" 17 0.888716424932612 1.15024757253059 0.98940058989612
"26" 18 0.895420403224285 1.16680675534331 0.999576076057273
"27" 19 0.901901735790552 1.18247247109995 1.00933157039644
"28" 20 0.907966264884797 1.19791835668541 1.01870520728511
"29" 21 0.913789143543446 1.212989899047 1.02772995465044
"30" 22 0.919324732880707 1.22762310829892 1.03643452325062
"31" 23 0.924559882081238 1.24223387838517 1.04484408236341
"32" 24 0.929590965180909 1.25642685460225 1.05298082963768
"33" 25 0.934501302449109 1.27032587014579 1.06086444960014
"34" 26 0.939206210191544 1.28385738215445 1.06851248611111
"35" 27 0.943813665147391 1.29704370710849 1.07594064757417
"36" 28 0.948242823611502 1.30981207189113 1.08316305905759
"37" 29 0.952487519851792 1.3224187295142 1.09019247210942
"38" 30 0.956607410012961 1.33478981423692 1.09704044056581
"39" 31 0.96067028433479 1.34695951292155 1.10371746880362
"40" 32 0.964550602143398 1.35873233671637 1.11023313749797
"41" 33 0.968345979342444 1.37047838339291 1.11659621088806
"42" 34 0.972005718655073 1.38229757876904 1.12281472874346
"43" 35 0.97559541571299 1.393995225073 1.12889608559502
"44" 36 0.979082432644132 1.40521837959857 1.13484709930452
"45" 37 0.982508090017519 1.4163736370653 1.14067407066145
"46" 38 0.985757710060803 1.42720036826124 1.14638283538988
"47" 39 0.988932527839651 1.43811114143163 1.15197880970493
"48" 40 0.992149506990908 1.44877111753427 1.1574670303623
"49" 41 0.995220243692442 1.45941890082598 1.16285218998666
"50" 42 0.998267698654575 1.47001419102224 1.16813866833614
"51" 43 1.00118477683906 1.48004972531101 1.17333056005528
"52" 44 1.00409693645748 1.49038109485619 1.1784316993828
"53" 45 1.00690586319363 1.50078408182859 1.18344568220949
"54" 46 1.00962284646582 1.51070801906064 1.18837588582242
"55" 47 1.01224983454216 1.52060014557054 1.19322548662305
"56" 48 1.01491365040526 1.53049233096346 1.1979974760654
"57" 49 1.01753109501063 1.54010396301463 1.20269467502624
"58" 50 1.02007574446444 1.54962918244028 1.20731974679023
"59" 51 1.02253876027177 1.5590257774207 1.21187520880837
"60" 52 1.02502253197016 1.56857052020894 1.21636344336719
"61" 53 1.02742523542601 1.57798463988717 1.22078670728853
"62" 54 1.02972158562811 1.58693079799036 1.22514714076458
"63" 55 1.03202631148367 1.5958301581577 1.22944677541958
"64" 56 1.03426843190222 1.60498462744455 1.23368754167877
"65" 57 1.03651949310628 1.61409188942829 1.23787127551531
"66" 58 1.03871648919225 1.62287350931766 1.24199972463759
"67" 59 1.04086101809607 1.63185782774504 1.24607455417218
"68" 60 1.0429841705524 1.64059528135076 1.25009735189126
"69" 61 1.04507781261221 1.64931420947853 1.25406963302806
"70" 62 1.04707031340416 1.65789039440451 1.25799284471898
"71" 63 1.04912392956333 1.66606343703114 1.26186837010677
"72" 64 1.05109323450582 1.67453806762603 1.26569753213558
"73" 65 1.05304239068384 1.68299153502173 1.26948159706559
"74" 66 1.05497172055471 1.69124885027983 1.27322177773174
"75" 67 1.05683996926311 1.69929096812972 1.2769192365688
"76" 68 1.0587039708045 1.70731842295919 1.28057508842291
"77" 69 1.06055370951347 1.71541796151619 1.28419040316732
"78" 70 1.06233988869886 1.72359418434027 1.28776620813879
"79" 71 1.06416194409982 1.73168892330503 1.29130349040922
"80" 72 1.06592505292416 1.73951061318533 1.29480319890589
"81" 73 1.0676904916563 1.7474608405638 1.29826624639217
"82" 74 1.06947589996415 1.75491330530925 1.30169351131994
"83" 75 1.07116979478542 1.7628148508212 1.30508583956339
"84" 76 1.07282231929253 1.77027973187054 1.30844404604335
"85" 77 1.07451855764951 1.77799924298071 1.31176891625054
"86" 78 1.07618098414643 1.78564745702507 1.315061207675
"87" 79 1.07788338070801 1.7930383319804 1.31832165114879
"88" 80 1.07948647546296 1.80048032696749 1.32155095210829
"89" 81 1.08105163104666 1.80765002202313 1.32474979178156
"90" 82 1.0826452026085 1.81519291576098 1.3279188283065
"91" 83 1.08417915451599 1.82247613279033 1.33105869778425
"92" 84 1.08571276725187 1.8296003901512 1.33417001527256
"93" 85 1.08718748807499 1.83665928272734 1.33725337572311
"94" 86 1.08867207558825 1.8439531983646 1.34030935486658
"95" 87 1.09013916063834 1.8510472963751 1.34333851004898
"96" 88 1.09160677237596 1.85836043670427 1.34634138102242
"97" 89 1.09301862064089 1.86537303425586 1.34931849069333
"98" 90 1.09444133110961 1.87226367916174 1.35227034583079
"99" 91 1.09584463714502 1.87915756092016 1.35519743773765
"100" 92 1.09723255520481 1.88613261768842 1.35810024288659
"101" 93 1.09863510134149 1.89315665255103 1.36097922352356
"102" 94 1.10002022110403 1.89997930184206 1.36383482824029
"103" 95 1.10131386701371 1.90685697588558 1.36666749251811
"104" 96 1.10265580545252 1.91372698831231 1.36947763924454
"105" 97 1.10390548938672 1.9204081685935 1.37226567920438
"106" 98 1.10516893149734 1.92706149827643 1.37503201154683
"107" 99 1.10646039650592 1.93388272053855 1.37777702423001
"108" 100 1.10775401004135 1.94036279796307 1.38050109444416
"109" 101 1.10904278450063 1.94679606458186 1.38320458901486
"110" 102 1.1102985503677 1.95364168142795 1.38588786478722
"111" 103 1.11162269018549 1.96022781469992 1.38855126899231
"112" 104 1.11283756383641 1.96669393973062 1.39119513959663
"113" 105 1.11408900865667 1.97285151935602 1.39381980563576
"114" 106 1.11526183895317 1.97928721626373 1.3964255875328
"115" 107 1.11647817717467 1.98527557673823 1.39901279740272
"116" 108 1.11767028590204 1.99168758299572 1.40158173934312
"117" 109 1.11883409114978 1.99764511454927 1.40413270971225
"118" 110 1.11999354115689 2.00409143983987 1.40666599739495
"119" 111 1.1211379687007 2.01038936685599 1.4091818840571
"120" 112 1.12229449030646 2.01665866355952 1.41168064438923
"121" 113 1.12343327256868 2.02298295454998 1.4141625463398
"122" 114 1.12457074417625 2.02928516337562 1.41662785133865
"123" 115 1.12566729352464 2.03517055215005 1.41907681451125
"124" 116 1.12678115449602 2.04135087792871 1.42150968488401
"125" 117 1.12793501811515 2.04782025134929 1.42392670558127
"126" 118 1.1290140878263 2.05366298237041 1.42632811401426
"127" 119 1.13010931217665 2.05968354911434 1.42871414206248
"128" 120 1.1311550792745 2.06573022718116 1.43108501624787
"129" 121 1.13224116667559 2.07168261237891 1.43344095790205
"130" 122 1.1332898007741 2.07774057528073 1.43578218332705
"131" 123 1.13430005019442 2.0838732569126 1.43810890394974
"132" 124 1.13532960669497 2.08981314203887 1.44042132647039
"133" 125 1.13641091628079 2.09579146044614 1.44271965300544
"134" 126 1.13740876478352 2.10146682751336 1.44500408122492
"135" 127 1.1384026751868 2.10733543856016 1.44727480448467
"136" 128 1.13941290228166 2.11297216280911 1.44953201195367
"137" 129 1.14039921086568 2.1186247928369 1.45177588873653
"138" 130 1.14139473800105 2.12430202423329 1.45400661599164
"139" 131 1.14235463741257 2.13003095704669 1.45622437104488
"140" 132 1.14335855258688 2.13549875105565 1.45842932749924
"141" 133 1.14431682146509 2.1408977431478 1.46062165534057
"142" 134 1.14526075617491 2.1465279819789 1.46280152103941
"143" 135 1.14623407946712 2.15234934192644 1.46496908764942
"144" 136 1.14717087201667 2.15781512074595 1.46712451490215
"145" 137 1.14810642366819 2.16323263276296 1.46926795929861
"146" 138 1.14900729813241 2.16891476768601 1.47139957419766
"147" 139 1.1499432133579 2.17446274005678 1.47351950990136
"148" 140 1.15088006132903 2.1798268365083 1.47562791373735
"149" 141 1.15179258477334 2.18534703439776 1.47772493013854
"150" 142 1.1526890120268 2.19070056867054 1.47981070072
"151" 143 1.15363096735458 2.1961167830499 1.4818853643534
"152" 144 1.15451997162265 2.2018455972621 1.48394905723886
"153" 145 1.15542371151996 2.20715938808469 1.48600191297455
"154" 146 1.15633527081307 2.21256619893884 1.48804406262392
"155" 147 1.15722396327223 2.21815758416238 1.49007563478077
"156" 148 1.15807069904022 2.22343663386282 1.49209675563228
"157" 149 1.15893338639307 2.22860642223898 1.49410754901988
"158" 150 1.15979667774537 2.23398300933561 1.49610813649835
"159" 151 1.16066717133768 2.23903276579576 1.49809863739294
"160" 152 1.16153482844791 2.24400074483065 1.50007916885471
"161" 153 1.16236893281543 2.24919275667717 1.50204984591413
"162" 154 1.16320935948235 2.25464047932263 1.50401078153313
"163" 155 1.16403202816442 2.25981783223216 1.50596208665536
"164" 156 1.16489006221914 2.26484766612385 1.50790387025505
"165" 157 1.16576018953472 2.26997530538611 1.50983623938435
"166" 158 1.16662218756261 2.27498042238688 1.51175929921922
"167" 159 1.16742963668653 2.27984247832985 1.51367315310392
"168" 160 1.1682745739775 2.28468077151465 1.51557790259427
"169" 161 1.16905093543309 2.28992935757825 1.5174736474995
"170" 162 1.16984948927475 2.29497218971444 1.51936048592294
"171" 163 1.1706549738388 2.3003340167798 1.52123851430152
"172" 164 1.17142590159631 2.30547198757833 1.52310782744409
"173" 165 1.17223179041761 2.31065684345005 1.52496851856865
"174" 166 1.17299262864628 2.31571680957213 1.52682067933847
"175" 167 1.17377499424075 2.3211297012592 1.52866439989728
"176" 168 1.17454748600926 2.32620095192524 1.5304997689033
"177" 169 1.17527289384974 2.33082290960226 1.53232687356247
"178" 170 1.17605701965569 2.33586597522307 1.53414579966063
"179" 171 1.17674506271029 2.34089793063079 1.53595663159488
"180" 172 1.17745345940376 2.34577755746864 1.53775945240398
"181" 173 1.17820590034456 2.35074394570925 1.53955434379803
"182" 174 1.17898307648092 2.35554665595144 1.54134138618723
"183" 175 1.17975150060606 2.3602813770659 1.54312065870988
"184" 176 1.18051055008501 2.36499077097353 1.54489223925972
"185" 177 1.1812933624573 2.36990485241776 1.54665620451233
"186" 178 1.18207552927493 2.37483196881386 1.54841262995104
"187" 179 1.18284340365856 2.37961961916769 1.55016158989196
"188" 180 1.18355510571228 2.38427868361483 1.55190315750855
"189" 181 1.18428018888277 2.38916736133225 1.55363740485529
"190" 182 1.18500695954218 2.39383122774672 1.555364402891
"191" 183 1.18568405224713 2.39861438733523 1.55708422150132
"192" 184 1.18638050911552 2.40340947917392 1.55879692952074
"193" 185 1.1870602694863 2.40810928053087 1.56050259475404
"194" 186 1.18776493993206 2.41300729893147 1.56220128399713
"195" 187 1.18847218504659 2.41767707397139 1.56389306305741
"196" 188 1.18920125103939 2.42226343607936 1.56557799677364
"197" 189 1.18990213765954 2.42686016854986 1.56725614903518
"198" 190 1.1905974899984 2.43143201508656 1.56892758280089
"199" 191 1.19132602258915 2.43626598610875 1.5705923601175
"200" 192 1.19199352535723 2.4408517668207 1.57225054213747
"201" 193 1.19264788405381 2.4455181707372 1.57390218913653
"202" 194 1.193303430846 2.44997463464992 1.57554736053067
"203" 195 1.19396208252141 2.45449652712774 1.57718611489278
"204" 196 1.19463390716378 2.45907556644782 1.57881850996887
"205" 197 1.19529241798133 2.46387943298326 1.58044460269387
"206" 198 1.19594342433478 2.46843784115034 1.58206444920711
"207" 199 1.1965911031578 2.47299129464581 1.58367810486739
"208" 200 1.19724998347581 2.47767936709535 1.58528562426764
"209" 201 1.19790674615365 2.48216924183225 1.58688706124936
"210" 202 1.19852731894061 2.48658908401676 1.58848246891657
"211" 203 1.19916432721874 2.49103683219205 1.59007189964956
"212" 204 1.19980094175828 2.49551845053593 1.59165540511826
"213" 205 1.20038830731415 2.50004645866034 1.59323303629527
"214" 206 1.20104806786795 2.50460892968121 1.59480484346863
"215" 207 1.20168896477362 2.50902338645295 1.59637087625431
"216" 208 1.20229610559143 2.51349851997415 1.59793118360835
"217" 209 1.20294104995131 2.51803228117816 1.59948581383881
"218" 210 1.20356522597338 2.52220821596187 1.60103481461738
"219" 211 1.20419550811127 2.52666339621737 1.60257823299072
"220" 212 1.20481772349279 2.53105941359102 1.60411611539161
"221" 213 1.20541534680478 2.53551278327471 1.60564850764979
"222" 214 1.20602584718316 2.54010676599049 1.60717545500262
"223" 215 1.20660016183335 2.54436414733154 1.60869700210541
"224" 216 1.20723221369647 2.54888908882676 1.61021319304159
"225" 217 1.20781149430571 2.55300779307854 1.61172407133271
"226" 218 1.20842098102827 2.55751766185784 1.61322967994803
"227" 219 1.20901692928984 2.56174736148192 1.61473006131414
"228" 220 1.20960462137387 2.56600759208878 1.61622525732421
"229" 221 1.21021825473184 2.57027878288914 1.61771530934707
"230" 222 1.21083494651881 2.57443824349072 1.61920025823614
"231" 223 1.21143863586087 2.57862869932428 1.62068014433811
"232" 224 1.21206217965047 2.58285835341868 1.62215500750151
"233" 225 1.21266778456589 2.58719867164319 1.62362488708502
"234" 226 1.21328956299242 2.59137441639603 1.62508982196565
"235" 227 1.21383460371532 2.59558522164472 1.62654985054672
"236" 228 1.2143955336447 2.59968234278853 1.62800501076571
"237" 229 1.21497482781858 2.60402161300185 1.62945534010194
"238" 230 1.21551565735657 2.60803798095919 1.63090087558401
"239" 231 1.216102795193 2.61211100420161 1.63234165379723
"240" 232 1.21662815199846 2.61599317557819 1.63377771089079
"241" 233 1.21717658368153 2.62004416787594 1.6352090825848
"242" 234 1.21770583854359 2.62411707956165 1.63663580417721
"243" 235 1.21827246163773 2.62823657671918 1.63805791055058
"244" 236 1.21884222572236 2.63224906973935 1.63947543617873
"245" 237 1.21942940159505 2.63645870311277 1.64088841513318
"246" 238 1.2200127376254 2.6405431259687 1.64229688108963
"247" 239 1.22051519741648 2.64454031422646 1.64370086733405
"248" 240 1.2210718758167 2.6488806607047 1.64510040676894
"249" 241 1.22164469080021 2.65289102148506 1.64649553191924
"250" 242 1.22214952026216 2.65689317726067 1.64788627493822
"251" 243 1.22269681008312 2.66117612045831 1.6492726676133
"252" 244 1.22323764874796 2.66509876906347 1.6506547413716
"253" 245 1.22376875249293 2.6692785228879 1.6520325272856
"254" 246 1.2242885700289 2.67322977711199 1.65340605607844
"255" 247 1.22481015080656 2.67696535794889 1.65477535812937
"256" 248 1.22533450048429 2.68072521152402 1.65614046347889
"257" 249 1.2258545808759 2.68478986627863 1.65750140183392
"258" 250 1.22638763877908 2.68883408063025 1.65885820257284
"259" 251 1.22691520023203 2.6927585546823 1.66021089475033
"260" 252 1.22743135479035 2.69670349809446 1.66155950710232
"261" 253 1.22793059282998 2.70064970959455 1.66290406805071
"262" 254 1.22846926110869 2.70469865313377 1.66424460570796
"263" 255 1.22900641516223 2.70855212520691 1.66558114788175
"264" 256 1.22951399295031 2.71243038741977 1.66691372207941
"265" 257 1.23001618493305 2.71626825097383 1.66824235551232
"266" 258 1.23056492149248 2.72018827781786 1.66956707510031
"267" 259 1.23108811397006 2.72404355707568 1.67088790747575
"268" 260 1.23158823310553 2.72802956166363 1.67220487898791
"269" 261 1.23207877568546 2.73205701860278 1.67351801570687
"270" 262 1.23260791730669 2.73570628741721 1.67482734342761
"271" 263 1.23309624069111 2.73945380220917 1.67613288767398
"272" 264 1.23360642747606 2.74338452152469 1.67743467370252
"273" 265 1.23412267161683 2.74706290422757 1.67873272650627
"274" 266 1.23460147306447 2.75098124020978 1.68002707081853
"275" 267 1.2351111901527 2.75503339185124 1.68131773111646
"276" 268 1.2355890817359 2.75921582810167 1.68260473162475
"277" 269 1.23607206801611 2.76312496164784 1.68388809631914
"278" 270 1.23655390562157 2.76719691768112 1.68516784892985
"279" 271 1.23701219585795 2.77077152840316 1.68644401294505
"280" 272 1.2374966094917 2.77461683218921 1.68771661161415
"281" 273 1.23793730483208 2.77849389663405 1.68898566795118
"282" 274 1.2383858950627 2.78252156566051 1.69025120473794
"283" 275 1.23885621662346 2.78620240864709 1.69151324452722
"284" 276 1.23931813932468 2.79021038695024 1.69277180964592
"285" 277 1.23979133716743 2.79392645424748 1.69402692219815
"286" 278 1.24027272780033 2.79766245356223 1.69527860406818
"287" 279 1.24077659924891 2.80144194074885 1.69652687692349
"288" 280 1.24125411428455 2.80514728863623 1.69777176221761
"289" 281 1.24171594854514 2.80895800763711 1.69901328119304
"290" 282 1.24217161095749 2.81254200773863 1.70025145488409
"291" 283 1.2426332246737 2.81638156930562 1.70148630411954
"292" 284 1.24310938747177 2.82033781065231 1.70271784952549
"293" 285 1.24356036677913 2.82410746678968 1.70394611152798
"294" 286 1.2439974144003 2.82785515101595 1.7051711103556
"295" 287 1.2444634457275 2.83166928363584 1.70639286604218
"296" 288 1.24493786864646 2.83501736543586 1.70761139842921
"297" 289 1.24541722833178 2.83866390086645 1.70882672716842
"298" 290 1.24590773890722 2.84262888070488 1.71003887172425
"299" 291 1.24637136060306 2.8458234791214 1.71124785137624
"300" 292 1.24678468421218 2.8496334213176 1.71245368522143
"301" 293 1.24722049726011 2.85366137468721 1.71365639217672
"302" 294 1.2476801632275 2.85704214535994 1.71485599098114
"303" 295 1.24811643419509 2.86082906342268 1.71605250019818
"304" 296 1.24857533625478 2.86444634549651 1.71724593821795
"305" 297 1.24900597209644 2.8680562502029 1.71843632325943
"306" 298 1.24942709176428 2.87178694783378 1.71962367337264
"307" 299 1.24984968488597 2.87533278502815 1.72080800644069
"308" 300 1.25028254547152 2.87917451697654 1.72198934018202
"309" 301 1.25069982591166 2.88287317883535 1.7231676921523
"310" 302 1.25111433974688 2.88645710814269 1.72434307974655
"311" 303 1.25153888794136 2.89013319569526 1.72551552020115
"312" 304 1.25198052457501 2.89380191206099 1.72668503059572
"313" 305 1.25242033725969 2.89779462302472 1.72785162785515
"314" 306 1.25281388849097 2.90125638559107 1.72901532875147
"315" 307 1.25324485736112 2.90473949952201 1.73017614990569
"316" 308 1.25366502945704 2.90837238925899 1.73133410778969
"317" 309 1.25409715087447 2.912095161189 1.73248921872803
"318" 310 1.25449104472821 2.91591747824572 1.73364149889971
"319" 311 1.25494080681768 2.91925078136564 1.73479096433997
"320" 312 1.25537643988623 2.92277179750063 1.73593763094203
"321" 313 1.25578240139998 2.92660730744351 1.73708151445876
"322" 314 1.25618291709784 2.93012129711689 1.73822263050435
"323" 315 1.25659736462098 2.93335947645263 1.73936099455605
"324" 316 1.25699491092767 2.93703650906583 1.74049662195574
"325" 317 1.25740640709935 2.9406845944251 1.74162952791152
"326" 318 1.25784928103784 2.94431614438589 1.74275972749938
"327" 319 1.25823951522145 2.94781961851319 1.74388723566463
"328" 320 1.25862470742476 2.95128694561034 1.74501206722358
"329" 321 1.25906294281585 2.95450265297981 1.74613423686495
"330" 322 1.25948962398841 2.95810512477096 1.74725375915138
"331" 323 1.25989080039766 2.96153324387491 1.74837064852097
"332" 324 1.26027435114705 2.96490346563693 1.74948491928862
"333" 325 1.26068406962612 2.96820511365872 1.75059658564753
"334" 326 1.26109733130804 2.97163202565429 1.75170566167059
"335" 327 1.26148477081923 2.97512144071998 1.75281216131178
"336" 328 1.26188621895325 2.97867487438899 1.75391609840745
"337" 329 1.26230279965765 2.98190970472117 1.75501748667783
"338" 330 1.2627287519241 2.98524470876393 1.75611633972819
"339" 331 1.26310920717524 2.98857022058561 1.75721267105023
"340" 332 1.26352787551666 2.99201934325655 1.75830649402336
"341" 333 1.26393236690263 2.99551111427121 1.75939782191595
"342" 334 1.2643186572174 2.99889014866432 1.76048666788662
"343" 335 1.26473788039997 3.00233325113094 1.76157304498544
"344" 336 1.26511417874026 3.00574388887421 1.76265696615512
"345" 337 1.26549414856621 3.00908594911434 1.76373844423232
"346" 338 1.26590968402482 3.01250656754886 1.76481749194867
"347" 339 1.26627198762515 3.01591546495801 1.76589412193208
"348" 340 1.26666422840054 3.01906405874625 1.76696834670782
"349" 341 1.26704818449146 3.02256969966207 1.76804017869964
"350" 342 1.26743324417117 3.02602520143714 1.76910963023093
"351" 343 1.26780136802448 3.02950137655156 1.77017671352582
"352" 344 1.26816008995087 3.03278192351233 1.77124144071023
"353" 345 1.26853791600633 3.03621232100388 1.77230382381296
"354" 346 1.26894621667285 3.03925437940217 1.77336387476675
"355" 347 1.2693365461654 3.04261811389767 1.77442160540933
"356" 348 1.26970483903551 3.04625050343351 1.77547702748443
"357" 349 1.27008653227349 3.04975873666906 1.7765301526428
"358" 350 1.27044215452916 3.05303454201759 1.77758099244323
"359" 351 1.27082004031804 3.05658032456288 1.7786295583535
"360" 352 1.27121527136095 3.05962800501035 1.77967586175138
"361" 353 1.27160446580082 3.06293459499536 1.78071991392557
"362" 354 1.27197737984892 3.06637633290578 1.78176172607669
"363" 355 1.27232660027139 3.06970648817944 1.78280130931815
"364" 356 1.27269812255793 3.07303288099383 1.78383867467714
"365" 357 1.27306251899704 3.07658418740021 1.78487383309547
"366" 358 1.27342374997136 3.07998678531081 1.78590679543052
"367" 359 1.27377350341211 3.08341960840456 1.78693757245613
"368" 360 1.27414656324392 3.08632785119878 1.78796617486341
"369" 361 1.27450261658573 3.08960925947288 1.78899261326166
"370" 362 1.27483485543034 3.09283942854067 1.79001689817924
"371" 363 1.27518475275045 3.09608720456449 1.79103904006434
"372" 364 1.27554625815043 3.0992590183871 1.79205904928582
"373" 365 1.27589799708559 3.10260062808423 1.79307693613412
"374" 366 1.27625959425777 3.10582253742988 1.79409271082194
"375" 367 1.27661174984216 3.1092184620335 1.79510638348512
"376" 368 1.27694771208444 3.11256953876537 1.79611796418342
"377" 369 1.27731266407544 3.11564279810116 1.79712746290124
"378" 370 1.27765899725906 3.11902776779552 1.79813488954846
"379" 371 1.27801129132235 3.12227742490624 1.79914025396115
"380" 372 1.27836131385338 3.12565651338843 1.80014356590232
"381" 373 1.27870467379114 3.12902021659828 1.80114483506268
"382" 374 1.27906959697822 3.1323747239891 1.80214407106133
"383" 375 1.27944695263922 3.13567296425141 1.80314128344655
"384" 376 1.27977828018889 3.13894380515511 1.8041364816964
"385" 377 1.28011176109548 3.14220846220306 1.80512967521953
"386" 378 1.28044613399334 3.14536346413718 1.80612087335581
"387" 379 1.28080253926507 3.14848714841361 1.80711008537704
"388" 380 1.28114508507005 3.15169521217048 1.80809732048757
"389" 381 1.2814904457687 3.15483526901511 1.80908258782503
"390" 382 1.28184760173752 3.15819069583813 1.81006589646101
"391" 383 1.28221114668347 3.16148886679151 1.8110472554016
"392" 384 1.2825308298069 3.16449520668909 1.81202667358812
"393" 385 1.28286367885636 3.16772327640658 1.81300415989774
"394" 386 1.28319254000567 3.17109067521867 1.81397972314409
"395" 387 1.2835477747654 3.17420638447114 1.81495337207788
"396" 388 1.28389429761394 3.17713752709667 1.8159251153875
"397" 389 1.2842489251445 3.18031480387569 1.81689496169965
"398" 390 1.28460624689506 3.18350440870441 1.81786291957995
"399" 391 1.28495430778025 3.18672650310823 1.81882899753347
"400" 392 1.28527497780969 3.19001096551679 1.81979320400534
"401" 393 1.28564423062669 3.19318729007256 1.82075554738133
"402" 394 1.28598992494994 3.19634291894179 1.8217160359884
"403" 395 1.28633516132955 3.19953645324856 1.82267467809532
"404" 396 1.28667893561484 3.20256217661408 1.82363148191312
"405" 397 1.28702035614745 3.20568182134866 1.82458645559574
"406" 398 1.28735372252128 3.20860244737483 1.8255396072405
"407" 399 1.2876772418327 3.21170644223836 1.82649094488863
"408" 400 1.2879973686011 3.21487794706886 1.82744047652592
"409" 401 1.28830665872371 3.21789392652216 1.82838821008302
"410" 402 1.28866167747105 3.22116429292585 1.82933415343618
"411" 403 1.28897460244443 3.22435621646576 1.83027831440764
"412" 404 1.28929817149753 3.22745333842408 1.83122070076609
"413" 405 1.28962622009011 3.23046055146955 1.83216132022733
"414" 406 1.28992604951161 3.23327648920581 1.83310018045461
"415" 407 1.29021283376877 3.23618875505751 1.83403728905914
"416" 408 1.29054954766741 3.23902450464922 1.83497265360066
"417" 409 1.2908737649984 3.24219593349669 1.83590628158781
"418" 410 1.29118364295081 3.24507369670099 1.83683818047867
"419" 411 1.29147385591964 3.2482584500537 1.83776835768115
"420" 412 1.29178105630818 3.25128352438754 1.83869682055354
"421" 413 1.29210704602689 3.25457173590126 1.83962357640487
"422" 414 1.29244783849741 3.25749398519767 1.84054863249546
"423" 415 1.2927509675569 3.26060903376605 1.84147199603724
"424" 416 1.29310675448644 3.26353495927069 1.84239367419426
"425" 417 1.29344443386033 3.26638946185545 1.84331367408318
"426" 418 1.29377002349611 3.26985668346172 1.84423200277359
"427" 419 1.29410612032456 3.27309458732752 1.84514866728841
"428" 420 1.29442658763691 3.27630963421565 1.84606367460447
"429" 421 1.29473519704742 3.2795815477193 1.8469770316528
"430" 422 1.295041887181 3.28264885589896 1.847888745319
"431" 423 1.29535792500863 3.28579548939084 1.84879882244378
"432" 424 1.29565547064762 3.28897838135573 1.84970726982327
"433" 425 1.29596001434599 3.292039385941 1.85061409420938
"434" 426 1.29625383131549 3.29518699951781 1.8515193023103
"435" 427 1.29656085664893 3.29840834496017 1.8524229007908
"436" 428 1.2968826334251 3.30152382073495 1.85332489627264
"437" 429 1.29718689079084 3.30480355167231 1.85422529533496
"438" 430 1.29750203438924 3.30773806886737 1.85512410451458
"439" 431 1.29781922891545 3.31085590851989 1.85602133030651
"440" 432 1.29814579149577 3.31370896770926 1.85691697916416
"441" 433 1.29841012736993 3.31669263288951 1.85781105749983
"442" 434 1.29869646622627 3.31954915124731 1.85870357168498
"443" 435 1.2989908035567 3.32266496867041 1.85959452805063
"444" 436 1.29929688934108 3.32532740476509 1.86048393288766
"445" 437 1.29956908542503 3.32822843974763 1.8613717924472
"446" 438 1.29985628273204 3.3311777236512 1.86225811294097
"447" 439 1.30016716509427 3.33402192433253 1.86314290054163
"448" 440 1.30045716899071 3.33704398133886 1.86402616138306
"449" 441 1.30074968623232 3.34029214620514 1.86490790156069
"450" 442 1.30104533811127 3.34318054582215 1.86578812713195
"451" 443 1.30134119093141 3.3460281552887 1.8666668441164
"452" 444 1.30169129232212 3.34887217698351 1.86754405849625
"453" 445 1.3020042743362 3.35171290370245 1.86841977621651
"454" 446 1.30229059181521 3.35495802151754 1.86929400318539
"455" 447 1.3025982057557 3.35807077722172 1.87016674527461
"456" 448 1.30290240950003 3.36123758099535 1.87103800831968
"457" 449 1.30322525095082 3.36414859016755 1.8719077981202
"458" 450 1.30350318174094 3.36714908006599 1.8727761204402
"459" 451 1.30379779837855 3.37022424122292 1.87364298100839
"460" 452 1.30409467761118 3.37329584374642 1.87450838551849
"461" 453 1.30436384040188 3.37635462294472 1.87537233962948
"462" 454 1.30469458979786 3.3794280547637 1.87623484896594
"463" 455 1.30498025991618 3.3824612248008 1.87709591911828
"464" 456 1.30528119995481 3.38514279829271 1.87795555564308
"465" 457 1.30555392316493 3.38820143395028 1.87881376406331
"466" 458 1.30583237305743 3.39145681255836 1.87967054986868
"467" 459 1.30611833300112 3.39454057428534 1.88052591851579
"468" 460 1.30639295579498 3.39778411776813 1.88137987542855
"469" 461 1.30668863567832 3.40069922277758 1.88223242599834
"470" 462 1.30697849522834 3.40384515180812 1.88308357558433
"471" 463 1.3072670585323 3.40690372096612 1.88393332951369
"472" 464 1.3075403784618 3.40951038484603 1.8847816930819
"473" 465 1.30783578193411 3.41229953442483 1.885628671553
"474" 466 1.30812662539687 3.4151190116582 1.8864742701598
"475" 467 1.30841305249915 3.41812910783391 1.8873184941042
"476" 468 1.30868879078348 3.42085485791057 1.88816134855739
"477" 469 1.30898528469012 3.4238306546294 1.88900283866007
"478" 470 1.30924393835053 3.42683533242917 1.88984296952279
"479" 471 1.30950779575839 3.4297768035126 1.89068174622607
"480" 472 1.30977504179175 3.43260829440567 1.89151917382078
"481" 473 1.31004261573675 3.43557397825519 1.89235525732824
"482" 474 1.31031252042775 3.43858077636014 1.89319000174054
"483" 475 1.31058235725811 3.44134631541303 1.8940234120207
"484" 476 1.31086436951935 3.44411234216684 1.89485549310302
"485" 477 1.31113587602031 3.44695771971864 1.89568624989318
"486" 478 1.31141067165322 3.44987751245226 1.89651568726849
"487" 479 1.31167634484629 3.45282453267915 1.89734381007822
"488" 480 1.31195890485056 3.45574571477098 1.89817062314367
"489" 481 1.31223981251044 3.45874671866245 1.89899613125848
"490" 482 1.31253948837602 3.46163980534955 1.89982033918882
"491" 483 1.31281352023379 3.46445995197847 1.90064325167365
"492" 484 1.31310335104479 3.46736679419808 1.9014648734248
"493" 485 1.31338385716802 3.47027323227045 1.90228520912735
"494" 486 1.31364259078285 3.47307934017882 1.90310426343973
"495" 487 1.31388635748458 3.47589146703038 1.90392204099395
"496" 488 1.31417050201051 3.4787760911489 1.90473854639578
"497" 489 1.31442780368939 3.4818270614464 1.90555378422503
"498" 490 1.31466620560096 3.48459587514567 1.90636775903568
"499" 491 1.31495248880942 3.48737547904506 1.90718047535608
"500" 492 1.31521577831324 3.49012057383994 1.90799193768918
"501" 493 1.31548072152367 3.49284859269733 1.90880215051267
"502" 494 1.31575815030882 3.49586979532506 1.90961111827925
"503" 495 1.31598391849656 3.49868184047438 1.91041884541678
"504" 496 1.31623897957196 3.50157337757984 1.91122533632842
"505" 497 1.31651859180317 3.50411637536632 1.91203059539291
"506" 498 1.31677126376732 3.50680234802557 1.91283462696469
"507" 499 1.31705529445006 3.50979088785695 1.9136374353741
"508" 500 1.31732188396116 3.51248844760673 1.91443902492754
"509" 501 1.31761704829943 3.51533959902019 1.91523939990773
"510" 502 1.31790213998657 3.51830114572733 1.9160385645738
"511" 503 1.31815230170184 3.52117076426322 1.91683652316147
"512" 504 1.31841703048169 3.52384647171785 1.91763327988327
"513" 505 1.31867808462328 3.52639941727113 1.9184288389287
"514" 506 1.31892117219316 3.52916091935143 1.91922320446443
"515" 507 1.31917988994852 3.53231538271613 1.92001638063436
"516" 508 1.31944161207813 3.53530840066287 1.92080837155992
"517" 509 1.31967551137646 3.53806271517361 1.92159918134014
"518" 510 1.31994326569442 3.54067073463752 1.92238881405188
"519" 511 1.32020679227226 3.5433907005088 1.92317727374996
"520" 512 1.32046045191725 3.54635601408619 1.92396456446737
"521" 513 1.32071847211317 3.54892782210687 1.9247506902153
"522" 514 1.32098913504748 3.55175226250042 1.9255356549835
"523" 515 1.32125474184657 3.55465219968586 1.9263194627402
"524" 516 1.3215060190284 3.55739785019071 1.92710211743252
"525" 517 1.32175928834527 3.56039460796103 1.92788362298641
"526" 518 1.32199129795006 3.56322669191466 1.92866398330693
"527" 519 1.32224223100949 3.56618489904645 1.92944320227832
"528" 520 1.32249664072197 3.56895884221869 1.93022128376428
"529" 521 1.32276538462967 3.5716428953979 1.93099823160793
"530" 522 1.32301200632187 3.57440592317845 1.93177404963212
"531" 523 1.3232541552734 3.57709730075789 1.9325487416395
"532" 524 1.32349115244753 3.57991437248996 1.93332231141267
"533" 525 1.32373202127313 3.58264775272021 1.93409476271437
"534" 526 1.32395852951421 3.58525964989166 1.93486609928751
"535" 527 1.32421164715887 3.58800676150415 1.93563632485549
"536" 528 1.32445753423664 3.59072887066279 1.93640544312215
"537" 529 1.32471415555763 3.59350226061838 1.93717345777205
"538" 530 1.32495155772007 3.59624993903907 1.93794037247051
"539" 531 1.32520124240858 3.59899183971933 1.93870619086383
"540" 532 1.32548068810273 3.6018358444912 1.93947091657937
"541" 533 1.32570947951582 3.60460629807254 1.94023455322566
"542" 534 1.32598015634393 3.60723042348508 1.94099710439262
"543" 535 1.32623784841431 3.60993907674908 1.94175857365164
"544" 536 1.32647495695543 3.61271658653382 1.94251896455565
"545" 537 1.32671694648297 3.61522763708304 1.9432782806394
"546" 538 1.32696294928119 3.61777683613344 1.94403652541941
"547" 539 1.32721333904613 3.62026210821142 1.94479370239426
"548" 540 1.32746138698347 3.62284977821031 1.94554981504458
"549" 541 1.32770060124019 3.62552544279086 1.94630486683325
"550" 542 1.32795715916236 3.62827239779628 1.94705886120554
"551" 543 1.32822249273631 3.63073807483044 1.94781180158915
"552" 544 1.32846415662036 3.6334511533776 1.94856369139447
"553" 545 1.32869432882307 3.63627420560642 1.94931453401445
"554" 546 1.32893050101806 3.6391522575343 1.95006433282506
"555" 547 1.32917851682367 3.64200774309891 1.9508130911851
"556" 548 1.32939158694946 3.64475268852287 1.95156081243653
"557" 549 1.32964609204371 3.64748618221728 1.95230749990442
"558" 550 1.32989087406991 3.64991278723202 1.9530531568972
"559" 551 1.33013631808426 3.65210531559181 1.95379778670675
"560" 552 1.33036095909561 3.65474632289973 1.95454139260838
"561" 553 1.3305813715081 3.65730675165971 1.95528397786115
"562" 554 1.33080165026751 3.65993072461592 1.9560255457078
"563" 555 1.33101683139638 3.66260246352293 1.95676609937501
"564" 556 1.33124844029065 3.66537344540217 1.95750564207334
"565" 557 1.33147928654104 3.66802352325353 1.95824417699755
"566" 558 1.33169971783596 3.67046323206956 1.95898170732649
"567" 559 1.33193113966656 3.67285148397836 1.95971823622336
"568" 560 1.33215982395227 3.67523281101762 1.96045376683575
"569" 561 1.33239809809942 3.6778374422861 1.96118830229577
"570" 562 1.33265693994466 3.68055189635173 1.96192184572011
"571" 563 1.33289007660652 3.68315351692449 1.9626544002102
"572" 564 1.33314884749174 3.68583774429469 1.96338596885227
"573" 565 1.33338783227833 3.68821304560468 1.96411655471749
"574" 566 1.33364341439041 3.69067354815153 1.96484616086202
"575" 567 1.3338852608239 3.6930189394351 1.96557479032719
"576" 568 1.33413227369406 3.6957488221021 1.96630244613947
"577" 569 1.33436174979014 3.69814830136808 1.96702913131068
"578" 570 1.33458190302346 3.7006641847367 1.96775484883807
"579" 571 1.33482547532855 3.70305416709847 1.96847960170436
"580" 572 1.33505154395616 3.70533235908888 1.96920339287789
"581" 573 1.33528335762419 3.70815970231387 1.96992622531267
"582" 574 1.33549738260184 3.71070687598063 1.97064810194859
"583" 575 1.3357371804441 3.71333959426982 1.97136902571131
"584" 576 1.33593917802884 3.71606263176958 1.97208899951252
"585" 577 1.33614643899789 3.71880902778233 1.97280802624997
"586" 578 1.33639388720489 3.72144261018465 1.97352610880757
"587" 579 1.33663001798107 3.72416682809407 1.97424325005544
"588" 580 1.33685830178944 3.72684281852222 1.97495945285013
"589" 581 1.3371167461208 3.72929693723583 1.97567472003451
"590" 582 1.33734765180312 3.73174531426949 1.976389054438
"591" 583 1.33757668291621 3.73427879228077 1.97710245887668
"592" 584 1.33782265786099 3.73692776836086 1.9778149361532
"593" 585 1.3380539697306 3.73941847880341 1.97852648905708
"594" 586 1.338281793766 3.74208255295555 1.97923712036468
"595" 587 1.33847000163229 3.74474424937883 1.97994683283924
"596" 588 1.33870891028275 3.74748412440397 1.98065562923108
"597" 589 1.33894008332259 3.75005371847804 1.98136351227759
"598" 590 1.33917754467314 3.75280654784636 1.98207048470343
"599" 591 1.33943467033641 3.75533388477362 1.98277654922045
"600" 592 1.33964245959585 3.75779454165385 1.98348170852784
"601" 593 1.33988612627548 3.76053530606306 1.98418596531228
"602" 594 1.34011909155551 3.76304117892014 1.98488932224797
"603" 595 1.34032281497567 3.76564951880726 1.98559178199665
"604" 596 1.34055514170949 3.76795908383337 1.98629334720772
"605" 597 1.34077174386299 3.7700379041096 1.98699402051837
"606" 598 1.3410058416795 3.7725654485541 1.98769380455363
"607" 599 1.34121962008824 3.77503774857969 1.98839270192638
"608" 600 1.34144410207727 3.77781903383698 1.98909071523748
"609" 601 1.34167235835256 3.7802950301264 1.98978784707589
"610" 602 1.34191128113017 3.78288754301863 1.99048410001865
"611" 603 1.34210237749526 3.78557607950451 1.99117947663098
"612" 604 1.34234462221659 3.78824482612252 1.99187397946645
"613" 605 1.34258162130565 3.79073377773214 1.99256761106692
"614" 606 1.34276987022439 3.7931802548265 1.99326037396269
"615" 607 1.34299877240629 3.79562541042371 1.99395227067255
"616" 608 1.34323227116095 3.7980637223608 1.99464330370379
"617" 609 1.34343457449987 3.80042501720712 1.99533347555246
"618" 610 1.34362050628951 3.80294630071432 1.99602278870322
"619" 611 1.34383026600549 3.80539142999201 1.9967112456295
"620" 612 1.34403358269308 3.80781359130903 1.99739884879362
"621" 613 1.34423805483964 3.8101317777109 1.99808560064677
"622" 614 1.34443539972557 3.81259426345638 1.99877150362913
"623" 615 1.34467266447268 3.81497234161658 1.99945656016992
"624" 616 1.34488400646201 3.81738865007499 2.00014077268751
"625" 617 1.34510779996884 3.81987507604269 2.00082414358937
"626" 618 1.34533336735329 3.82237235937391 2.0015066752723
"627" 619 1.34555967615729 3.82485664961664 2.00218837012237
"628" 620 1.34577860253716 3.82753427178996 2.00286923051502
"629" 621 1.34600744614046 3.830232384155 2.0035492588151
"630" 622 1.34621199804734 3.83284654441142 2.00422845737703
"631" 623 1.34646149873655 3.83529492735134 2.00490682854477
"632" 624 1.34668526676819 3.83774295444603 2.00558437465188
"633" 625 1.34688226629352 3.84026747586352 2.00626109802165
"634" 626 1.3470682086196 3.84262719207938 2.00693700096711
"635" 627 1.34728108838409 3.84506608363903 2.0076120857911
"636" 628 1.34750845925589 3.84746155762486 2.00828635478632
"637" 629 1.34771043861746 3.84992120856684 2.00895981023545
"638" 630 1.34793642285093 3.85237387076641 2.00963245441111
"639" 631 1.34815707336631 3.85493971450884 2.01030428957602
"640" 632 1.34835096686244 3.85749651279044 2.01097531798301
"641" 633 1.34854059456983 3.86007990843038 2.01164554187509
"642" 634 1.3487645900046 3.86262248058276 2.01231496348544
"643" 635 1.34896856333598 3.86517886248989 2.01298358503765
"644" 636 1.34917851110298 3.86771512840696 2.01365140874552
"645" 637 1.34939618214413 3.87019434398269 2.01431843681335
"646" 638 1.34959210592034 3.87222602274524 2.01498467143589
"647" 639 1.34980263990925 3.87426859691831 2.01565011479834
"648" 640 1.34998363016118 3.87702533263791 2.01631476907658
"649" 641 1.35020055540897 3.87975313519547 2.01697863643706
"650" 642 1.35043767157006 3.88206296559154 2.01764171903687
"651" 643 1.35065548051902 3.88430582071125 2.01830401902389
"652" 644 1.35085713338401 3.88653787380621 2.01896553853683
"653" 645 1.35105850524445 3.88893341048339 2.01962627970518
"654" 646 1.3512768974497 3.89111735315751 2.02028624464933
"655" 647 1.3514839410219 3.89338506876924 2.02094543548065
"656" 648 1.35166277280014 3.89546509774712 2.02160385430152
"657" 649 1.35188650231345 3.89779874368061 2.02226150320535
"658" 650 1.35209570819894 3.90031146333164 2.02291838427667
"659" 651 1.35230623764358 3.90288562987425 2.02357449959121
"660" 652 1.35249393415774 3.90524212263482 2.0242298512158
"661" 653 1.35268148139214 3.90776668034306 2.02488444120867
"662" 654 1.35289533521578 3.91009756724817 2.02553827161927
"663" 655 1.35311098668805 3.91249430252618 2.02619134448844
"664" 656 1.35330558415336 3.91482472064119 2.02684366184839
"665" 657 1.35351512340822 3.9173338000707 2.0274952257229
"666" 658 1.35374392587056 3.91980751280937 2.02814603812712
"667" 659 1.35393422126915 3.92206982758369 2.02879610106785
"668" 660 1.35413302271797 3.92437733954683 2.02944541654352
"669" 661 1.35433927395158 3.92675510686359 2.03009398654408
"670" 662 1.3545224048313 3.92897172824304 2.0307418130513
"671" 663 1.35472038707129 3.93117951039839 2.03138889803867
"672" 664 1.35489947512748 3.93356374319795 2.03203524347146
"673" 665 1.3550824769479 3.9358943945649 2.03268085130683
"674" 666 1.35526652467097 3.93820533302739 2.03332572349371
"675" 667 1.35547372828574 3.94069294338412 2.03396986197308
"676" 668 1.35563558458298 3.94299308394401 2.03461326867783
"677" 669 1.35582705363138 3.94528995927998 2.03525594553294
"678" 670 1.35602596304593 3.94766347280348 2.0358978944554
"679" 671 1.35624760204771 3.95032555291538 2.03653911735434
"680" 672 1.35646504612999 3.95264089002844 2.03717961613104
"681" 673 1.35664456047445 3.95490975604867 2.03781939267896
"682" 674 1.35679694058969 3.95717670441686 2.03845844888382
"683" 675 1.35697843723688 3.95944173959557 2.03909678662366
"684" 676 1.35717430915509 3.96179867955463 2.03973440776879
"685" 677 1.35738140634214 3.96441362386265 2.04037131418196
"686" 678 1.35758102149294 3.96677657279994 2.04100750771824
"687" 679 1.35777577799687 3.96904806372887 2.04164299022531
"688" 680 1.35798598064021 3.97129190709427 2.04227776354315
"689" 681 1.35819110919266 3.97366234796945 2.04291182950448
"690" 682 1.35839501475166 3.97603161502318 2.04354518993445
"691" 683 1.35862871605555 3.97835883239919 2.0441778466509
"692" 684 1.35881727700016 3.98056095008827 2.04480980146433
"693" 685 1.35900894584466 3.9828038151148 2.04544105617795
"694" 686 1.35920850597222 3.98504190240723 2.04607161258769
"695" 687 1.35942135611535 3.98722817020196 2.04670147248228
"696" 688 1.3596347966074 3.98944019047103 2.04733063764326
"697" 689 1.35984088303509 3.99167998773619 2.047959109845
"698" 690 1.36000863464879 3.99392347512663 2.04858689085487
"699" 691 1.36020129571423 3.99622572959285 2.04921398243309
"700" 692 1.3604004975684 3.99864760159627 2.04984038633287
"701" 693 1.3605868856255 4.00111692633069 2.05046610430051
"702" 694 1.36077361756798 4.00358748122379 2.05109113807525
"703" 695 1.36101818571276 4.00601435269252 2.05171548938946
"704" 696 1.36120756435793 4.00852680838832 2.05233915996871
"705" 697 1.36141374887602 4.01099708517593 2.05296215153167
"706" 698 1.36158549462259 4.01328805623279 2.05358446579018
"707" 699 1.36178685828419 4.01563770646324 2.05420610444942
"708" 700 1.3619785884585 4.0180815766454 2.05482706920774
"709" 701 1.36218534741309 4.02052530226201 2.05544736175687
"710" 702 1.36237154630325 4.02292845659955 2.05606698378186
"711" 703 1.36255440079792 4.02536552290834 2.05668593696114
"712" 704 1.36274626090428 4.02769064067346 2.0573042229666
"713" 705 1.36295921924571 4.03017084245192 2.05792184346353
"714" 706 1.3631583773956 4.03243091401727 2.05853880011073
"715" 707 1.36335300285872 4.03482069972597 2.05915509456054
"716" 708 1.36353443716066 4.03720449016457 2.0597707284588
"717" 709 1.36371510233413 4.03959208331476 2.06038570344503
"718" 710 1.36388241540148 4.04195339615569 2.0610000211523
"719" 711 1.36405495350149 4.04422635406737 2.06161368320734
"720" 712 1.36425497622022 4.04648603299017 2.06222669123061
"721" 713 1.36444517451505 4.04875073005763 2.06283904683633
"722" 714 1.36465526340508 4.0510006254182 2.06345075163243
"723" 715 1.36483034592585 4.05320612592229 2.06406180722057
"724" 716 1.36501998455181 4.05548752312748 2.06467221519633
"725" 717 1.36520534986735 4.05775471502869 2.06528197714913
"726" 718 1.36538429220627 4.06004327534581 2.06589109466228
"727" 719 1.3655747421417 4.0623741626074 2.06649956931298
"728" 720 1.36574661292644 4.06484554656042 2.06710740267238
"729" 721 1.36591150503533 4.06745363140591 2.06771459630564
"730" 722 1.36614833221406 4.06979387247882 2.06832115177196
"731" 723 1.36633824508227 4.07186175903605 2.06892707062454
"732" 724 1.36652539952162 4.07406020352077 2.06953235441068
"733" 725 1.36672550445538 4.07638482876074 2.07013700467172
"734" 726 1.36691006830544 4.07867159285704 2.07074102294329
"735" 727 1.36708015669883 4.08107783206228 2.07134441075508
"736" 728 1.36726127566783 4.08326262791258 2.07194716963096
"737" 729 1.36742526201636 4.08555880529259 2.07254930108911
"738" 730 1.36760904013433 4.08796398552515 2.07315080664192
"739" 731 1.36777930911469 4.0901164906688 2.07375168779605
"740" 732 1.36795077646295 4.09257839158156 2.07435194605254
"741" 733 1.36814071416889 4.09505095570855 2.07495158290671
"742" 734 1.36829300403414 4.0972203969167 2.0755505998483
"743" 735 1.36846629390194 4.09962907733771 2.0761489983615
"744" 736 1.36865608641155 4.10212725425045 2.07674677992479
"745" 737 1.36882784124553 4.10425156479731 2.07734394601124
"746" 738 1.36901540960556 4.10670840834874 2.07794049808835
"747" 739 1.36918854293779 4.10885502017925 2.07853643761822
"748" 740 1.3693747877782 4.11117021639915 2.07913176605733
"749" 741 1.36954892204235 4.11353277255132 2.07972648485692
"750" 742 1.36977913107828 4.11589330086115 2.08032059546269
"751" 743 1.36994681219407 4.11825899053414 2.08091409931511
"752" 744 1.3701409239296 4.12062535648224 2.08150699784912
"753" 745 1.37035121534203 4.12298841157859 2.08209929249452
"754" 746 1.37051983400251 4.12534982575217 2.0826909846757
"755" 747 1.37068610358394 4.12770102943246 2.08328207581185
"756" 748 1.3708884766762 4.12998996759658 2.08387256731689
"757" 749 1.37105336985838 4.13215889490071 2.08446246059957
"758" 750 1.37125371687789 4.13433971342842 2.08505175706341
"759" 751 1.37143793968054 4.13664279728234 2.08564045810678
"760" 752 1.37160457987629 4.13882878595701 2.08622856512293
"761" 753 1.37177638133827 4.14096160300727 2.0868160795
"762" 754 1.3719468836955 4.14299807036724 2.08740300262103
"763" 755 1.37211537229541 4.14537192744391 2.08798933586407
"764" 756 1.37229199506827 4.14734623774016 2.08857508060203
"765" 757 1.3724833883627 4.14974439379264 2.08916023820288
"766" 758 1.37268555815619 4.15207539361497 2.08974481002961
"767" 759 1.37285204346351 4.15412521870631 2.09032879744025
"768" 760 1.37302244364308 4.15627236489077 2.09091220178785
"769" 761 1.37320577713178 4.15844914075662 2.09149502442067
"770" 762 1.37339588030558 4.1605704945375 2.09207726668192
"771" 763 1.37357881998923 4.16244249936054 2.09265892991007
"772" 764 1.3737590972245 4.16450892954006 2.09324001543874
"773" 765 1.37392989835025 4.16672192351297 2.09382052459667
"774" 766 1.37408585737672 4.16892808029465 2.09440045870795
"775" 767 1.37423932632744 4.17129092842836 2.09497981909169
"776" 768 1.37440059034743 4.17369615994272 2.09555860706252
"777" 769 1.37455620394935 4.17592920691953 2.09613682393008
"778" 770 1.37474831868906 4.17813397421668 2.09671447099956
"779" 771 1.37492410309744 4.18023715479007 2.0972915495713
"780" 772 1.37509415850283 4.18225888372566 2.0978680609411
"781" 773 1.37526098257416 4.18443885647652 2.09844400640008
"782" 774 1.37542087834962 4.18653867410106 2.09901938723472
"783" 775 1.37559824347974 4.18869070732096 2.09959420472699
"784" 776 1.37577894543799 4.19091626510828 2.10016846015431
"785" 777 1.37595168653861 4.19312386175727 2.10074215478948
"786" 778 1.3761228062829 4.19523855134298 2.10131528990089
"787" 779 1.37629200871988 4.19741645327748 2.10188786675229
"788" 780 1.37645922651601 4.19966325577918 2.10245988660309
"789" 781 1.37661417539068 4.20190579353793 2.10303135070816
"790" 782 1.37677919324929 4.20375555053699 2.10360226031804
"791" 783 1.37694407747797 4.20589635119858 2.10417261667877
"792" 784 1.37711570844646 4.20830100842262 2.10474242103205
"793" 785 1.37729308033247 4.21066906261923 2.10531167461516
"794" 786 1.37746162262998 4.21285149400472 2.10588037866113
"795" 787 1.37763603120822 4.21491827430206 2.1064485343986
"796" 788 1.37778559300409 4.21720741266138 2.10701614305185
"797" 789 1.37792890690081 4.21938972536947 2.10758320584103
"798" 790 1.37809217292412 4.22156311287742 2.10814972398185
"799" 791 1.3782681437035 4.22369081267196 2.10871569868598
"800" 792 1.37842920092068 4.22580594121522 2.10928113116063
"801" 793 1.37858962037308 4.22801018493189 2.10984602260898
"802" 794 1.3787536800188 4.23019852177984 2.11041037423004
"803" 795 1.37891275002789 4.23230471645026 2.11097418721849
"804" 796 1.37909682807525 4.23459167994514 2.11153746276504
"805" 797 1.37924911055431 4.23671181410077 2.1121002020562
"806" 798 1.37943188977298 4.23862353297651 2.11266240627437
"807" 799 1.37960869997172 4.24069878862228 2.11322407659792
"808" 800 1.37977028016244 4.24269430088047 2.11378521420101
"809" 801 1.37993696245459 4.24485875927451 2.11434582025397
"810" 802 1.38010512051756 4.24676086988418 2.11490589592294
"811" 803 1.3802522218676 4.24894111839697 2.11546544237007
"812" 804 1.38042193721801 4.25115553510125 2.11602446075362
"813" 805 1.38058964813735 4.25341098542124 2.11658295222776
"814" 806 1.38073382225427 4.25557648825976 2.11714091794275
"815" 807 1.38087826985239 4.25778142226176 2.11769835904497
"816" 808 1.38107306246435 4.25984815903516 2.11825527667679
"817" 809 1.38122184924603 4.26190692579725 2.11881167197674
"818" 810 1.38138569354261 4.26410662085694 2.11936754607949
"819" 811 1.38155324320026 4.26640191220542 2.11992290011579
"820" 812 1.38171639525924 4.26878157557682 2.12047773521254
"821" 813 1.38188792842757 4.27103367667271 2.12103205249289
"822" 814 1.38204098643794 4.27310524631355 2.12158585307613
"823" 815 1.38220670038673 4.27517628399672 2.12213913807774
"824" 816 1.38236723741925 4.27736722384806 2.12269190860949
"825" 817 1.38253343048399 4.27945105559841 2.12324416577935
"826" 818 1.38269246345511 4.28169540277678 2.12379591069154
"827" 819 1.38284552362638 4.28399198166868 2.12434714444655
"828" 820 1.3829930229598 4.28617674059625 2.12489786814128
"829" 821 1.38315724880609 4.28828551650669 2.12544808286877
"830" 822 1.38333193361726 4.29021371617993 2.12599778971855
"831" 823 1.38349115508247 4.29202175360552 2.12654698977633
"832" 824 1.38363766947904 4.29400551887203 2.12709568412435
"833" 825 1.38379560484815 4.29590304264232 2.12764387384111
"834" 826 1.383939403108 4.29788598091331 2.12819156000156
"835" 827 1.38410820249791 4.30009734378473 2.12873874367707
"836" 828 1.38426280361796 4.30221819459881 2.12928542593535
"837" 829 1.38443017089314 4.30434738973655 2.1298316078407
"838" 830 1.38459435497486 4.30636276814447 2.13037729045381
"839" 831 1.38474821236653 4.30835331443293 2.13092247483176
"840" 832 1.38490844539641 4.31037011065255 2.13146716202827
"841" 833 1.3850871783246 4.31261668786161 2.13201135309349
"842" 834 1.3852431699742 4.31469955179988 2.13255504907412
"843" 835 1.38540770076197 4.31671500541141 2.13309825101333
"844" 836 1.38561955027761 4.31884334376426 2.13364095995094
"845" 837 1.38579015303011 4.32096933532237 2.13418317692333
"846" 838 1.38594236126917 4.32312115347372 2.13472490296342
"847" 839 1.38609132511219 4.32505655269776 2.13526613910069
"848" 840 1.38627182894126 4.32712131297822 2.13580688636139
"849" 841 1.3864333904541 4.32918443452166 2.13634714576827
"850" 842 1.38656562050865 4.33122810288336 2.1368869183408
"851" 843 1.38672772389228 4.33331232272309 2.137426205095
"852" 844 1.3868782701157 4.33532830796782 2.13796500704377
"853" 845 1.38702693576414 4.33735972812934 2.13850332519646
"854" 846 1.38717785044215 4.33937289590322 2.1390411605593
"855" 847 1.3873482831935 4.34139316836238 2.13957851413515
"856" 848 1.38751322902755 4.34347879905312 2.14011538692369
"857" 849 1.38769596192978 4.34567643483379 2.1406517799213
"858" 850 1.38785758606393 4.34774987417457 2.14118769412111
"859" 851 1.38802192028617 4.34986839755614 2.14172313051302
"860" 852 1.3881689070311 4.35198414184516 2.14225809008377
"861" 853 1.38833178200913 4.35417356290612 2.14279257381688
"862" 854 1.38848700993894 4.35629173223067 2.14332658269272
"863" 855 1.38864912577927 4.35836023936388 2.14386011768846
"864" 856 1.38881191015264 4.36042456623349 2.14439317977812
"865" 857 1.38897589333696 4.36253599784693 2.14492576993258
"866" 858 1.38913858710151 4.36463026689508 2.14545788911967
"867" 859 1.38929842174426 4.36664045781737 2.14598953830396
"868" 860 1.38943999377432 4.36866005620267 2.14652071844707
"869" 861 1.38958247162134 4.37067531747127 2.1470514305075
"870" 862 1.38972874723643 4.37267633702859 2.14758167544063
"871" 863 1.38989533860211 4.37468351969464 2.14811145419881
"872" 864 1.3900622115217 4.37668853278896 2.14864076773142
"873" 865 1.39019726747266 4.37855986263593 2.14916961698462
"874" 866 1.39033928221933 4.38042067626592 2.14969800290179
"875" 867 1.39050176077122 4.38245097265864 2.15022592642316
"876" 868 1.39067935117384 4.38450384871778 2.15075338848599
"877" 869 1.39081388451 4.38659691795319 2.15128039002462
"878" 870 1.39096245707552 4.38885754507544 2.15180693197036
"879" 871 1.39111396247873 4.39084041278897 2.15233301525156
"880" 872 1.39126303610437 4.39286141386353 2.15285864079373
"881" 873 1.39142583933703 4.39500382701108 2.15338380951936
"882" 874 1.39159670985784 4.39686892852068 2.153908522348
"883" 875 1.39175109735603 4.39868111328112 2.15443278019646
"884" 876 1.39191212635833 4.40090652755889 2.1549565839785
"885" 877 1.39206890384811 4.40303907309288 2.15547993460506
"886" 878 1.39220471519055 4.40514688539316 2.15600283298423
"887" 879 1.39233716207276 4.40730622064176 2.15652528002126
"888" 880 1.39246454413866 4.40938014115701 2.15704727661844
"889" 881 1.39263966045443 4.41153742293604 2.15756882367544
"890" 882 1.39279812608809 4.41361961810447 2.15808992208896
"891" 883 1.39296258946978 4.41579822088592 2.15861057275292
"892" 884 1.39308702196361 4.41770347600086 2.15913077655847
"893" 885 1.39324820411243 4.41943085866278 2.15965053439402
"894" 886 1.39342042968706 4.42145361000638 2.1601698471452
"895" 887 1.39358213011325 4.42345604014174 2.16068871569477
"896" 888 1.39373416277549 4.42530339684275 2.16120714092287
"897" 889 1.39388928732101 4.42724962056567 2.16172512370685
"898" 890 1.39402168173922 4.42920875552185 2.16224266492141
"899" 891 1.39417786300894 4.43134252218868 2.1627597654385
"900" 892 1.39433051464794 4.43348959438426 2.16327642612725
"901" 893 1.39447480467665 4.4356354249472 2.16379264785435
"902" 894 1.39463949980871 4.4376705727207 2.16430843148365
"903" 895 1.39481059597897 4.43965214876605 2.16482377787628
"904" 896 1.39496502570561 4.44162690063523 2.1653386878909
"905" 897 1.3951050948827 4.44358061920043 2.16585316238333
"906" 898 1.3952520892 4.44533026838401 2.16636720220701
"907" 899 1.3954144999812 4.447300732289 2.16688080821245
"908" 900 1.39557625929195 4.44922012398731 2.16739398124785
"909" 901 1.39573755234025 4.45129524109818 2.16790672215856
"910" 902 1.39588324609499 4.45343217695821 2.16841903178756
"911" 903 1.39602745730202 4.45544353950177 2.16893091097506
"912" 904 1.39618566420509 4.45737446215904 2.16944236055886
"913" 905 1.3963259055289 4.45918395912054 2.1699533813741
"914" 906 1.39649092860337 4.46128137582833 2.17046397425343
"915" 907 1.39665149673226 4.4633041009296 2.17097414002696
"916" 908 1.39680232920705 4.46538919622098 2.17148387952222
"917" 909 1.39693353235533 4.46773493833432 2.17199319356438
"918" 910 1.39707461117023 4.46985002258727 2.17250208297593
"919" 911 1.39722074016673 4.47203048951222 2.17301054857693
"920" 912 1.39737783012543 4.4740939049995 2.17351859118502
"921" 913 1.39750878882805 4.47602274815241 2.17402621161523
"922" 914 1.39766472536982 4.47802129223906 2.17453341068033
"923" 915 1.39779286701118 4.47995436954143 2.17504018919045
"924" 916 1.39796852375479 4.48188583114766 2.17554654795341
"925" 917 1.39810032009035 4.48381610230692 2.17605248777447
"926" 918 1.39826565587571 4.48574518505033 2.17655800945662
"927" 919 1.39841607221333 4.48796978343548 2.17706311380028
"928" 920 1.39854243113304 4.490225277762 2.17756780160363
"929" 921 1.398696470558 4.49210627450877 2.17807207366231
"930" 922 1.39883012081678 4.49408675708727 2.17857593076967
"931" 923 1.39896685816132 4.49580924798583 2.1790793737167
"932" 924 1.39909545383389 4.49766640567283 2.17958240329188
"933" 925 1.39921321821436 4.49971384011179 2.18008502028159
"934" 926 1.39934670806729 4.50178765137882 2.18058722546962
"935" 927 1.39949809507084 4.5038423478322 2.18108901963755
"936" 928 1.39963129276383 4.50588746658327 2.18159040356465
"937" 929 1.39978849370866 4.50779817916768 2.18209137802783
"938" 930 1.39994284602498 4.50983568081026 2.18259194380164
"939" 931 1.40008849201035 4.51172392623251 2.18309210165851
"940" 932 1.40024481367574 4.5136205890526 2.18359185236839
"941" 933 1.40038642897679 4.5155316770364 2.18409119669904
"942" 934 1.40053481979933 4.51761872973601 2.18459013541597
"943" 935 1.40066626482144 4.51951225073753 2.18508866928239
"944" 936 1.40079337181075 4.52155795769582 2.18558679905923
"945" 937 1.40091927885133 4.52353639534576 2.18608452550535
"946" 938 1.40106732706017 4.52538826627896 2.18658184937709
"947" 939 1.40119606559314 4.52741095738146 2.18707877142884
"948" 940 1.40136530701288 4.52947775172602 2.18757529241265
"949" 941 1.40150985999888 4.53149958695817 2.18807141307832
"950" 942 1.40165333784813 4.53347976673903 2.18856713417355
"951" 943 1.40180218618598 4.53563311647145 2.18906245644375
"952" 944 1.4019405417385 4.53778045503057 2.18955738063232
"953" 945 1.4020821580314 4.53982168973307 2.19005190748033
"954" 946 1.40223296820871 4.5418628853887 2.1905460377267
"955" 947 1.40236735308987 4.54384044203272 2.19103977210824
"956" 948 1.40250391372615 4.54581814883624 2.19153311135965
"957" 949 1.40267160221098 4.54781209339318 2.19202605621345
"958" 950 1.40282078355581 4.54993024279661 2.1925186074
"959" 951 1.40298676167883 4.55204610342709 2.1930107656476
"960" 952 1.40311156325687 4.55403120873853 2.19350253168244
"961" 953 1.40326182365238 4.55599920354821 2.19399390622852
"962" 954 1.40341257834611 4.55790151889617 2.19448489000781
"963" 955 1.40356068055248 4.55986816022371 2.19497548374024
"964" 956 1.40371437795718 4.56181529679355 2.19546568814356
"965" 957 1.403854624188 4.56385513670942 2.19595550393348
"966" 958 1.40402298047772 4.56585832955309 2.1964449318238
"967" 959 1.40416465532646 4.56793056367869 2.19693397252595
"968" 960 1.40431785819178 4.56987900573849 2.19742262674967
"969" 961 1.40445518286684 4.57168681959305 2.19791089520238
"970" 962 1.40460207701227 4.57349150561532 2.19839877858962
"971" 963 1.40474412501988 4.5753348071022 2.19888627761486
"972" 964 1.40488546897971 4.5771744737189 2.19937339297958
"973" 965 1.40503505103386 4.57919286993583 2.19986012538318
"974" 966 1.40516767801564 4.58115190253347 2.20034647552319
"975" 967 1.40531043639059 4.58310150235188 2.2008324440951
"976" 968 1.4054578864865 4.58500920745782 2.20131803179234
"977" 969 1.40558309442886 4.58693973852805 2.2018032393064
"978" 970 1.4057310923054 4.58886917607554 2.20228806732688
"979" 971 1.40589885524156 4.59081480256153 2.20277251654129
"980" 972 1.40605499558157 4.59275139651387 2.20325658763541
"981" 973 1.40617664649039 4.59463092806255 2.20374028129277
"982" 974 1.40631481179917 4.59659667397594 2.20422359819515
"983" 975 1.4064316385423 4.59857208759437 2.20470653902244
"984" 976 1.40658649682917 4.60043474551854 2.2051891044525
"985" 977 1.40673430302211 4.60231408556943 2.20567129516132
"986" 978 1.40686487979293 4.60423065862483 2.20615311182292
"987" 979 1.40700976754262 4.60602016011143 2.20663455510955
"988" 980 1.4071628016017 4.60777912927963 2.20711562569147
"989" 981 1.40729891903601 4.60986652312705 2.20759632423704
"990" 982 1.40742774261877 4.61188591400347 2.20807665141283
"991" 983 1.40758378744489 4.61380646581134 2.20855660788341
"992" 984 1.40769996189806 4.6157160395634 2.2090361943116
"993" 985 1.40782619908026 4.6176221218915 2.2095154113584
"994" 986 1.40797823086453 4.61952713828613 2.20999425968278
"995" 987 1.40809307279541 4.62143109042363 2.21047273994199
"996" 988 1.40823066566467 4.62332938837596 2.21095085279148
"997" 989 1.40837316705396 4.62524347236079 2.2114285988848
"998" 990 1.40851147868258 4.62714960860476 2.2119059788736
"999" 991 1.40863701864547 4.62905468706928 2.21238299340796
"1000" 992 1.4087883421981 4.63101963553037 2.21285964313586
"1001" 993 1.40892875055309 4.6330121158017 2.21333592870377
"1002" 994 1.40905188326046 4.63499892179925 2.21381185075605
"1003" 995 1.40918465477763 4.63699246638848 2.21428740993558
"1004" 996 1.40931660409131 4.6389743779652 2.21476260688318
"1005" 997 1.40944699522638 4.64095524111656 2.21523744223815
"1006" 998 1.40957872301969 4.64291638043429 2.2157119166379
"1007" 999 1.40970810235866 4.64491723409095 2.216186030718
"1008" 1000 1.40984147023446 4.64676935632163 2.21665978511243
