"T" "IC_low" "IC_up" "x_ML"
"1" 1.1 0.678502504068976 0.690966570615293 0.683657166630009
"2" 1.2 0.685765887208614 0.702894422170746 0.692858830839783
"3" 1.3 0.692526007266733 0.713874323092751 0.701376598295269
"4" 1.4 0.698843693184255 0.724062398856427 0.709308421324152
"5" 1.5 0.704775442411404 0.733570496875354 0.716732403145831
"6" 1.6 0.710367909353463 0.742477435317469 0.723711847357379
"7" 1.7 0.715649600466492 0.750849474954486 0.730298793208646
"8" 1.8 0.720652493749098 0.758750225823052 0.736536551732702
"9" 1.9 0.725423008979449 0.766247867451927 0.742461564093327
"10" 2 0.729962880364457 0.773371097693345 0.748104788898192
"11" 3 0.766553349281611 0.830338310759259 0.793483969453785
"12" 4 0.793118697933329 0.871685103851715 0.82652608446783
"13" 5 0.81399338413386 0.904515607315033 0.852649766068387
"14" 6 0.831159545143462 0.93194749600438 0.874320476484962
"15" 7 0.845700530748477 0.9555548404385 0.892874819861988
"16" 8 0.858397365945574 0.97661375342319 0.90912118858953
"17" 9 0.869604762802108 0.995527133289133 0.923586835555922
"18" 10 0.879629785428281 1.01275109891478 0.936635248210288
"19" 11 0.888667276997996 1.02853762479514 0.948527901738784
"20" 12 0.897034157327747 1.04331449540326 0.959459336619524
"21" 13 0.904598982150366 1.05706908919202 0.969578312724957
"22" 14 0.911678960822962 1.07001615987256 0.979001195906641
"23" 15 0.918247489869972 1.08224996026197 0.987820771582233
"24" 16 0.924395511225145 1.09374791061254 0.996112243446773
"25" 17 0.930185419514471 1.10482130833268 1.00393743332488
"26" 18 0.935590104235949 1.11548143789824 1.01134779405453
"27" 19 0.940716477817373 1.1255345640373 1.01838661717513
"28" 20 0.945595903689089 1.13516904404978 1.02509068103417
"29" 21 0.950209996905267 1.14442722383977 1.03149150163027
"30" 22 0.954651395882178 1.15328521329904 1.03761629603879
"31" 23 0.958865318197014 1.16191059216405 1.04348873434357
"32" 24 0.96292270112833 1.17040953179195 1.04912953355439
"33" 25 0.966815536523901 1.17849209632321 1.05455693182925
"34" 26 0.970540236234557 1.18640499734289 1.05978707088481
"35" 27 0.974124617633624 1.19408377728269 1.06483430717337
"36" 28 0.977559901184019 1.20158559165936 1.06971146720936
"37" 29 0.98089321352953 1.20876527285171 1.07443005868225
"38" 30 0.984093372118402 1.21583437469016 1.07900044625445
"39" 31 0.987205618731139 1.22270702167532 1.08343199891855
"40" 32 0.990197198596498 1.22937276164764 1.08773321427364
"41" 33 0.993110872867702 1.23596494545026 1.09191182393619
"42" 34 0.995941782465642 1.24231217370798 1.09597488342816
"43" 35 0.998658398714467 1.24846705473339 1.09992884921255
"44" 36 1.00135228551125 1.25474435852868 1.10377964502511
"45" 37 1.00393808901163 1.26070156417076 1.10753271924248
"46" 38 1.0064538910975 1.26634806727241 1.11119309470503
"47" 39 1.00890336285375 1.27205848140531 1.11476541215746
"48" 40 1.01127550215656 1.27757414342048 1.11825396826564
"49" 41 1.01363931186676 1.28305940532996 1.12166274900445
"50" 42 1.01595591957126 1.28841447757116 1.12499545907829
"51" 43 1.01814964869839 1.29372694131984 1.12825554792803
"52" 44 1.02030976494719 1.29893006620626 1.13144623278997
"53" 45 1.02241724064038 1.30394323272692 1.13457051919986
"54" 46 1.02449185581306 1.3088684381295 1.13763121927493
"55" 47 1.02647889187027 1.31389112737172 1.14063096805751
"56" 48 1.02842822757802 1.31876446185569 1.14357223816225
"57" 49 1.03035731614179 1.32346416177102 1.1464573529344
"58" 50 1.03228084874072 1.32822318231503 1.14928849829753
"59" 51 1.03410161233081 1.33284351900838 1.15206773344474
"60" 52 1.03593102526273 1.33744192297928 1.15479700050637
"61" 53 1.03771050082531 1.34197722984177 1.15747813330995
"62" 54 1.03946708314595 1.34643312391473 1.16011286533303
"63" 55 1.04116806120843 1.35088849869821 1.16270283693663
"64" 56 1.04288747376722 1.35524336908682 1.16524960195623
"65" 57 1.04453017447884 1.35958931088879 1.1677546337178
"66" 58 1.04617714959747 1.36386527954811 1.17021933053799
"67" 59 1.04779909671031 1.36792536825639 1.172645020761
"68" 60 1.04939068628715 1.37196458575792 1.17503296737809
"69" 61 1.05095103950502 1.3760397592138 1.17738437227079
"70" 62 1.05245635210622 1.38008171752067 1.17970038011405
"71" 63 1.05398012883762 1.38399073935202 1.1819820819715
"72" 64 1.05544056132248 1.38785576329424 1.18423051861179
"73" 65 1.05689697376668 1.3916240009476 1.18644668357136
"74" 66 1.05832860506517 1.39541631123744 1.18863152598684
"75" 67 1.05972327030583 1.39910129905885 1.19078595321756
"76" 68 1.06110325514367 1.40294576750124 1.19291083327646
"77" 69 1.06248025448407 1.40660726931275 1.19500699708621
"78" 70 1.06382297413604 1.41029695683505 1.1970752405753
"79" 71 1.0651424168705 1.41391634437498 1.19911632662759
"80" 72 1.06643727158099 1.41750238241959 1.20113098689751
"81" 73 1.06772810929058 1.42098068702861 1.20311992350185
"82" 74 1.06897781931862 1.42459132336705 1.20508381059812
"83" 75 1.07022492577865 1.4280712609852 1.2070232958585
"84" 76 1.07146064902377 1.43147652607285 1.20893900184762
"85" 77 1.07266344662804 1.43486791144529 1.21083152731148
"86" 78 1.07385279062882 1.4382464743955 1.21270144838457
"87" 79 1.07505014821682 1.44161597380955 1.21454931972102
"88" 80 1.07623361538096 1.44482516777624 1.21637567555585
"89" 81 1.07739477829973 1.44812244044656 1.21818103070103
"90" 82 1.07855396653854 1.45125923465288 1.21996588148149
"91" 83 1.0796664606799 1.4544430074857 1.22173070661514
"92" 84 1.08076776286842 1.45773323453158 1.22347596804097
"93" 85 1.08186698810685 1.46081911656263 1.22520211169885
"94" 86 1.08296227239217 1.4638793514655 1.2269095682644
"95" 87 1.08404967675566 1.46691425660969 1.228598753842
"96" 88 1.0851158831572 1.47002117786248 1.23027007061874
"97" 89 1.08616270219422 1.47317485294117 1.231923907482
"98" 90 1.08719287577353 1.4762661983286 1.23356064060303
"99" 91 1.08823398994494 1.47926399790077 1.23518063398869
"100" 92 1.08923798047455 1.48225325953459 1.23678424000354
"101" 93 1.09023023483423 1.48535703725797 1.23837179986414
"102" 94 1.091222949581 1.48848812774898 1.23994364410719
"103" 95 1.09221191373939 1.49142535399191 1.2415000930334
"104" 96 1.09317320926623 1.49438601997541 1.24304145712835
"105" 97 1.09412541651919 1.49717037119898 1.24456803746189
"106" 98 1.09507575043779 1.50005634306458 1.24608012606741
"107" 99 1.0960141189616 1.50281556431499 1.24757800630205
"108" 100 1.09696451789582 1.50557070695757 1.24906195318915
"109" 101 1.0978792561448 1.5082307020339 1.25053223374384
"110" 102 1.09878111130794 1.51101640534539 1.25198910728289
"111" 103 1.09971646514472 1.51373980526645 1.2534328257196
"112" 104 1.10062872614767 1.51648760496485 1.25486363384475
"113" 105 1.10152702975384 1.51922005569443 1.25628176959416
"114" 106 1.10239934691559 1.52186211352394 1.2576874643039
"115" 107 1.10327810477165 1.52451017590331 1.25908094295359
"116" 108 1.10415224894826 1.5272673855573 1.26046242439859
"117" 109 1.10499870888289 1.5299305156506 1.26183212159165
"118" 110 1.1058730740496 1.53250751618663 1.26319024179458
"119" 111 1.10672915653077 1.53513441349357 1.26453698678048
"120" 112 1.10755985246408 1.53774450302425 1.26587255302701
"121" 113 1.10837018268633 1.5403087400271 1.26719713190125
"122" 114 1.10916566983519 1.54281719653755 1.26851090983649
"123" 115 1.10996344334947 1.54530065576883 1.26981406850144
"124" 116 1.11078386523975 1.54785473477456 1.27110678496217
"125" 117 1.11157084293998 1.55027644910391 1.27238923183728
"126" 118 1.11237553906088 1.55273098963279 1.27366157744654
"127" 119 1.11313260850412 1.55524056467868 1.27492398595326
"128" 120 1.11390831943664 1.55770498733978 1.27617661750094
"129" 121 1.11466884343261 1.56005370698131 1.2774196283442
"130" 122 1.11541136959508 1.56246640358634 1.27865317097451
"131" 123 1.11615371854376 1.56495059903243 1.27987739424076
"132" 124 1.11690462254558 1.56736657617841 1.28109244346511
"133" 125 1.11764236395231 1.56972504091491 1.28229846055419
"134" 126 1.11841729479938 1.5720398812988 1.28349558410596
"135" 127 1.11915173984969 1.57441009453336 1.28468394951245
"136" 128 1.1198718869008 1.57677874267699 1.28586368905841
"137" 129 1.12057988708041 1.57921260851022 1.28703493201635
"138" 130 1.12129719473699 1.58144041337501 1.28819780473779
"139" 131 1.12201120492233 1.58381839418817 1.28935243074119
"140" 132 1.12270736219783 1.58621728058571 1.29049893079654
"141" 133 1.12339320754723 1.58837541925731 1.29163742300678
"142" 134 1.12406369209748 1.59062507052272 1.29276802288627
"143" 135 1.12473760725837 1.5928074557774 1.29389084343634
"144" 136 1.12544124767538 1.59507170770365 1.2950059952181
"145" 137 1.12611799820668 1.59720525646574 1.29611358642266
"146" 138 1.12680567004605 1.5995126253689 1.2972137229388
"147" 139 1.12745969894073 1.60179414508717 1.29830650841821
"148" 140 1.12813620365269 1.60398761825766 1.29939204433849
"149" 141 1.12879744849015 1.60599784932114 1.30047043006387
"150" 142 1.12944257479502 1.60808288264956 1.30154176290391
"151" 143 1.13009931305095 1.61036634088147 1.30260613817003
"152" 144 1.13074110947959 1.6124671285216 1.30366364923026
"153" 145 1.13138280975028 1.61459525718208 1.30471438756199
"154" 146 1.13200517953389 1.61669022016408 1.30575844280302
"155" 147 1.13264675180653 1.61886953358238 1.30679590280084
"156" 148 1.13325900144479 1.62091445445435 1.30782685366032
"157" 149 1.13387547365441 1.62298293825753 1.30885137978972
"158" 150 1.13451044879234 1.62497980020439 1.30986956394533
"159" 151 1.13511265306664 1.62705138067349 1.31088148727449
"160" 152 1.13570650091692 1.62914061894815 1.31188722935736
"161" 153 1.13631303195071 1.63116318738371 1.31288686824718
"162" 154 1.13692603939628 1.63318506391947 1.31388048050943
"163" 155 1.1375148261134 1.6351352506807 1.31486814125953
"164" 156 1.1381133997984 1.63702527723945 1.31584992419955
"165" 157 1.13868137854783 1.6390724346849 1.31682590165359
"166" 158 1.139276479786 1.64097170690977 1.31779614460218
"167" 159 1.13983852817695 1.64287684168386 1.31876072271554
"168" 160 1.14041085468416 1.64473248698791 1.31971970438584
"169" 161 1.14096844417001 1.6467796871153 1.32067315675846
"170" 162 1.14154546641893 1.64880322704934 1.32162114576231
"171" 163 1.14213649855581 1.65080625441389 1.3225637361392
"172" 164 1.14269561619119 1.65277729769809 1.32350099147237
"173" 165 1.1432458615366 1.65453182863601 1.32443297421413
"174" 166 1.14380644243164 1.65646763447336 1.32535974571268
"175" 167 1.1443488512892 1.65846062755776 1.32628136623817
"176" 168 1.14489234986834 1.66044450438865 1.32719789500796
"177" 169 1.14545278391159 1.66229381111788 1.32810939021112
"178" 170 1.14598579359308 1.66416480441033 1.32901590903229
"179" 171 1.14652392525425 1.66596067777359 1.32991750767479
"180" 172 1.14706844949903 1.66781986080777 1.3308142413831
"181" 173 1.14759879386618 1.66958420834327 1.33170616446464
"182" 174 1.14811877821588 1.6713707262796 1.33259333031103
"183" 175 1.14865072296601 1.67313119998377 1.33347579141867
"184" 176 1.14916764804432 1.67488661922418 1.33435359940876
"185" 177 1.14967451357267 1.67663186629515 1.33522680504677
"186" 178 1.15018768485702 1.67842769342302 1.33609545826138
"187" 179 1.15069437983164 1.68017713810832 1.33695960816287
"188" 180 1.15122491260711 1.68191654305184 1.33781930306104
"189" 181 1.15172627966767 1.68362450881001 1.3386745904826
"190" 182 1.152231243292 1.68532056127321 1.33952551718812
"191" 183 1.1527297419518 1.68695137784449 1.3403721291885
"192" 184 1.1532569283601 1.68864524857105 1.34121447176105
"193" 185 1.15377286040549 1.69043403728646 1.34205258946502
"194" 186 1.15428030151695 1.69234176518216 1.34288652615689
"195" 187 1.15477652809319 1.69402712245367 1.34371632500511
"196" 188 1.15525438101274 1.69576484928639 1.34454202850451
"197" 189 1.15573548465728 1.69758080139824 1.34536367849033
"198" 190 1.15621127502539 1.69917089254249 1.34618131615191
"199" 191 1.15670172779017 1.70084762357985 1.34699498204598
"200" 192 1.15717695308323 1.70253759168857 1.34780471610962
"201" 193 1.15766436716082 1.70432246743121 1.34861055767293
"202" 194 1.15814943840668 1.70597638851674 1.34941254547131
"203" 195 1.1586234388999 1.70767093629585 1.3502107176575
"204" 196 1.15907105979343 1.70929355050806 1.35100511181324
"205" 197 1.15955181464462 1.71087269212189 1.3517957649607
"206" 198 1.16003060175513 1.71246108170662 1.35258271357362
"207" 199 1.1605092969696 1.71422112513287 1.35336599358813
"208" 200 1.16095757831968 1.7158644319647 1.35414564041333
"209" 201 1.16140250061275 1.71754559832158 1.35492168894165
"210" 202 1.16186054456631 1.71918885202188 1.35569417355883
"211" 203 1.16230238293066 1.72087617171726 1.35646312815387
"212" 204 1.16275754183379 1.72252021756639 1.35722858612847
"213" 205 1.16321355876833 1.7241627018013 1.35799058040652
"214" 206 1.16366479140282 1.72578202472097 1.35874914344313
"215" 207 1.16412174084935 1.72735430757531 1.35950430723358
"216" 208 1.16456111618847 1.72895352771927 1.36025610332203
"217" 209 1.16502548141179 1.73065769659081 1.36100456280999
"218" 210 1.16545705666349 1.73227155951662 1.36174971636464
"219" 211 1.16590131760035 1.73385690937867 1.36249159422691
"220" 212 1.16632486634525 1.73539094148182 1.36323022621941
"221" 213 1.16675993750447 1.73696965017093 1.36396564175412
"222" 214 1.16718326302271 1.73848739028394 1.36469786984001
"223" 215 1.16759548360018 1.74008918946304 1.36542693909034
"224" 216 1.16802288074018 1.74161181941521 1.36615287772993
"225" 217 1.16844428413023 1.7431426174861 1.36687571360217
"226" 218 1.16884896035078 1.74470016083611 1.36759547417589
"227" 219 1.16926956047645 1.74631225733725 1.36831218655215
"228" 220 1.16967081723127 1.74783640413443 1.36902587747076
"229" 221 1.17010202558328 1.74926314955383 1.36973657331674
"230" 222 1.17049518268819 1.75071954339332 1.37044430012659
"231" 223 1.17089459669035 1.75213391690556 1.37114908359447
"232" 224 1.17128682204351 1.7536431578844 1.37185094907816
"233" 225 1.17169534226056 1.75524125700109 1.37254992160501
"234" 226 1.17209869092525 1.75682533636058 1.37324602587765
"235" 227 1.17249584527111 1.75830681034583 1.37393928627962
"236" 228 1.1729161209044 1.75988989029765 1.37462972688088
"237" 229 1.17331544575922 1.76146583252409 1.37531737144321
"238" 230 1.17371556411233 1.76286785681465 1.37600224342548
"239" 231 1.174115870619 1.76428814209551 1.37668436598878
"240" 232 1.17451515369043 1.76583798389237 1.3773637620015
"241" 233 1.1749028046153 1.76733109406927 1.37804045404428
"242" 234 1.17529693648915 1.76881986998383 1.37871446441482
"243" 235 1.17568302805972 1.77030488889319 1.37938581513261
"244" 236 1.17607319828044 1.77168084559885 1.38005452794363
"245" 237 1.17647121313186 1.77305551624234 1.38072062432481
"246" 238 1.17686163338628 1.77447217416512 1.38138412548852
"247" 239 1.17723232990565 1.77587652898872 1.38204505238694
"248" 240 1.17761272966854 1.77733337707513 1.38270342571628
"249" 241 1.17798437328548 1.77882324795888 1.383359265921
"250" 242 1.17835743098252 1.78029591091153 1.38401259319787
"251" 243 1.17873349845926 1.78168623642232 1.38466342750001
"252" 244 1.17911969459733 1.78319098511175 1.38531178854078
"253" 245 1.17949561385147 1.78469857084524 1.38595769579768
"254" 246 1.17987277978832 1.78605383884481 1.38660116851608
"255" 247 1.1802355067699 1.78747190642741 1.38724222571293
"256" 248 1.18060005590779 1.78884273202712 1.38788088618039
"257" 249 1.1809622747373 1.79020441645252 1.38851716848936
"258" 250 1.18133068490179 1.79156426200405 1.38915109099301
"259" 251 1.18169484056706 1.79296293430123 1.38978267183013
"260" 252 1.18205485302417 1.79428909855724 1.39041192892851
"261" 253 1.18240817446762 1.79568716936969 1.39103888000823
"262" 254 1.18276922840483 1.79716226612065 1.39166354258485
"263" 255 1.1831264206642 1.79841111584947 1.39228593397258
"264" 256 1.1834881061702 1.79985067133153 1.39290607128739
"265" 257 1.18385343993058 1.80120317309157 1.39352397144999
"266" 258 1.18421029633676 1.8025277257124 1.39413965118886
"267" 259 1.18457185313895 1.80383032695995 1.39475312704318
"268" 260 1.18493257085874 1.80514332371409 1.39536441536561
"269" 261 1.1852951224133 1.80650780140444 1.3959735323252
"270" 262 1.18563266586649 1.80785105280108 1.39658049391009
"271" 263 1.1859866920288 1.8091861810835 1.39718531593023
"272" 264 1.18632549047043 1.81041346780097 1.39778801402002
"273" 265 1.18665761251951 1.81172664207796 1.39838860364096
"274" 266 1.1870046326704 1.81315877507618 1.39898710008413
"275" 267 1.18735341020519 1.81454090338538 1.39958351847279
"276" 268 1.18767695057102 1.81582108105409 1.40017787376478
"277" 269 1.18802228906165 1.81719456822399 1.40077018075494
"278" 270 1.18836393672601 1.81853044256003 1.40136045407754
"279" 271 1.18869384944119 1.8198913370164 1.40194870820855
"280" 272 1.18902652588014 1.82128382249786 1.40253495746794
"281" 273 1.18936179398004 1.82257155636529 1.40311921602197
"282" 274 1.18971763417297 1.82385593177658 1.40370149788532
"283" 275 1.19005686740657 1.82513876818274 1.40428181692336
"284" 276 1.19039265217397 1.82655155110934 1.40486018685416
"285" 277 1.19072130721914 1.82785882637996 1.40543662125069
"286" 278 1.19103719981828 1.82916394117392 1.4060111335428
"287" 279 1.1913687367449 1.83045403662438 1.40658373701926
"288" 280 1.19168638006087 1.83176417299996 1.40715444482976
"289" 281 1.19201034722966 1.83298738473166 1.40772326998683
"290" 282 1.19232071959001 1.83416242713108 1.40829022536775
"291" 283 1.19265471098052 1.8355461486091 1.40885532371646
"292" 284 1.19297227186146 1.83685788059729 1.40941857764539
"293" 285 1.19328566746476 1.83800598725391 1.40997999963726
"294" 286 1.19359941354014 1.83927949514775 1.41053960204688
"295" 287 1.19390695429673 1.84060163964375 1.41109739710291
"296" 288 1.19421729015578 1.8418766459702 1.41165339690955
"297" 289 1.19452540836365 1.84323208629386 1.41220761344828
"298" 290 1.19483416785805 1.8444818540116 1.41276005857949
"299" 291 1.19514134866897 1.84572377609623 1.41331074404412
"300" 292 1.19544798151037 1.84696506450721 1.41385968146528
"301" 293 1.19577038769751 1.84820205893001 1.41440688234983
"302" 294 1.19607156249481 1.84934638954566 1.41495235808992
"303" 295 1.19639178999095 1.85055855947787 1.41549611996453
"304" 296 1.19670579950228 1.85170295319487 1.416038179141
"305" 297 1.19701777360053 1.85283574169204 1.41657854667644
"306" 298 1.19731019242322 1.85407437239998 1.41711723351926
"307" 299 1.19762015073347 1.85529413488521 1.41765425051055
"308" 300 1.19791829289802 1.85661254442753 1.41818960838551
"309" 301 1.1982250942363 1.8578310649606 1.41872331777481
"310" 302 1.19854194174549 1.85900003659391 1.41925538920599
"311" 303 1.19882982778955 1.86018713958076 1.41978583310476
"312" 304 1.19913033916055 1.8614133443557 1.42031465979634
"313" 305 1.19944243237878 1.86266296520788 1.42084187950673
"314" 306 1.19974260221339 1.86393028580905 1.42136750236403
"315" 307 1.20003094730824 1.86528218389739 1.42189153839965
"316" 308 1.20033308485721 1.86646186648135 1.42241399754956
"317" 309 1.20061292461566 1.86766525701303 1.42293488965551
"318" 310 1.20090267887408 1.86878472701556 1.42345422446623
"319" 311 1.20119289540764 1.86984300678823 1.42397201163858
"320" 312 1.20149352651493 1.87096675759146 1.42448826073873
"321" 313 1.20177840918093 1.87210771703376 1.4250029812433
"322" 314 1.20205743755885 1.87327890500975 1.42551618254047
"323" 315 1.20234277565877 1.87449259702072 1.42602787393109
"324" 316 1.20262671134031 1.87570157954694 1.42653806462977
"325" 317 1.20291195540929 1.87697168356154 1.42704676376593
"326" 318 1.20319031280862 1.87824433151161 1.42755398038489
"327" 319 1.20347416087456 1.87937551729352 1.42805972344888
"328" 320 1.20374996633918 1.88052037235631 1.42856400183805
"329" 321 1.20403002536525 1.88156009527474 1.4290668243515
"330" 322 1.20430670823318 1.8826420147363 1.42956819970828
"331" 323 1.20458167551532 1.88378523853337 1.43006813654832
"332" 324 1.20486492721433 1.88491507396813 1.43056664343342
"333" 325 1.20513511728585 1.88610285500344 1.43106372884821
"334" 326 1.20540839141915 1.88732708730193 1.43155940120104
"335" 327 1.20568977359549 1.88847074491758 1.43205366882492
"336" 328 1.20596854188815 1.88957275773685 1.43254653997845
"337" 329 1.20624383142997 1.89066184323777 1.43303802284664
"338" 330 1.20652263324631 1.89174727886439 1.43352812554186
"339" 331 1.20680089892155 1.89280654508232 1.43401685610465
"340" 332 1.20708264178466 1.8939542137565 1.43450422250461
"341" 333 1.20734720517327 1.89502136205897 1.43499023264119
"342" 334 1.20762405644159 1.89609116478479 1.43547489434458
"343" 335 1.20789435808672 1.8972387558919 1.43595821537647
"344" 336 1.20816530904975 1.89834751248902 1.43644020343086
"345" 337 1.20842732466056 1.89934643938077 1.43692086613487
"346" 338 1.20871288139131 1.90058010192194 1.43740021104951
"347" 339 1.2089711863233 1.90164920790582 1.43787824567044
"348" 340 1.20923053517167 1.90273544509123 1.43835497742871
"349" 341 1.20949280274255 1.90382572500719 1.43883041369155
"350" 342 1.20975788966565 1.90486739974523 1.43930456176307
"351" 343 1.21002033548361 1.9059037282009 1.43977742888499
"352" 344 1.21028959501385 1.90694371883472 1.44024902223734
"353" 345 1.21055324977422 1.90797890296732 1.4407193489392
"354" 346 1.21081802519582 1.90901590149106 1.44118841604936
"355" 347 1.2110897532134 1.90994015569334 1.44165623056701
"356" 348 1.21136145013383 1.9109673923762 1.4421227994324
"357" 349 1.21162234308925 1.91197895703783 1.44258812952754
"358" 350 1.21186483062558 1.91310190732051 1.44305222767684
"359" 351 1.21212756391842 1.91423170443893 1.44351510064775
"360" 352 1.21237257489761 1.91538901914979 1.44397675515135
"361" 353 1.21261934391279 1.91642504356259 1.44443719784308
"362" 354 1.2128846743258 1.91754697364405 1.44489643532326
"363" 355 1.21313368417045 1.91863495744967 1.44535447413777
"364" 356 1.21339401534577 1.91967563809204 1.44581132077861
"365" 357 1.21365122288296 1.9207013284318 1.4462669816845
"366" 358 1.21390298641027 1.92172467117751 1.44672146324147
"367" 359 1.2141514554237 1.92285805243506 1.44717477178345
"368" 360 1.21440191724875 1.92392487831065 1.44762691359283
"369" 361 1.21466171423696 1.92487776071826 1.44807789490099
"370" 362 1.21490019521901 1.92594170280547 1.4485277218889
"371" 363 1.21514143125502 1.92699713283262 1.44897640068765
"372" 364 1.2153843415301 1.92801553002508 1.44942393737898
"373" 365 1.21563277790264 1.92895259648796 1.44987033799583
"374" 366 1.21588231965706 1.93001149506116 1.45031560852283
"375" 367 1.21611627486157 1.9310188766058 1.45075975489686
"376" 368 1.21635481033554 1.93197315418879 1.45120278300751
"377" 369 1.21659489740136 1.93296007520708 1.45164469869766
"378" 370 1.21683604117248 1.93395369390515 1.45208550776388
"379" 371 1.21707374778657 1.93508994481621 1.45252521595701
"380" 372 1.21731760319804 1.93617650743808 1.45296382898258
"381" 373 1.21756787834325 1.93724102601309 1.45340135250131
"382" 374 1.21781812832753 1.9382830821746 1.45383779212958
"383" 375 1.2180544767882 1.93939638764762 1.45427315343993
"384" 376 1.21829416618555 1.9403993515538 1.45470744196144
"385" 377 1.2185335624042 1.94132708248525 1.45514066318026
"386" 378 1.21877051460101 1.94225358599086 1.45557282253998
"387" 379 1.21900698701306 1.94326528540736 1.45600392544219
"388" 380 1.21924295955843 1.94425519568955 1.45643397724678
"389" 381 1.21948825955357 1.94524160551364 1.45686298327243
"390" 382 1.21971778678359 1.94635488183267 1.45729094879707
"391" 383 1.21995010620031 1.94735581177569 1.45771787905825
"392" 384 1.22018697056747 1.94831907091317 1.45814377925354
"393" 385 1.22042296892584 1.94924810166593 1.45856865454101
"394" 386 1.2206578561504 1.95017580198414 1.45899251003953
"395" 387 1.22089600357321 1.95112508817412 1.45941535082929
"396" 388 1.22112343958672 1.95212592927184 1.45983718195207
"397" 389 1.22135671904783 1.95312601132648 1.46025800841171
"398" 390 1.22157940009101 1.95405379706124 1.46067783517446
"399" 391 1.22179705935071 1.95505839429493 1.46109666716938
"400" 392 1.22202556825899 1.95602028880142 1.46151450928868
"401" 393 1.22225237652435 1.95697991363793 1.46193136638811
"402" 394 1.22247468618318 1.95785369650775 1.46234724328733
"403" 395 1.22269660290138 1.95884205858298 1.46276214477023
"404" 396 1.22291649744576 1.95987999258181 1.46317607558538
"405" 397 1.22313528938347 1.96080173302892 1.46358904044621
"406" 398 1.2233608398 1.96171495141508 1.46400104403157
"407" 399 1.22358557699214 1.96273701233439 1.46441209098589
"408" 400 1.22379792635086 1.96372312134431 1.4648221859196
"409" 401 1.22402711513089 1.96469792616539 1.46523133340948
"410" 402 1.22424965506011 1.96560406693295 1.46563953799895
"411" 403 1.22447520438005 1.96655873100795 1.46604680419839
"412" 404 1.22471016651999 1.96743449504422 1.46645313648551
"413" 405 1.22493595142549 1.96831099674615 1.46685853930559
"414" 406 1.22515362447218 1.96922472013259 1.4672630170719
"415" 407 1.22538668050659 1.97017779014339 1.4676665741659
"416" 408 1.22560893589618 1.97102564147732 1.4680692149376
"417" 409 1.22583028404176 1.97196908540424 1.46847094370588
"418" 410 1.22604623642894 1.97287251669434 1.46887176475877
"419" 411 1.2262578540778 1.97375800876028 1.46927168235371
"420" 412 1.22649229510955 1.9746855125218 1.4696707007179
"421" 413 1.2267146129924 1.97566783850735 1.47006882404853
"422" 414 1.22693227275524 1.97665031341568 1.47046605651313
"423" 415 1.22716332084995 1.97755426931644 1.4708624022498
"424" 416 1.22738974675203 1.97841508066414 1.47125786536751
"425" 417 1.22761066758852 1.97932383208937 1.47165244994635
"426" 418 1.22782739302365 1.98016984803524 1.47204616003785
"427" 419 1.22805744744701 1.9810368506123 1.4724389996652
"428" 420 1.22826882092147 1.98194145410103 1.47283097282353
"429" 421 1.22847938531353 1.98284947532247 1.4732220834802
"430" 422 1.22869317596839 1.98366725899939 1.473612335575
"431" 423 1.2289018886721 1.9846671991819 1.47400173302047
"432" 424 1.22911275088622 1.98567072201234 1.4743902797021
"433" 425 1.22932447138406 1.98658742083233 1.47477797947862
"434" 426 1.22953210904065 1.98741426150482 1.47516483618222
"435" 427 1.22973749018582 1.98824168057948 1.4755508536188
"436" 428 1.22994360283563 1.98910650444752 1.47593603556824
"437" 429 1.23015256204341 1.99009511441536 1.47632038578458
"438" 430 1.23036297408003 1.99102577745345 1.47670390799633
"439" 431 1.23058203930652 1.99188773622157 1.47708660590662
"440" 432 1.23078378048623 1.99286071206184 1.47746848319351
"441" 433 1.23099472691906 1.99374253686069 1.47784954351015
"442" 434 1.2312019289298 1.99460320156951 1.47822979048506
"443" 435 1.23142295929575 1.99537869314637 1.47860922772232
"444" 436 1.2316310475632 1.99623735224535 1.4789878588018
"445" 437 1.2318314392785 1.9971158392607 1.47936568727939
"446" 438 1.23203196604596 1.998016520464 1.47974271668718
"447" 439 1.23222517440682 1.99890382842523 1.48011895053373
"448" 440 1.2324179119032 1.99980180809106 1.48049439230419
"449" 441 1.23261924754922 2.00076961500257 1.48086904546062
"450" 442 1.23282286353764 2.0017750878045 1.48124291344211
"451" 443 1.23302452804249 2.00262112567575 1.48161599966503
"452" 444 1.23322438974053 2.00348836145539 1.48198830752321
"453" 445 1.23343198661792 2.00443428653048 1.48235984038812
"454" 446 1.23363512186568 2.00535982676851 1.48273060160914
"455" 447 1.23382647479092 2.00636750994791 1.48310059451365
"456" 448 1.23402174327821 2.00711074525781 1.48346982240731
"457" 449 1.23422360326627 2.00803467537505 1.48383828857423
"458" 450 1.23442583252836 2.00889086177085 1.4842059962771
"459" 451 1.23461188543215 2.00979978351464 1.48457294875748
"460" 452 1.23480895662886 2.01070141898763 1.48493914923589
"461" 453 1.23500855854593 2.01163529576542 1.48530460091202
"462" 454 1.23520817697287 2.01240090352429 1.48566930696496
"463" 455 1.23542054719974 2.01329054595937 1.48603327055329
"464" 456 1.23560588050334 2.01420559751429 1.48639649481536
"465" 457 1.23580617037786 2.01511061019924 1.48675898286936
"466" 458 1.23598932836006 2.01585126536678 1.48712073781354
"467" 459 1.23618312849115 2.01681393039439 1.48748176272643
"468" 460 1.23636853872141 2.01777606953457 1.4878420606669
"469" 461 1.23655811087051 2.01867079391049 1.48820163467446
"470" 462 1.236748436877 2.01956228477504 1.48856048776927
"471" 463 1.23694946251448 2.0204783845672 1.48891862295245
"472" 464 1.23713452485277 2.02132115922639 1.48927604320613
"473" 465 1.23732267786797 2.0221919814844 1.48963275149371
"474" 466 1.23752406813454 2.02305910687169 1.48998875075994
"475" 467 1.2377082096656 2.02387777883518 1.49034404393109
"476" 468 1.23790054478631 2.02477044907262 1.49069863391513
"477" 469 1.23809152940876 2.02567813558473 1.49105252360189
"478" 470 1.23827990803136 2.02660825577994 1.49140571586316
"479" 471 1.23847421114571 2.02749890047697 1.49175821355292
"480" 472 1.23866769413926 2.02832485461343 1.49211001950737
"481" 473 1.23885114125372 2.0291929809066 1.49246113654524
"482" 474 1.23903467394111 2.0300567984322 1.49281156746777
"483" 475 1.23922507476931 2.03091498630951 1.49316131505898
"484" 476 1.23940780344738 2.03185269785785 1.49351038208572
"485" 477 1.23960090277136 2.03272315631235 1.49385877129787
"486" 478 1.23979152629204 2.03362604918014 1.4942064854285
"487" 479 1.23997353610643 2.03447857233854 1.49455352719391
"488" 480 1.24016619742292 2.03532938279954 1.49489989929386
"489" 481 1.24034521367571 2.03618386108705 1.49524560441169
"490" 482 1.24052838482801 2.03706203838055 1.49559064521438
"491" 483 1.24071768517518 2.03791457809868 1.4959350243528
"492" 484 1.2409070234706 2.03875938468271 1.49627874446174
"493" 485 1.24109598759351 2.03966920669707 1.49662180816011
"494" 486 1.24128286225625 2.0405479838375 1.49696421805103
"495" 487 1.24145974624957 2.04138762867818 1.49730597672195
"496" 488 1.24164059987476 2.04225768721726 1.49764708674483
"497" 489 1.24181872238291 2.04311716644869 1.49798755067618
"498" 490 1.24200362797593 2.04397841970053 1.49832737105726
"499" 491 1.24218903609874 2.04483922083811 1.49866655041418
"500" 492 1.24238036511289 2.04568015712412 1.499005091258
"501" 493 1.24256214589854 2.04648725664711 1.49934299608486
"502" 494 1.24274098884612 2.04731187649846 1.49968026737612
"503" 495 1.24292565985985 2.04808860968479 1.50001690759846
"504" 496 1.24309762598971 2.0489100102968 1.50035291920399
"505" 497 1.24327078999773 2.04967155785459 1.50068830463035
"506" 498 1.24346297963184 2.05041277495198 1.50102306630088
"507" 499 1.24366699530464 2.05125906226871 1.50135720662469
"508" 500 1.24383562184709 2.05210693720399 1.50169072799677
"509" 501 1.24401880445656 2.0528742873777 1.50202363279812
"510" 502 1.24418380757459 2.05376982203577 1.50235592339585
"511" 503 1.24436673155078 2.0546293459834 1.50268760214329
"512" 504 1.24454596389171 2.05546262580299 1.50301867138009
"513" 505 1.24471874050574 2.05619336281052 1.50334913343235
"514" 506 1.24489663736566 2.05690578186673 1.50367899061267
"515" 507 1.24506683329824 2.05785863650662 1.50400824522035
"516" 508 1.24523751153763 2.05868905629817 1.50433689954139
"517" 509 1.24540946973742 2.05956167369334 1.50466495584867
"518" 510 1.24558138870777 2.06044441095852 1.50499241640198
"519" 511 1.24576450526575 2.06134595709211 1.50531928344819
"520" 512 1.24593758725769 2.06210387343109 1.50564555922132
"521" 513 1.24610853411747 2.06288021248943 1.50597124594265
"522" 514 1.24628349301876 2.06371315197371 1.50629634582076
"523" 515 1.24646980857455 2.06456359992434 1.50662086105171
"524" 516 1.24665043104682 2.06521304813063 1.50694479381908
"525" 517 1.24682171428281 2.06597357210541 1.50726814629411
"526" 518 1.24700106382338 2.06682759732914 1.50759092063572
"527" 519 1.24718360418851 2.06755463192703 1.5079131189907
"528" 520 1.24734350112709 2.0683814877909 1.5082347434937
"529" 521 1.24751765422799 2.06924304024038 1.50855579626742
"530" 522 1.24768487598936 2.070010838665 1.50887627942261
"531" 523 1.24785245725728 2.0708012362763 1.50919619505824
"532" 524 1.24803008997407 2.07157930985313 1.50951554526154
"533" 525 1.248206385612 2.07235180856575 1.50983433210807
"534" 526 1.24837313747572 2.0730777878183 1.51015255766188
"535" 527 1.24853974944761 2.07386350356858 1.5104702239755
"536" 528 1.24871284493884 2.07459075065409 1.51078733309013
"537" 529 1.24888052671162 2.0753676610239 1.51110388703566
"538" 530 1.24904878766453 2.07620774676596 1.51141988783072
"539" 531 1.2492122960861 2.07699209367156 1.51173533748286
"540" 532 1.24938711294139 2.07777398997641 1.51205023798856
"541" 533 1.24955957636729 2.07851858914322 1.51236459133334
"542" 534 1.24973360096277 2.07936306593436 1.51267839949181
"543" 535 1.24989737408963 2.08020730681472 1.5129916644278
"544" 536 1.25006578820661 2.08091673108413 1.51330438809439
"545" 537 1.25022695097521 2.08176745694704 1.51361657243405
"546" 538 1.25038837556255 2.08266848773977 1.51392821937861
"547" 539 1.25054317789567 2.08335998948902 1.51423933084948
"548" 540 1.25070614669548 2.08398898825755 1.51454990875758
"549" 541 1.25087362712048 2.08476141919545 1.51485995500355
"550" 542 1.25104009846165 2.08555928751617 1.51516947147773
"551" 543 1.25119610566508 2.08636614092868 1.51547846006026
"552" 544 1.25136201503479 2.08720304204807 1.51578692262118
"553" 545 1.25152605525359 2.08797924107544 1.51609486102048
"554" 546 1.25169139345511 2.08871890706923 1.51640227710816
"555" 547 1.25185959346563 2.08941225266362 1.51670917272433
"556" 548 1.25200889437857 2.09017782230037 1.51701554969927
"557" 549 1.25217741361281 2.09095448428757 1.51732140985348
"558" 550 1.25233781411545 2.09163934561535 1.5176267549978
"559" 551 1.25250372443709 2.09230443628632 1.51793158693342
"560" 552 1.25266113431497 2.0930819794579 1.51823590745199
"561" 553 1.25281760535723 2.09386147755724 1.51853971833564
"562" 554 1.25298469685748 2.09463569231048 1.51884302135713
"563" 555 1.25314743273853 2.09539334908859 1.51914581827986
"564" 556 1.25330526696551 2.09615570912009 1.51944811085791
"565" 557 1.25346226227395 2.0968367535153 1.51974990083615
"566" 558 1.2536232746047 2.09767246514908 1.52005118995032
"567" 559 1.25378759638462 2.09840955091909 1.52035197992706
"568" 560 1.25395011703924 2.09909861639775 1.52065227248396
"569" 561 1.25410432299587 2.09993213005343 1.52095206932965
"570" 562 1.25426258912929 2.10068504343593 1.52125137216388
"571" 563 1.25441919556937 2.10133890285532 1.52155018267754
"572" 564 1.25458439576737 2.10207855823611 1.52184850255275
"573" 565 1.25474895720403 2.10283881691094 1.52214633346293
"574" 566 1.25490672999631 2.10362386754852 1.52244367707279
"575" 567 1.25506192871339 2.10436697609348 1.5227405350385
"576" 568 1.25521996631386 2.10515185518896 1.52303690900766
"577" 569 1.25537934103208 2.105913516733 1.52333280061943
"578" 570 1.25553627879239 2.10672228577399 1.5236282115045
"579" 571 1.25568978565518 2.10745809648295 1.52392314328521
"580" 572 1.2558511181821 2.10811849027831 1.52421759757563
"581" 573 1.25600888376169 2.10878007486352 1.52451157598156
"582" 574 1.25616393237304 2.10950897136649 1.52480508010058
"583" 575 1.25632056674898 2.11027944175084 1.52509811152219
"584" 576 1.25647708867555 2.11098673525294 1.52539067182777
"585" 577 1.25662701255915 2.11177569234569 1.5256827625907
"586" 578 1.25678334379815 2.1124988877368 1.52597438537638
"587" 579 1.25693686132267 2.113206001486 1.52626554174227
"588" 580 1.25709152990326 2.11392979738452 1.52655623323801
"589" 581 1.2572418358246 2.11467906408354 1.5268464614054
"590" 582 1.2574025246516 2.11535042337007 1.52713622777851
"591" 583 1.25756444317237 2.11604471191247 1.52742553388368
"592" 584 1.25772079888851 2.11678918652929 1.5277143812396
"593" 585 1.25786704431072 2.1175696304285 1.52800277135738
"594" 586 1.25802026185516 2.11826307314088 1.52829070574057
"595" 587 1.25817449816657 2.11894186094841 1.52857818588521
"596" 588 1.25832479646602 2.11966438586711 1.5288652132799
"597" 589 1.25847442404463 2.12037686542409 1.52915178940583
"598" 590 1.25862518755925 2.12114276693067 1.52943791573686
"599" 591 1.25877341491945 2.12190078157073 1.52972359373954
"600" 592 1.25892777345108 2.12269289281148 1.53000882487315
"601" 593 1.2590885207367 2.12345769635223 1.53029361058979
"602" 594 1.25923881802791 2.12412223763081 1.53057795233438
"603" 595 1.25938606025499 2.12482514995876 1.53086185154475
"604" 596 1.25953265324832 2.12555343165571 1.53114530965166
"605" 597 1.25967899999898 2.12626726738344 1.53142832807884
"606" 598 1.25983239837984 2.12699666650283 1.53171090824306
"607" 599 1.25998546001543 2.12769112312279 1.53199305155419
"608" 600 1.26013351974713 2.12848031445602 1.53227475941516
"609" 601 1.26028511711037 2.12925942972418 1.53255603322214
"610" 602 1.26043567893084 2.12994246693545 1.53283687436443
"611" 603 1.26058385882472 2.13070216715383 1.53311728422465
"612" 604 1.26072992027872 2.13139580554501 1.53339726417869
"613" 605 1.26088100505182 2.13211532975252 1.53367681559579
"614" 606 1.26102142240102 2.13286006896097 1.53395593983855
"615" 607 1.26116230240533 2.13356731424052 1.53423463826305
"616" 608 1.26130244989971 2.13429966468183 1.53451291221877
"617" 609 1.26144215791049 2.13500519932682 1.53479076304877
"618" 610 1.26158881409974 2.13569754944955 1.53506819208961
"619" 611 1.26174945966052 2.13633922664238 1.53534520067149
"620" 612 1.26188893238796 2.137009934824 1.53562179011821
"621" 613 1.26203142173736 2.1376913664951 1.53589796174727
"622" 614 1.26217654937173 2.13835341952603 1.53617371686988
"623" 615 1.26232379644353 2.13905436063553 1.536449056791
"624" 616 1.26246410590896 2.13967088863034 1.53672398280941
"625" 617 1.26260436424312 2.1403399078268 1.53699849621771
"626" 618 1.26274652370331 2.14104770073427 1.53727259830237
"627" 619 1.26289343505672 2.14172990149213 1.53754629034379
"628" 620 1.26303223845024 2.14245174828085 1.53781957361633
"629" 621 1.26316704060115 2.14317926493262 1.53809244938831
"630" 622 1.26330667709387 2.14386041259678 1.53836491892212
"631" 623 1.26344913131037 2.144540702688 1.53863698347419
"632" 624 1.26358350270245 2.14522946923524 1.53890864429506
"633" 625 1.2637339172469 2.14598206334634 1.53917990262941
"634" 626 1.26387270856291 2.14667094234995 1.53945075971612
"635" 627 1.26401305231324 2.14738277941994 1.53972121678828
"636" 628 1.26415594178839 2.14793804229248 1.53999127507317
"637" 629 1.26429561787247 2.14863726556211 1.54026093579247
"638" 630 1.26442828713739 2.14929394097628 1.54053020016207
"639" 631 1.26457427528417 2.14995305932721 1.54079906939231
"640" 632 1.26471760084132 2.15062645313483 1.54106754468787
"641" 633 1.26486149006533 2.15129949173273 1.54133562724785
"642" 634 1.26500108235918 2.15196798787517 1.54160331826585
"643" 635 1.26513964451285 2.15258289293586 1.54187061892996
"644" 636 1.26527683978725 2.15323186080593 1.54213753042278
"645" 637 1.26541213180837 2.15394641169711 1.54240405392149
"646" 638 1.26555000664066 2.15464378813354 1.54267019059787
"647" 639 1.26568255188626 2.15527603970162 1.54293594161831
"648" 640 1.26582781562653 2.15597676149355 1.5432013081439
"649" 641 1.26596155588676 2.15664088245981 1.5434662913304
"650" 642 1.26609550299766 2.15721385054615 1.54373089232829
"651" 643 1.26623579843013 2.15780703989146 1.54399511228287
"652" 644 1.26637111144314 2.15843403357609 1.54425895233414
"653" 645 1.2665058013447 2.15911453082922 1.54452241361702
"654" 646 1.26663478551343 2.15981657845197 1.54478549726122
"655" 647 1.26676160980977 2.16044995542594 1.54504820439138
"656" 648 1.26689671906057 2.16110531137159 1.54531053612702
"657" 649 1.26702884070237 2.1618140474589 1.54557249358266
"658" 650 1.26717619114581 2.16246571862245 1.54583407786774
"659" 651 1.26731532973077 2.16313707278777 1.54609529008676
"660" 652 1.26744789781161 2.16381607097906 1.54635613133925
"661" 653 1.26759194803156 2.16452453172466 1.54661660271979
"662" 654 1.2677357664959 2.16521639212596 1.54687670531807
"663" 655 1.26786126443444 2.1658809230432 1.54713644021892
"664" 656 1.26799534318677 2.16656050569896 1.54739580850233
"665" 657 1.26813377637453 2.16723162124089 1.54765481124346
"666" 658 1.26826834391901 2.16787013921384 1.54791344951269
"667" 659 1.26841059723916 2.16849481625115 1.54817172437566
"668" 660 1.26854794915869 2.16920186273373 1.54842963689327
"669" 661 1.26868271035819 2.16990383241924 1.54868718812172
"670" 662 1.26881773357811 2.17055006144069 1.54894437911256
"671" 663 1.26895352327518 2.17116885853592 1.54920121091267
"672" 664 1.26907891184777 2.17180962721105 1.54945768456432
"673" 665 1.26920629439284 2.17243961834195 1.54971380110519
"674" 666 1.2693367473 2.17315999392832 1.54996956156843
"675" 667 1.26946312397589 2.17390900799277 1.55022496698262
"676" 668 1.26959498979619 2.17454361168618 1.55048001837185
"677" 669 1.26972372887707 2.17513926363934 1.55073471675569
"678" 670 1.26985874881144 2.17580965455387 1.55098906314932
"679" 671 1.26998695312968 2.17649727312503 1.55124305856345
"680" 672 1.27011577746478 2.17712909101147 1.55149670400438
"681" 673 1.27023733620008 2.17771997107628 1.55175000047407
"682" 674 1.27036707649054 2.17842629464863 1.55200294897007
"683" 675 1.27050718597366 2.17905723591477 1.55225555048568
"684" 676 1.27063348465243 2.17970462498099 1.55250780600983
"685" 677 1.27076208430855 2.18033373123515 1.5527597165272
"686" 678 1.27090247455284 2.18100367607699 1.55301128301823
"687" 679 1.27103799955016 2.18160040008544 1.55326250645912
"688" 680 1.27117241128402 2.18225314751207 1.55351338782187
"689" 681 1.27130617666424 2.18286295567578 1.55376392807429
"690" 682 1.27143359939817 2.18344807775418 1.55401412818005
"691" 683 1.2715619231562 2.18406221493483 1.5542639890987
"692" 684 1.27169477894611 2.18473800043926 1.55451351178564
"693" 685 1.27182965688406 2.18545920681949 1.55476269719223
"694" 686 1.27195357293466 2.18610393860067 1.55501154626577
"695" 687 1.2720846771587 2.18668543532045 1.55526005994949
"696" 688 1.27221033813206 2.18731569773241 1.55550823918264
"697" 689 1.27233637813489 2.187966042497 1.55575608490045
"698" 690 1.27246575134845 2.18860257329368 1.55600359803421
"699" 691 1.27260147511151 2.18925874839482 1.55625077951123
"700" 692 1.2727412721751 2.18990649626108 1.55649763025494
"701" 693 1.2728701947924 2.19055306342807 1.55674415118484
"702" 694 1.27299843221812 2.19108288833638 1.55699034321656
"703" 695 1.27312504091061 2.19165705846992 1.55723620726188
"704" 696 1.27324750844926 2.19233863259119 1.55748174422871
"705" 697 1.27336725961636 2.19287779009404 1.5577269550212
"706" 698 1.27350227524197 2.19341071834152 1.55797184053968
"707" 699 1.27362594119105 2.19400063655724 1.55821640168069
"708" 700 1.27375155902101 2.19468942267581 1.55846063933707
"709" 701 1.27387462530645 2.19541071442949 1.55870455439788
"710" 702 1.27400174156849 2.19613332097364 1.55894814774851
"711" 703 1.27412229965123 2.19681586379771 1.55919142027064
"712" 704 1.27424873536323 2.19742196572091 1.55943437284229
"713" 705 1.27437765710688 2.19802642774774 1.55967700633786
"714" 706 1.27450507269177 2.19866159640555 1.55991932162807
"715" 707 1.27463227742379 2.19925715338892 1.56016131958008
"716" 708 1.27475580763384 2.19991150075452 1.56040300105746
"717" 709 1.27487486521108 2.20057004123524 1.56064436692017
"718" 710 1.27499588451392 2.20130286285018 1.5608854180247
"719" 711 1.27511904518113 2.20190185436015 1.56112615522395
"720" 712 1.27524891478126 2.20256329987169 1.56136657936734
"721" 713 1.27536768224096 2.20317846947786 1.56160669130079
"722" 714 1.2754866237162 2.20382826333159 1.56184649186677
"723" 715 1.2756145235094 2.20445365186119 1.56208598190429
"724" 716 1.27574158903464 2.20503090417339 1.56232516224893
"725" 717 1.27586125137488 2.20562626837886 1.56256403373287
"726" 718 1.27598900203948 2.20628234706861 1.56280259718485
"727" 719 1.27611455105779 2.2069384851802 1.56304085343029
"728" 720 1.27624154264545 2.20756240237728 1.56327880329125
"729" 721 1.27635794381379 2.20820952834416 1.56351644758644
"730" 722 1.27648367184063 2.20883316167549 1.56375378713122
"731" 723 1.27660716306922 2.20941283132668 1.5639908227377
"732" 724 1.27672703511639 2.21001548090892 1.56422755521466
"733" 725 1.27685617755296 2.21063788074488 1.56446398536767
"734" 726 1.27697734406136 2.21126351106369 1.56470011399899
"735" 727 1.27709169721802 2.21181334014329 1.5649359419077
"736" 728 1.27721141123076 2.21243133158427 1.56517146988964
"737" 729 1.27733212334972 2.21301531771917 1.56540669873746
"738" 730 1.27745205742835 2.21364425873091 1.56564162924062
"739" 731 1.27757370720581 2.21419619296132 1.56587626218546
"740" 732 1.27769776535689 2.21478051525502 1.5661105983551
"741" 733 1.2778213916884 2.21535733114958 1.56634463852962
"742" 734 1.27793761058178 2.21597909229667 1.56657838348593
"743" 735 1.2780694456541 2.21657810270891 1.56681183399788
"744" 736 1.27818514789535 2.21718621289375 1.56704499083619
"745" 737 1.27831161985937 2.21782510271303 1.56727785476857
"746" 738 1.27843887654002 2.21851776429812 1.56751042655968
"747" 739 1.2785618876716 2.21909120382655 1.56774270697112
"748" 740 1.27868460609412 2.21972383789852 1.56797469676152
"749" 741 1.27880488276849 2.22035582329566 1.56820639668646
"750" 742 1.27892954448481 2.2209859065255 1.5684378074986
"751" 743 1.27905429719646 2.22156202047717 1.56866892994759
"752" 744 1.27916941426327 2.22223442002879 1.56889976478014
"753" 745 1.27928960018784 2.22283864357079 1.56913031274002
"754" 746 1.27940926664314 2.22344304816794 1.56936057456813
"755" 747 1.27952487389737 2.22409366796528 1.56959055100239
"756" 748 1.27964090152126 2.22464522954374 1.56982024277787
"757" 749 1.2797655579782 2.22524557328531 1.57004965062679
"758" 750 1.27987770610906 2.22584702101431 1.57027877527849
"759" 751 1.27998917841367 2.22644784743209 1.57050761745943
"760" 752 1.28010245621478 2.22704732882579 1.57073617789333
"761" 753 1.28021884138916 2.22758540401966 1.57096445730101
"762" 754 1.28033211404546 2.22810132939678 1.57119245640053
"763" 755 1.28045109265567 2.22870257105347 1.57142017590717
"764" 756 1.28057091496334 2.22924675823082 1.57164761653344
"765" 757 1.28069773281424 2.2298525487718 1.57187477898908
"766" 758 1.28081036982912 2.23055308245801 1.5721016639811
"767" 759 1.28092836713243 2.23122152553969 1.57232827221376
"768" 760 1.28104728224311 2.23181716438589 1.57255460438865
"769" 761 1.28115412154794 2.23240920710641 1.57278066120464
"770" 762 1.28127123038968 2.23294643309644 1.57300644335791
"771" 763 1.28137914027807 2.23356896193303 1.57323195154196
"772" 764 1.28149947027092 2.23413795974206 1.57345718644768
"773" 765 1.28162458329903 2.23468355595588 1.57368214876324
"774" 766 1.28174002116779 2.23523308102053 1.57390683917424
"775" 767 1.28185796264718 2.23578017322228 1.57413125836366
"776" 768 1.2819730584406 2.23633431817123 1.57435540701185
"777" 769 1.28208174508376 2.23691138219657 1.57457928579658
"778" 770 1.28219290672165 2.2375332539257 1.57480289539306
"779" 771 1.28230558458985 2.23811245402861 1.5750262364739
"780" 772 1.28242680485304 2.23857103736993 1.57524930970922
"781" 773 1.28254263735325 2.23914580709009 1.57547211576651
"782" 774 1.28266217865189 2.23974420955737 1.57569465531085
"783" 775 1.28278553059627 2.24034201916523 1.57591692900471
"784" 776 1.28289578901634 2.2408677715428 1.57613893750811
"785" 777 1.28301526825819 2.24145865631391 1.57636068147857
"786" 778 1.28312748592586 2.24199370102677 1.57658216157114
"787" 779 1.28324040624011 2.24258959427269 1.57680337843842
"788" 780 1.28335287897187 2.24318126134411 1.57702433273054
"789" 781 1.28347171543086 2.24377729081709 1.5772450250952
"790" 782 1.28359057695234 2.24437273579646 1.57746545617766
"791" 783 1.28370800328589 2.24496475026344 1.57768562662081
"792" 784 1.28381892317041 2.24555471473183 1.57790553706513
"793" 785 1.28393102211075 2.24609042191233 1.57812518814865
"794" 786 1.28403880700821 2.2466517565374 1.57834458050711
"795" 787 1.28415172589813 2.24727489280785 1.57856371477382
"796" 788 1.28426460308217 2.24789743859864 1.57878259157977
"797" 789 1.28436942983817 2.24852031320516 1.57900121155362
"798" 790 1.28448151318621 2.24914423566993 1.57921957532165
"799" 791 1.284599160748 2.24969055357332 1.5794376835079
"800" 792 1.2847053607434 2.25030171959833 1.57965553673401
"801" 793 1.28482193504791 2.25089107101605 1.57987313561941
"802" 794 1.28492878117626 2.25144951036888 1.58009048078119
"803" 795 1.28503050599389 2.25201385342238 1.58030757283419
"804" 796 1.28514809232579 2.25262230007985 1.580524412391
"805" 797 1.2852549167965 2.25320907818952 1.58074100006195
"806" 798 1.28536022653895 2.25381255901337 1.58095733645512
"807" 799 1.28546701654564 2.25441546928561 1.58117342217636
"808" 800 1.28558032159545 2.25501951880565 1.58138925782933
"809" 801 1.28569234154112 2.25561958318097 1.58160484401546
"810" 802 1.28580957809813 2.25618618718099 1.58182018133401
"811" 803 1.28592479723863 2.25672691787065 1.58203527038202
"812" 804 1.28603254921248 2.2572863102239 1.58225011175438
"813" 805 1.28613893412837 2.25786734039885 1.58246470604381
"814" 806 1.28624590983806 2.25838010652345 1.58267905384088
"815" 807 1.28636363491565 2.25895809241292 1.58289315573402
"816" 808 1.28646789562412 2.25946578827504 1.58310701230954
"817" 809 1.2865779841258 2.26004334110741 1.5833206241516
"818" 810 1.2866872417946 2.26062293658136 1.58353399184224
"819" 811 1.28679970585251 2.26119622590802 1.58374711596146
"820" 812 1.28690677280639 2.26174263658566 1.58395999708713
"821" 813 1.28700654452415 2.26224414471903 1.58417263579501
"822" 814 1.28712150622564 2.26274333263405 1.58438503265884
"823" 815 1.28722493867141 2.26328428604745 1.58459718825028
"824" 816 1.2873268526352 2.26386539289875 1.58480910313894
"825" 817 1.28743974534953 2.26447967165991 1.58502077789239
"826" 818 1.2875498721812 2.26498576613774 1.58523221307617
"827" 819 1.28765767724806 2.26559490661838 1.58544340925379
"828" 820 1.2877740234042 2.2661760940363 1.58565436698674
"829" 821 1.28788179494692 2.26673372977496 1.58586508683456
"830" 822 1.28800150333265 2.26736407361178 1.58607556935472
"831" 823 1.28810656712604 2.2679938595687 1.58628581510278
"832" 824 1.28821284491526 2.26855358473937 1.58649582463229
"833" 825 1.28831572562379 2.26907678247851 1.58670559849481
"834" 826 1.288415442124 2.26965958291072 1.58691513724002
"835" 827 1.28853917261131 2.27014851131 1.58712444141557
"836" 828 1.28864459201063 2.27063627424229 1.58733351156724
"837" 829 1.28875264652672 2.27112355162443 1.58754234823885
"838" 830 1.28885732896206 2.27160887676757 1.58775095197231
"839" 831 1.28896013919672 2.27215948929421 1.58795932330762
"840" 832 1.28906474900301 2.27273808041261 1.58816746278288
"841" 833 1.28917421212304 2.2733668325861 1.58837537093429
"842" 834 1.28928685662123 2.273942141732 1.5885830482962
"843" 835 1.28939246734139 2.27445222137398 1.58879049540103
"844" 836 1.28949529274915 2.27505329885955 1.58899771277943
"845" 837 1.28960431239353 2.27570186523956 1.58920470096007
"846" 838 1.28971538347435 2.27617882958827 1.58941146046986
"847" 839 1.2898230943747 2.2767343797874 1.58961799183387
"848" 840 1.28992762896941 2.27730833958303 1.58982429557532
"849" 841 1.2900350116739 2.27786365497231 1.59003037221558
"850" 842 1.29014073690632 2.27834070365723 1.59023622227426
"851" 843 1.29024225875772 2.27881597588108 1.59044184626913
"852" 844 1.29034631722834 2.27929002205122 1.59064724471618
"853" 845 1.2904483718498 2.27976103503586 1.59085241812962
"854" 846 1.29055207592116 2.28023718043245 1.59105736702185
"855" 847 1.29065376002814 2.28074610348281 1.59126209190354
"856" 848 1.29075464458062 2.28120896544194 1.59146659328358
"857" 849 1.29085725627597 2.28172313605216 1.59167087166908
"858" 850 1.2909564681358 2.282266963965 1.59187492756543
"859" 851 1.29106480462272 2.28280512361461 1.59207876147631
"860" 852 1.2911748897684 2.28338565125259 1.5922823739036
"861" 853 1.29128856048912 2.28390860245734 1.59248576534752
"862" 854 1.29138896864121 2.28445114257706 1.59268893630653
"863" 855 1.29148871986146 2.28499730494904 1.59289188727743
"864" 856 1.29159405337928 2.28557643159953 1.59309461875527
"865" 857 1.29169675820331 2.28608593145847 1.59329713123345
"866" 858 1.29179457110724 2.28658024347197 1.59349942520368
"867" 859 1.29189044136661 2.28706879702991 1.59370150115596
"868" 860 1.29199953483958 2.28757663220027 1.59390335957866
"869" 861 1.29210123577769 2.28816118462814 1.59410500095849
"870" 862 1.29220191234134 2.28874523222108 1.5943064257805
"871" 863 1.29230031576402 2.28929473140783 1.59450763452805
"872" 864 1.2923989204458 2.2896980177634 1.59470862768296
"873" 865 1.29249914093319 2.29035553400694 1.59490940572531
"874" 866 1.29259978237964 2.2909358194885 1.59510996913365
"875" 867 1.29270012517652 2.29150380049298 1.59531031838485
"876" 868 1.29279885953146 2.29208787429888 1.59551045395421
"877" 869 1.29289802463913 2.29268568442518 1.59571037631542
"878" 870 1.29299717128267 2.2932562527815 1.59591008594056
"879" 871 1.29309662983109 2.29385688392149 1.59610958330013
"880" 872 1.29319567455916 2.2944149937668 1.59630886886305
"881" 873 1.2932997893182 2.2948759144185 1.59650794309671
"882" 874 1.29340480837789 2.29531377807525 1.59670680646685
"883" 875 1.29350105176736 2.29584606828301 1.59690545943776
"884" 876 1.29359816617023 2.29633682939451 1.59710390247207
"885" 877 1.29370334726059 2.29684081440676 1.59730213603093
"886" 878 1.29379822745689 2.29739649991669 1.59750016057393
"887" 879 1.29389374846657 2.29789719749765 1.59769797655916
"888" 880 1.29399500716456 2.29846695261056 1.59789558444315
"889" 881 1.2940913397719 2.29900984131705 1.59809298468094
"890" 882 1.29418926866548 2.29953072160537 1.59829017772602
"891" 883 1.29428704605114 2.30004185613977 1.59848716403041
"892" 884 1.29439483812595 2.30055690744967 1.59868394404465
"893" 885 1.29449998755722 2.30100544999312 1.59888051821776
"894" 886 1.29460384592423 2.30158125507252 1.59907688699727
"895" 887 1.29470246280302 2.30207166909219 1.59927305082924
"896" 888 1.29480253912251 2.30258275279924 1.59946901015831
"897" 889 1.29489851052049 2.30309301178033 1.59966476542756
"898" 890 1.29499795514173 2.3036235468918 1.5998603170787
"899" 891 1.29509881995042 2.30422152271272 1.60005566555193
"900" 892 1.29520144476563 2.30484103182956 1.60025081128605
"901" 893 1.29530207501149 2.30540062363546 1.60044575471841
"902" 894 1.29540118921673 2.30589955294636 1.60064049628488
"903" 895 1.29549784825164 2.30648213618887 1.60083503641999
"904" 896 1.29560107285483 2.30695138559383 1.60102937555678
"905" 897 1.29570784939471 2.30747575975031 1.60122351412691
"906" 898 1.29580567391468 2.30799929710918 1.6014174525606
"907" 899 1.29590602046419 2.30853006872159 1.60161119128675
"908" 900 1.29600101237173 2.30901788939028 1.60180473073275
"909" 901 1.29609192464106 2.30949042261375 1.6019980713247
"910" 902 1.29618429529347 2.30996253013748 1.60219121348727
"911" 903 1.2962811519917 2.31047096348351 1.60238415764376
"912" 904 1.29638265347346 2.31102406821162 1.60257690421608
"913" 905 1.29647694631187 2.31153042228898 1.60276945362484
"914" 906 1.29657335801466 2.31207889245233 1.60296180628922
"915" 907 1.29667312549699 2.31262746145329 1.60315396262707
"916" 908 1.29676695350443 2.31317385350193 1.60334592305491
"917" 909 1.29686571037653 2.31371928756534 1.60353768798791
"918" 910 1.2969631648065 2.31426426880764 1.6037292578399
"919" 911 1.29705721557123 2.31478914430099 1.60392063302338
"920" 912 1.29715223062704 2.31535576014975 1.60411181394953
"921" 913 1.29724761278303 2.3159005514439 1.60430280102819
"922" 914 1.29734635372107 2.3164125636005 1.60449359466795
"923" 915 1.29743645769214 2.31686326325546 1.60468419527602
"924" 916 1.29752571563489 2.3173219286163 1.60487460325835
"925" 917 1.29762242672709 2.3178327670663 1.60506481901956
"926" 918 1.29772215647529 2.31837491616533 1.60525484296305
"927" 919 1.29781801326491 2.31891536659664 1.60544467549086
"928" 920 1.29791190917044 2.31943941569452 1.60563431700378
"929" 921 1.29800627002463 2.31996807257899 1.60582376790133
"930" 922 1.29810272660423 2.32047605702503 1.60601302858175
"931" 923 1.29819258633744 2.32108247288043 1.60620209944206
"932" 924 1.29828972214599 2.32164030804843 1.60639098087794
"933" 925 1.29838415501117 2.32215749712907 1.60657967328391
"934" 926 1.29847700348627 2.32265408711341 1.60676817705316
"935" 927 1.29857084885008 2.32319055534201 1.60695649257769
"936" 928 1.29866131616683 2.32365243384342 1.60714462024827
"937" 929 1.29875214898216 2.32411604002199 1.60733256045439
"938" 930 1.29884274487944 2.32467740312895 1.60752031358437
"939" 931 1.29893776760879 2.32522632979922 1.60770788002527
"940" 932 1.2990239211656 2.32568935146585 1.60789526016293
"941" 933 1.29911367161962 2.32620823898051 1.60808245438204
"942" 934 1.29920388987442 2.32669844242443 1.60826946306601
"943" 935 1.29929400926335 2.32720364145613 1.60845628659709
"944" 936 1.29938514270968 2.32770254387711 1.60864292535632
"945" 937 1.29947640296862 2.32820934588008 1.60882937972358
"946" 938 1.2995676285804 2.32872082486255 1.6090156500775
"947" 939 1.29965985753306 2.32932038683654 1.60920173679559
"948" 940 1.29974967984578 2.32978567035355 1.60938764025418
"949" 941 1.29984030110976 2.33033845211115 1.60957336082841
"950" 942 1.29993087583619 2.33090266103 1.60975889889224
"951" 943 1.30002175003205 2.33146849129205 1.6099442548185
"952" 944 1.30011764604383 2.33203430143285 1.61012942897884
"953" 945 1.30020925082567 2.33259803420294 1.6103144217438
"954" 946 1.30030246235412 2.33310886167011 1.61049923348273
"955" 947 1.30039190252033 2.33362759211053 1.61068386456383
"956" 948 1.3004829564278 2.33412735750912 1.61086831535422
"957" 949 1.30057386189496 2.33464760491234 1.61105258621984
"958" 950 1.30066474933892 2.33514595773685 1.61123667752551
"959" 951 1.30075553952137 2.33565702370391 1.61142058963494
"960" 952 1.30084428954815 2.33620693838019 1.61160432291072
"961" 953 1.30093727021503 2.3367038857526 1.61178787771432
"962" 954 1.30102771505215 2.33727824150528 1.61197125440612
"963" 955 1.30111806349138 2.33785257998182 1.61215445334534
"964" 956 1.30120946308001 2.33838512771644 1.61233747489017
"965" 957 1.30129918579626 2.3388677527054 1.61252031939766
"966" 958 1.30139407884587 2.33930909738452 1.61270298722378
"967" 959 1.30149439790152 2.33979386131093 1.61288547872344
"968" 960 1.30160388214613 2.34031893461791 1.6130677942504
"969" 961 1.30169102389572 2.34080595378213 1.61324993415743
"970" 962 1.30177750465802 2.34134527987803 1.61343189879615
"971" 963 1.30186868282935 2.34182721173386 1.61361368851719
"972" 964 1.30195720467864 2.34225519419335 1.61379530367002
"973" 965 1.30204216379057 2.34274009908735 1.61397674460314
"974" 966 1.30213850782105 2.34322844747677 1.61415801166393
"975" 967 1.30223308544933 2.34372808832775 1.61433910519874
"976" 968 1.30233106826324 2.34433928499691 1.6145200255529
"977" 969 1.30242946261278 2.34494005452289 1.61470077307064
"978" 970 1.30252662710956 2.34551162227362 1.61488134809523
"979" 971 1.30261014469645 2.34597331485184 1.61506175096881
"980" 972 1.30269252952083 2.34644547622522 1.61524198203256
"981" 973 1.30277624324136 2.34687870912688 1.61542204162662
"982" 974 1.30286169910845 2.347383878383 1.61560193009009
"983" 975 1.3029455481095 2.34800437685923 1.61578164776107
"984" 976 1.30303908970642 2.34854844461448 1.61596119497663
"985" 977 1.30313438145081 2.34898667156831 1.61614057207287
"986" 978 1.30322945971063 2.34955472645427 1.61631977938481
"987" 979 1.30331501705718 2.35010686571082 1.61649881724652
"988" 980 1.30340138410933 2.35059557350008 1.6166776859911
"989" 981 1.30348498380164 2.35110799083601 1.61685638595058
"990" 982 1.30356871141801 2.35155259857747 1.61703491745606
"991" 983 1.30365790560659 2.35198239361289 1.61721328083764
"992" 984 1.30374006689167 2.35240997154528 1.61739147642439
"993" 985 1.30383052074809 2.35285458775767 1.61756950454452
"994" 986 1.30391566628625 2.35333492301471 1.61774736552512
"995" 987 1.30400198372387 2.35379458462024 1.61792505969243
"996" 988 1.30409807809311 2.3543384395015 1.61810258737166
"997" 989 1.3041942212909 2.35486118751118 1.61827994888705
"998" 990 1.30428686703938 2.35538036858667 1.61845714456194
"999" 991 1.30436801515171 2.35590812320498 1.61863417471866
"1000" 992 1.3044494767426 2.35640075468251 1.61881103967859
"1001" 993 1.30453093544302 2.35688908652782 1.61898773976222
"1002" 994 1.30461536520832 2.35739455222404 1.61916427528903
"1003" 995 1.3047046572731 2.35792771792596 1.6193406465776
"1004" 996 1.30479388342693 2.35841647338209 1.61951685394554
"1005" 997 1.30488382141856 2.35892114241386 1.61969289770956
"1006" 998 1.30497366867954 2.35948073811483 1.61986877818544
"1007" 999 1.30506583637969 2.35995836086025 1.62004449568803
"1008" 1000 1.30517128772401 2.36043285147651 1.62022005053123
