"T" "IC_low" "IC_up" "x_ML"
"1" 1.1 0.524707210614612 0.538823404558839 0.530403835443147
"2" 1.2 0.531140289529747 0.548612420029537 0.538213150820458
"3" 1.3 0.537162810631509 0.557666376454614 0.545487148419052
"4" 1.4 0.542840799224851 0.566098244883808 0.552299744171567
"5" 1.5 0.548183237570431 0.574001253014429 0.558710217831907
"6" 1.6 0.553259422165929 0.581424684446743 0.564766874943546
"7" 1.7 0.558072916652082 0.588449241894851 0.570509624681184
"8" 1.8 0.56266481250746 0.595102028041515 0.575971838534981
"9" 1.9 0.567062327562065 0.601426170959659 0.581181718729702
"10" 2 0.571266739833369 0.607464489280219 0.586163324348577
"11" 3 0.605885342488232 0.656319095164458 0.62691382404421
"12" 4 0.631707449419232 0.692577013334924 0.65735960861437
"13" 5 0.652387149108818 0.721959500418241 0.681892200959315
"14" 6 0.669679795912586 0.746837109083336 0.702552342416873
"15" 7 0.684494283780939 0.768538426485992 0.720464313677554
"16" 8 0.69746977128727 0.787977040573159 0.736317038500711
"17" 9 0.709027314978961 0.805644959483457 0.750564839997085
"18" 10 0.719457836652185 0.821784199373 0.763523942062908
"19" 11 0.728949305330099 0.836857776721668 0.775423753677692
"20" 12 0.737669405901862 0.850994839051142 0.786436256763027
"21" 13 0.745753150924228 0.864301245737278 0.796693867978214
"22" 14 0.753269955438558 0.876640559662098 0.806300821740343
"23" 15 0.760293034145006 0.88845328118243 0.815340712889837
"24" 16 0.766882019458873 0.899733600685319 0.82388166070743
"25" 17 0.773096209321327 0.910533241888835 0.831979944122618
"26" 18 0.778937172892791 0.920828721511599 0.839682622784112
"27" 19 0.784494597930468 0.930869587078568 0.847029466770627
"28" 20 0.789762429665442 0.940399173002205 0.854054403605317
"29" 21 0.794769563632332 0.949670292244312 0.860786621096614
"30" 22 0.799582578340737 0.958690374723777 0.867251420148025
"31" 23 0.804254274541065 0.967428137016525 0.873470882868335
"32" 24 0.808671487072653 0.975844257659601 0.879464402176514
"33" 25 0.812894049790632 0.984021560720885 0.885249106119963
"34" 26 0.816979844682194 0.991943225216013 0.890840201162047
"35" 27 0.820934195464242 0.999604550587686 0.896251252398656
"36" 28 0.824726939865805 1.00708716770328 0.901494414172136
"37" 29 0.828364948193576 1.01439501687147 0.906580621301479
"38" 30 0.831888915426613 1.02153544404868 0.911519748766167
"39" 31 0.835298196092226 1.02857092776229 0.916320745914763
"40" 32 0.838609045312548 1.0352941855601 0.920991749944668
"41" 33 0.841812165269642 1.04195829300782 0.925540182395869
"42" 34 0.844921208687819 1.04846160061258 0.92997283163381
"43" 35 0.847923847049812 1.05478176115818 0.934295923704034
"44" 36 0.850868249483672 1.06099029781103 0.938515183480171
"45" 37 0.853778764727333 1.06720024737445 0.942635887665219
"46" 38 0.856541996422126 1.07320375709138 0.946662910920348
"47" 39 0.859274229250556 1.07908974422578 0.950600766168148
"48" 40 0.861893152700657 1.08483101175829 0.954453639935226
"49" 41 0.864461489238781 1.09059305630582 0.958225423452429
"50" 42 0.866983381216989 1.09615693557184 0.961919740112088
"51" 43 0.869462831073733 1.10161577721293 0.965539969784898
"52" 44 0.871852882253421 1.10699494066487 0.969089270419672
"53" 45 0.874227593115953 1.11232636084071 0.972570597283955
"54" 46 0.876566428409812 1.11764437899543 0.975986720149441
"55" 47 0.878846160915125 1.12272661053901 0.97934023868129
"56" 48 0.881058951403464 1.12783272925599 0.982633596252993
"57" 49 0.88326341418555 1.13285454055252 0.98586909237707
"58" 50 0.885381158335278 1.13770745834895 0.98904889391548
"59" 51 0.887487834118941 1.14257627327101 0.992175045211403
"60" 52 0.889558430026771 1.14734290095248 0.9952494772651
"61" 53 0.891580616773653 1.1520353549749 0.998274016060599
"62" 54 0.893559286868409 1.15668118514302 1.00125039013621
"63" 55 0.895517765024327 1.16126678386329 1.00418023748016
"64" 56 0.897448614868959 1.1657831089655 1.00706511182262
"65" 57 0.899371886443163 1.17031236263666 1.00990648838677
"66" 58 0.901228590049202 1.17467329243925 1.01270576915389
"67" 59 0.903059508747116 1.17905105567386 1.01546428769134
"68" 60 0.904845820641714 1.18326131248594 1.01818331358636
"69" 61 0.90658503587296 1.18749998541013 1.02086405652381
"70" 62 0.908297685669598 1.19174823162132 1.02350767004195
"71" 63 0.910009452583878 1.19594291348343 1.02611525499627
"72" 64 0.911673054662421 1.20005060801573 1.02868786275837
"73" 65 0.913343121240379 1.20414070725378 1.03122649817401
"74" 66 0.914978453381227 1.20812759205963 1.03373212230172
"75" 67 0.916604739347164 1.21214919176399 1.03620565495151
"76" 68 0.918173899313831 1.21603781766918 1.03864797704083
"77" 69 0.919737842885725 1.21992931026469 1.04105993278354
"78" 70 0.921260607843752 1.22382553705157 1.04344233172587
"79" 71 0.922779967562458 1.22762888901939 1.04579595064221
"80" 72 0.924253356410366 1.23141068545333 1.04812153530204
"81" 73 0.925729454025234 1.235164547273 1.05041980211862
"82" 74 0.927182385060176 1.23885734168392 1.05269143968861
"83" 75 0.928618936212192 1.24248477374682 1.05493711023147
"84" 76 0.930054772821434 1.24621468349973 1.05715745093619
"85" 77 0.931449411386602 1.24986602417982 1.0593530752226
"86" 78 0.932832281012451 1.25345019236649 1.06152457392354
"87" 79 0.934199531898306 1.25703188550295 1.06367251639407
"88" 80 0.935551627604695 1.26055249225171 1.06579745155279
"89" 81 0.936866994527056 1.26412158549939 1.0678999088604
"90" 82 0.938175431410787 1.26764890028276 1.06998039923998
"91" 83 0.939483382532976 1.27105630807854 1.07203941594306
"92" 84 0.940783229740014 1.27443310876461 1.0740774353654
"93" 85 0.94207596266433 1.27777745546514 1.07609491781579
"94" 86 0.943328195554437 1.28103530962296 1.0780923082413
"95" 87 0.944586555136492 1.28432533223353 1.08007003691174
"96" 88 0.945808497195568 1.28758422851523 1.0820285200662
"97" 89 0.946989626822102 1.29085595692083 1.08396816052407
"98" 90 0.948200454543803 1.29407880620168 1.08588934826296
"99" 91 0.94936696399394 1.29730430495727 1.08779246096557
"100" 92 0.950538867772073 1.30054255556251 1.0896778645376
"101" 93 0.951697577174499 1.30359634377395 1.09154591359839
"102" 94 0.952851191940757 1.30676210149722 1.09339695194618
"103" 95 0.953996094009702 1.30990380267418 1.09523131299944
"104" 96 0.955082962303183 1.31300036770891 1.09704932021568
"105" 97 0.956177342039719 1.31611688333212 1.09885128748933
"106" 98 0.957293484492779 1.31920900803381 1.10063751952971
"107" 99 0.958404500327382 1.32219010555588 1.10240831222039
"108" 100 0.959486679916271 1.32527864359273 1.10416395296104
"109" 101 0.960531629342733 1.3281944014328 1.10590472099276
"110" 102 0.961592253234288 1.33107615396502 1.10763088770781
"111" 103 0.962657600353531 1.33400632670569 1.10934271694475
"112" 104 0.9637185446751 1.33688941722345 1.11104046526967
"113" 105 0.964741274914247 1.33977668320675 1.11272438224435
"114" 106 0.965741063544689 1.34264448916543 1.11439471068215
"115" 107 0.966767344296893 1.3454311179385 1.11605168689218
"116" 108 0.967775994248943 1.3482432569746 1.11769554091246
"117" 109 0.968760264565192 1.35106920009002 1.11932649673263
"118" 110 0.96974608090131 1.35385255500479 1.12094477250682
"119" 111 0.970718917329481 1.35659175069126 1.12255058075715
"120" 112 0.971688814780966 1.35931012118808 1.12414412856838
"121" 113 0.97265518000063 1.36201637535485 1.12572561777412
"122" 114 0.973605050564264 1.3647363936738 1.12729524513517
"123" 115 0.97455068621044 1.36742065517267 1.12885320251018
"124" 116 0.975481121741624 1.3701486575685 1.13039967701924
"125" 117 0.976413006034836 1.3728279887443 1.13193485120058
"126" 118 0.977302434946912 1.37550750199891 1.13345890316085
"127" 119 0.97821000002615 1.37827072673799 1.13497200671922
"128" 120 0.979113685462366 1.38088196965278 1.13647433154562
"129" 121 0.979982768153269 1.38342589011929 1.13796604329341
"130" 122 0.980869417369501 1.38617435229088 1.13944730372682
"131" 123 0.981756498500103 1.38883682915014 1.14091827084318
"132" 124 0.982636563638328 1.39139215737716 1.14237909899054
"133" 125 0.983478106406312 1.39394066918507 1.14382993898057
"134" 126 0.984359092672057 1.39644141855658 1.14527093819713
"135" 127 0.985223524205509 1.39904510327064 1.1467022407007
"136" 128 0.986053010053591 1.40159006703655 1.14812398732879
"137" 129 0.986887770670163 1.40406735815715 1.14953631579259
"138" 130 0.987701515232973 1.40655178669884 1.15093936077002
"139" 131 0.988536287417131 1.40903772411836 1.15233325399524
"140" 132 0.989372231156423 1.41146725288484 1.15371812434491
"141" 133 0.990180361290431 1.41389763869008 1.15509409792133
"142" 134 0.990982763337287 1.41629133957445 1.15646129813245
"143" 135 0.99175995559374 1.41873292677686 1.15781984576909
"144" 136 0.992572733960482 1.42121122035284 1.15916985907936
"145" 137 0.993359858440372 1.42361347311839 1.16051145384042
"146" 138 0.994142139165447 1.42599312909175 1.16184474342771
"147" 139 0.994913137345688 1.42842756637425 1.1631698388818
"148" 140 0.99568200064018 1.43086403298142 1.16448684897283
"149" 141 0.996470361817117 1.43327319323717 1.1657958802628
"150" 142 0.997219084670402 1.43563851374868 1.16709703716569
"151" 143 0.997943227127844 1.43801921883212 1.16839042200552
"152" 144 0.998714652944947 1.44034416148032 1.16967613507251
"153" 145 0.999464224832021 1.44270552400745 1.17095427467725
"154" 146 1.00024540869224 1.44502312519082 1.17222493720314
"155" 147 1.00097923275171 1.4473431337007 1.17348821715711
"156" 148 1.00169466506364 1.44968905835457 1.17474420721856
"157" 149 1.0024223381146 1.45203207986279 1.17599299828684
"158" 150 1.00314302423932 1.4542201409517 1.17723467952711
"159" 151 1.00384824991596 1.45652344775471 1.1784693384147
"160" 152 1.00458518060916 1.45880395494535 1.17969706077812
"161" 153 1.00529531472205 1.46097769379023 1.18091793084064
"162" 154 1.00598262167223 1.4632378498758 1.1821320312606
"163" 155 1.00667433192774 1.4653575133431 1.18333944317044
"164" 156 1.00735384675119 1.46751223447018 1.18454024621447
"165" 157 1.00803715013932 1.46970553708372 1.18573451858551
"166" 158 1.00872639351478 1.47185451636125 1.18692233706044
"167" 159 1.00939867920139 1.47404749100246 1.18810377703457
"168" 160 1.01008185919766 1.47621484503381 1.18927891255504
"169" 161 1.01072741971148 1.4784619737676 1.19044781635315
"170" 162 1.01137446051709 1.4806375808007 1.19161055987577
"171" 163 1.0120549982761 1.48277250387618 1.19276721331581
"172" 164 1.01268553471272 1.48488431828363 1.19391784564172
"173" 165 1.01335054136934 1.48697231435813 1.1950625246262
"174" 166 1.01399859342127 1.48911708447807 1.19620131687404
"175" 167 1.01464496780183 1.49122296071047 1.19733428784911
"176" 168 1.01527233612335 1.49330016794319 1.19846150190063
"177" 169 1.01592423958715 1.49536032675261 1.19958302228865
"178" 170 1.01655978460921 1.49743484600653 1.2006989112088
"179" 171 1.01722267256064 1.49949421235069 1.20180922981634
"180" 172 1.01782475186688 1.50154818937395 1.20291403824954
"181" 173 1.01847964069753 1.50354362177508 1.20401339565238
"182" 174 1.01909826735559 1.50558602506275 1.20510736019662
"183" 175 1.0197319522067 1.50758229490895 1.2061959891033
"184" 176 1.0203488278152 1.5095774062136 1.20727933866356
"185" 177 1.0209509798494 1.51152907964528 1.20835746425899
"186" 178 1.02156974855567 1.5134683658482 1.20943042038133
"187" 179 1.02220048388623 1.51541346273619 1.21049826065168
"188" 180 1.02279741582016 1.51740005741603 1.2115610378392
"189" 181 1.02339932740379 1.51937552480143 1.21261880387928
"190" 182 1.02400156916667 1.521390313076 1.21367160989127
"191" 183 1.02460280513715 1.52334363177761 1.21471950619563
"192" 184 1.02518152226729 1.52524352478304 1.2157625423308
"193" 185 1.02578432540811 1.52714346823981 1.21680076706944
"194" 186 1.02637689725396 1.52894217604186 1.2178342284344
"195" 187 1.02692822697543 1.53087686869005 1.21886297371415
"196" 188 1.02748418025547 1.53281521105663 1.21988704947794
"197" 189 1.02806204429921 1.53470972502119 1.22090650159042
"198" 190 1.02861723426978 1.53666649792947 1.22192137522601
"199" 191 1.02920335455183 1.53857478062274 1.22293171488285
"200" 192 1.02974321777282 1.54042739151446 1.22393756439641
"201" 193 1.03028203585174 1.54228941821063 1.22493896695273
"202" 194 1.03083830814741 1.54418469645195 1.22593596510136
"203" 195 1.03139510774187 1.54607144707901 1.226928600768
"204" 196 1.03196517470767 1.54789167229353 1.22791691526672
"205" 197 1.03253587904965 1.54970586840207 1.22890094931202
"206" 198 1.03307865456712 1.55153885378714 1.22988074303048
"207" 199 1.03363096634268 1.55338528809261 1.2308563359722
"208" 200 1.03419792127812 1.55518150940533 1.23182776712191
"209" 201 1.03474348451615 1.5570934369451 1.23279507490983
"210" 202 1.03528946456344 1.55891051218588 1.23375829722232
"211" 203 1.03582920187862 1.56068213863764 1.23471747141213
"212" 204 1.0363615608847 1.56244928700547 1.23567263430861
"213" 205 1.03689834244544 1.56427381978582 1.23662382222748
"214" 206 1.03743028808802 1.56601468284946 1.23757107098051
"215" 207 1.03794944775722 1.56771714676104 1.23851441588491
"216" 208 1.0384803022688 1.56954326005627 1.23945389177251
"217" 209 1.03901674079601 1.57130314496026 1.24038953299871
"218" 210 1.03953885214915 1.57301441808794 1.24132137345127
"219" 211 1.04003937240668 1.57477000326351 1.24224944655886
"220" 212 1.04053621194396 1.57654560883809 1.24317378529938
"221" 213 1.04103068995112 1.57827134087359 1.24409442220821
"222" 214 1.04152794801985 1.58003165020672 1.24501138938611
"223" 215 1.04202651130579 1.58184237274174 1.24592471850711
"224" 216 1.04252856824256 1.58351581515661 1.24683444082606
"225" 217 1.0430286889226 1.58514496172442 1.24774058718613
"226" 218 1.0435285347997 1.58684923510004 1.24864318802609
"227" 219 1.04403243861341 1.588570222842 1.24954227338747
"228" 220 1.04452223057315 1.5903358791086 1.25043787292146
"229" 221 1.04504151486439 1.59204495851284 1.25133001589579
"230" 222 1.045495119995 1.59374003158111 1.25221873120141
"231" 223 1.04597678490491 1.59544227611 1.25310404735893
"232" 224 1.0464618232402 1.59711753738992 1.25398599252512
"233" 225 1.04693445259713 1.59876575225545 1.25486459449904
"234" 226 1.0474017000499 1.60044568879381 1.25573988072823
"235" 227 1.04785804861415 1.60210245807947 1.25661187831464
"236" 228 1.04833458820081 1.60376320272818 1.2574806140205
"237" 229 1.04882114279493 1.60543797337994 1.25834611427408
"238" 230 1.04931374215729 1.60707755095548 1.25920840517522
"239" 231 1.04980579053723 1.60878173621431 1.2600675125009
"240" 232 1.05026771853503 1.6105413176091 1.26092346171053
"241" 233 1.05073551069035 1.61215778251396 1.2617762779513
"242" 234 1.05118554273511 1.61373905276656 1.26262598606326
"243" 235 1.05164149366163 1.61534912134651 1.26347261058439
"244" 236 1.05209673382981 1.6170237597073 1.26431617575556
"245" 237 1.05255306681013 1.61873172087077 1.26515670552533
"246" 238 1.05299279755519 1.62029896059362 1.26599422355472
"247" 239 1.05344399013588 1.62193614451163 1.26682875322186
"248" 240 1.05388938166567 1.62356386457906 1.26766031762648
"249" 241 1.05433803625353 1.62516890955527 1.26848893959448
"250" 242 1.05477252142052 1.62671573088651 1.26931464168219
"251" 243 1.05523820511742 1.62829233672876 1.27013744618069
"252" 244 1.05566798733507 1.62997532584711 1.27095737512003
"253" 245 1.05611008686298 1.6315565190975 1.27177445027333
"254" 246 1.05652674441272 1.63308890802622 1.27258869316076
"255" 247 1.05696256343808 1.63469025647191 1.27340012505358
"256" 248 1.05738715418705 1.63632568754741 1.27420876697796
"257" 249 1.05782726685015 1.63793995912474 1.27501463971878
"258" 250 1.05827865059537 1.63946068569628 1.27581776382338
"259" 251 1.0587178388849 1.64096869622092 1.27661815960517
"260" 252 1.05913691703654 1.64250965274856 1.27741584714727
"261" 253 1.05956697471619 1.6440523345147 1.27821084630596
"262" 254 1.06001136326656 1.64560989734487 1.27900317671421
"263" 255 1.06043733233246 1.64720234146545 1.27979285778495
"264" 256 1.06086016981498 1.6487406433091 1.28057990871449
"265" 257 1.06126526464666 1.65027262889204 1.28136434848572
"266" 258 1.06167649576501 1.65183718411828 1.2821461958713
"267" 259 1.0621027193517 1.65331868637177 1.28292546943681
"268" 260 1.06250255638721 1.65478157967182 1.28370218754383
"269" 261 1.0629413627713 1.65632881733437 1.28447636835294
"270" 262 1.06333382596224 1.65775340501914 1.28524802982666
"271" 263 1.06374836566361 1.6592435991048 1.28601718973244
"272" 264 1.0641511784753 1.66077019015469 1.2867838656454
"273" 265 1.06454505575902 1.66219949418952 1.2875480749512
"274" 266 1.06495927750553 1.66372298310373 1.28830983484878
"275" 267 1.06536590322475 1.66512654125285 1.28906916235306
"276" 268 1.06577050317628 1.66659317996765 1.28982607429756
"277" 269 1.06616889174018 1.66810198571677 1.29058058733703
"278" 270 1.066562614694 1.66956559251761 1.29133271795001
"279" 271 1.06694133017244 1.6710368027301 1.29208248244132
"280" 272 1.067320341922 1.67253583892395 1.29282989694454
"281" 273 1.06772295782887 1.67401020401307 1.29357497742442
"282" 274 1.06812321036863 1.67549452485455 1.29431773967924
"283" 275 1.06851997343368 1.67700375227068 1.2950581993432
"284" 276 1.06891828001822 1.67850280283659 1.29579637188867
"285" 277 1.06932196067241 1.67999991412541 1.29653227262844
"286" 278 1.06968895111549 1.68153412484071 1.29726591671798
"287" 279 1.07008118099709 1.68305933150483 1.29799731915756
"288" 280 1.07047005123613 1.68448495007216 1.29872649479441
"289" 281 1.07085100655322 1.68592691364689 1.29945345832486
"290" 282 1.07121425915191 1.6873624099784 1.30017822429635
"291" 283 1.07159486151573 1.68874968506294 1.30090080710947
"292" 284 1.07196459263462 1.69023440410847 1.30162122101998
"293" 285 1.0723297115176 1.69165506776459 1.30233948014077
"294" 286 1.07270902649019 1.69300945618439 1.30305559844376
"295" 287 1.07307651113444 1.69445615565968 1.3037695897618
"296" 288 1.07345646866811 1.69579744517839 1.30448146779056
"297" 289 1.07384554327118 1.69723220441151 1.30519124609034
"298" 290 1.07421629347224 1.69864177820902 1.30589893808787
"299" 291 1.07459604238602 1.70005903797929 1.30660455707811
"300" 292 1.07499003530277 1.70140173430038 1.30730811622593
"301" 293 1.07535564933388 1.70278253771109 1.30800962856787
"302" 294 1.07573597435699 1.70416012517679 1.30870910701387
"303" 295 1.07609841774991 1.70554880050656 1.30940656434878
"304" 296 1.07646947739947 1.70693675233492 1.31010201323415
"305" 297 1.0768233984452 1.70836902442264 1.31079546620974
"306" 298 1.07719374434725 1.7096836855769 1.31148693569511
"307" 299 1.07755434550995 1.71111124651167 1.31217643399121
"308" 300 1.07791918467655 1.712476582299 1.31286397328184
"309" 301 1.07828917914343 1.71386104685865 1.31354956563522
"310" 302 1.07864338563636 1.7151854440637 1.31423322300541
"311" 303 1.0790043336734 1.71658108854155 1.31491495723381
"312" 304 1.07935721950776 1.71791588379371 1.31559478005054
"313" 305 1.07973008274547 1.71919548472543 1.31627270307591
"314" 306 1.08006318225361 1.72059851041577 1.31694873782174
"315" 307 1.0804122866488 1.72191524109505 1.31762289569277
"316" 308 1.08074968142244 1.72323033084374 1.31829518798797
"317" 309 1.08110789277036 1.72451371770118 1.31896562590189
"318" 310 1.08147294355836 1.72590305496438 1.31963422052594
"319" 311 1.081809363706 1.72715769249196 1.32030098284968
"320" 312 1.08215987176627 1.72847187958667 1.32096592376206
"321" 313 1.0825064545643 1.72984135892901 1.32162905405266
"322" 314 1.08286351957364 1.73121378801255 1.32229038441298
"323" 315 1.08320990190019 1.7325394488363 1.32294992543752
"324" 316 1.08354544039206 1.73388572321436 1.32360768762506
"325" 317 1.08389105682053 1.73518427603135 1.32426368137981
"326" 318 1.08424106456745 1.73650667435201 1.32491791701252
"327" 319 1.08457948536869 1.73783347048139 1.32557040474162
"328" 320 1.08490095454714 1.73912851288238 1.32622115469439
"329" 321 1.08522858701372 1.74042987518419 1.32687017690795
"330" 322 1.08555607842438 1.7417452567683 1.32751748133046
"331" 323 1.08589792099074 1.74310740409875 1.32816307782208
"332" 324 1.08622571485058 1.74441783655101 1.32880697615608
"333" 325 1.08656264070042 1.7457196805796 1.32944918601984
"334" 326 1.0868827228179 1.74692469747229 1.33008971701589
"335" 327 1.08719852496204 1.74832675148966 1.33072857866289
"336" 328 1.08751872989462 1.74962951088469 1.33136578039665
"337" 329 1.08784379778276 1.75092773792797 1.33200133157104
"338" 330 1.08820006912579 1.75221023795365 1.332635241459
"339" 331 1.0885289308356 1.75352075119239 1.33326751925348
"340" 332 1.08884442646495 1.7548664688287 1.33389817406835
"341" 333 1.08915204469356 1.75608239605312 1.3345272149393
"342" 334 1.08946524451694 1.75733434276035 1.33515465082482
"343" 335 1.08977017869059 1.75862611908917 1.33578049060697
"344" 336 1.09010358518714 1.75987667026612 1.33640474309238
"345" 337 1.09041317174332 1.76113970797784 1.33702741701301
"346" 338 1.09074629041174 1.76237442851373 1.33764852102709
"347" 339 1.09108140327836 1.7636841288693 1.33826806371988
"348" 340 1.09141037792346 1.76493748418138 1.33888605360457
"349" 341 1.09172680581366 1.76619360540089 1.33950249912301
"350" 342 1.09206054219014 1.76745652290576 1.34011740864663
"351" 343 1.09237937006327 1.76867752088485 1.3407307904771
"352" 344 1.09268317585456 1.76986177384253 1.34134265284724
"353" 345 1.0930034934725 1.77112646803257 1.34195300392168
"354" 346 1.0933387098638 1.77239537955533 1.34256185179772
"355" 347 1.0936503967278 1.77367184047209 1.34316920450595
"356" 348 1.09397862362308 1.77493128302244 1.34377507001115
"357" 349 1.09427634688697 1.7761943079396 1.34437945621288
"358" 350 1.09458013239062 1.77740860090011 1.34498237094626
"359" 351 1.09487968962467 1.77865461423553 1.34558382198272
"360" 352 1.09518468852826 1.77988750523547 1.34618381703055
"361" 353 1.0954908637781 1.78117606430822 1.34678236373581
"362" 354 1.09580199145372 1.78243515149174 1.34737946968277
"363" 355 1.0961108976453 1.78367068085485 1.34797514239478
"364" 356 1.09642473479211 1.78484784358521 1.34856938933481
"365" 357 1.0967242357491 1.78609762355051 1.34916221790616
"366" 358 1.09702601280288 1.78727745676097 1.34975363545307
"367" 359 1.09732313896002 1.7884394551887 1.35034364926136
"368" 360 1.09764237629246 1.7896547227149 1.35093226655908
"369" 361 1.09794118697457 1.79088912267946 1.3515194945171
"370" 362 1.09824202115945 1.79206843575342 1.35210534024976
"371" 363 1.09853760748811 1.79327377800511 1.35268981081539
"372" 364 1.09882361806356 1.79445891749805 1.35327291321698
"373" 365 1.09912389505517 1.79562486218842 1.35385465440273
"374" 366 1.09942181072963 1.796823535444 1.35443504126668
"375" 367 1.0997141659053 1.79806501613561 1.35501408064917
"376" 368 1.10000440627362 1.79925542317352 1.35559177933751
"377" 369 1.10030012959864 1.80043828918226 1.35616814406646
"378" 370 1.10059543256893 1.80165438344261 1.35674318151885
"379" 371 1.10087667840302 1.80288181576306 1.35731689832606
"380" 372 1.10115606465612 1.80402360671165 1.35788930106856
"381" 373 1.10144391455597 1.80513970698101 1.35846039627648
"382" 374 1.10172579708702 1.80635097867498 1.35903019043007
"383" 375 1.10200759016082 1.8075630067111 1.35959868996025
"384" 376 1.10229469746608 1.8086576750105 1.36016590124913
"385" 377 1.10257883379571 1.80976129716488 1.36073183063045
"386" 378 1.10287215560239 1.81097596413844 1.36129648439014
"387" 379 1.10314808065077 1.8122317666906 1.36185986876676
"388" 380 1.10341915564667 1.81338310099017 1.362421989952
"389" 381 1.10370019574772 1.8145956890091 1.36298285409118
"390" 382 1.10396968504383 1.81583947489473 1.36354246728364
"391" 383 1.10425371351394 1.81697418199994 1.3641008355833
"392" 384 1.10453883737764 1.81807264922362 1.36465796499903
"393" 385 1.10482026065706 1.81914980801669 1.36521386149518
"394" 386 1.10509966436379 1.82038426140553 1.36576853099196
"395" 387 1.1053814817228 1.82152351461552 1.36632197936591
"396" 388 1.10565778335743 1.82269382479183 1.36687421245034
"397" 389 1.10594561789668 1.82375202421704 1.36742523603573
"398" 390 1.10623751695958 1.82489945143214 1.36797505587018
"399" 391 1.10651552011978 1.82604622560301 1.36852367765982
"400" 392 1.10678700329027 1.82721488953252 1.36907110706924
"401" 393 1.10705825163341 1.82839902445563 1.36961734972185
"402" 394 1.10733287485078 1.82957146494436 1.37016241120033
"403" 395 1.10759747866205 1.83066161418617 1.370706297047
"404" 396 1.1078656623882 1.83181350240978 1.37124901276424
"405" 397 1.10813689831786 1.83287552394371 1.37179056381487
"406" 398 1.10841824388329 1.83408716914056 1.37233095562247
"407" 399 1.10868604479947 1.83528139252085 1.37287019357188
"408" 400 1.10896464930178 1.83636833358868 1.37340828300948
"409" 401 1.10923389874268 1.83747011852812 1.37394522924358
"410" 402 1.10949783629721 1.83855785526404 1.37448103754479
"411" 403 1.10976857722928 1.83969520270139 1.37501571314642
"412" 404 1.11003416121732 1.84082744654363 1.37554926124477
"413" 405 1.11030488493596 1.84188783622899 1.3760816869995
"414" 406 1.1105659257848 1.84293834115995 1.37661299553403
"415" 407 1.11083961492602 1.8440357790872 1.37714319193579
"416" 408 1.11109570880766 1.84520954571579 1.37767228125668
"417" 409 1.11133632611053 1.84632552551922 1.37820026851327
"418" 410 1.11160487667725 1.84736291078329 1.37872715868724
"419" 411 1.11187288831431 1.84842366881567 1.37925295672569
"420" 412 1.11213502965575 1.84948555973567 1.37977766754138
"421" 413 1.11239522746688 1.85052021235127 1.38030129601316
"422" 414 1.11264796660426 1.85155590683865 1.38082384698622
"423" 415 1.11291921983624 1.85262196411164 1.38134532527243
"424" 416 1.1131812671318 1.85374193313937 1.38186573565064
"425" 417 1.11343657303507 1.85479749232331 1.38238508286696
"426" 418 1.11370585640378 1.85581183571916 1.38290337163513
"427" 419 1.11394375538243 1.8569512607545 1.38342060663675
"428" 420 1.11421285870143 1.85810526742513 1.38393679252159
"429" 421 1.11446133880811 1.85915429742142 1.38445193390792
"430" 422 1.11471072894739 1.86018929961839 1.38496603538274
"431" 423 1.11495418347411 1.86132226975336 1.38547910150213
"432" 424 1.11520448153443 1.86236366319217 1.38599113679146
"433" 425 1.11546397557917 1.86340662916251 1.38650214574572
"434" 426 1.11572655537026 1.86449112717076 1.38701213282979
"435" 427 1.11598569302307 1.86553441393135 1.38752110247868
"436" 428 1.11623727803888 1.86666031537776 1.38802905909784
"437" 429 1.11649069735872 1.8677737759839 1.3885360070634
"438" 430 1.1167430123968 1.86883447938165 1.38904195072243
"439" 431 1.11699366268768 1.86992151469517 1.38954689439322
"440" 432 1.11726036945774 1.8709702901299 1.39005084236552
"441" 433 1.11749404338395 1.87206737999554 1.3905537989008
"442" 434 1.11774413849694 1.87312956025896 1.3910557682325
"443" 435 1.11798990450947 1.87421310908973 1.3915567545663
"444" 436 1.11823825842927 1.87529305554503 1.39205676208032
"445" 437 1.11849075885513 1.87630531045879 1.39255579492539
"446" 438 1.11874196130362 1.87741628259184 1.39305385722529
"447" 439 1.11899603419341 1.87850152227471 1.39355095307702
"448" 440 1.11923197658398 1.87956667276545 1.39404708655096
"449" 441 1.11948288288281 1.8806238816759 1.39454226169115
"450" 442 1.11974059701993 1.88158470399728 1.39503648251553
"451" 443 1.11998417473109 1.88260318858121 1.39552975301614
"452" 444 1.12022866335244 1.88370440416427 1.39602207715934
"453" 445 1.12046278910953 1.88470934116917 1.39651345888609
"454" 446 1.12068952439842 1.88570051532698 1.3970039021121
"455" 447 1.12092825462496 1.88674857994443 1.39749341072806
"456" 448 1.12117669000888 1.88778200509093 1.3979819885999
"457" 449 1.12141329468828 1.88880317381388 1.39846963956897
"458" 450 1.12166510999113 1.88973369875892 1.39895636745225
"459" 451 1.12190594171948 1.89072756512884 1.39944217604253
"460" 452 1.12213968799443 1.89166780266604 1.39992706910872
"461" 453 1.12238125448167 1.89264570278114 1.40041105039591
"462" 454 1.12261782449146 1.89359903547215 1.40089412362567
"463" 455 1.1228457707131 1.89460490016815 1.40137629249625
"464" 456 1.12308197286711 1.89563344321525 1.40185756068272
"465" 457 1.12330283801303 1.89671738472631 1.40233793183721
"466" 458 1.12353764753283 1.89773309005145 1.40281740958907
"467" 459 1.12377641382033 1.89875414997881 1.4032959975451
"468" 460 1.12401085146573 1.89976565997027 1.40377369928973
"469" 461 1.12424375244831 1.90084501820637 1.40425051838516
"470" 462 1.12446819661058 1.90182674455271 1.40472645837162
"471" 463 1.1246914485134 1.90286222171009 1.4052015227675
"472" 464 1.12494259723047 1.90388731088726 1.40567571506954
"473" 465 1.12518364474321 1.90486154896356 1.40614903875302
"474" 466 1.12542650042446 1.90580277334741 1.40662149727196
"475" 467 1.12564163623349 1.90672460795423 1.40709309405922
"476" 468 1.12586840765357 1.90776890683742 1.40756383252675
"477" 469 1.12609462893896 1.90876977107858 1.40803371606576
"478" 470 1.12633618645331 1.90971137524367 1.40850274804681
"479" 471 1.12657537922365 1.91069421816882 1.40897093182009
"480" 472 1.12679851411287 1.91171544981151 1.4094382707155
"481" 473 1.12703401734367 1.91270936459288 1.40990476804284
"482" 474 1.12727265253441 1.91368439247371 1.41037042709203
"483" 475 1.12751509901199 1.91471373840906 1.41083525113315
"484" 476 1.12775694293727 1.91570034807997 1.41129924341673
"485" 477 1.12798384134208 1.91665983403925 1.41176240717381
"486" 478 1.12822079988242 1.91758784145725 1.41222474561618
"487" 479 1.12843907272892 1.91858847398281 1.41268626193644
"488" 480 1.1286574903726 1.91951682124083 1.41314695930826
"489" 481 1.12888661120062 1.92044297191181 1.41360684088642
"490" 482 1.12910059279731 1.92141160762722 1.41406590980708
"491" 483 1.12933345041078 1.92238343669591 1.41452416918782
"492" 484 1.12955320377476 1.92347156808501 1.41498162212788
"493" 485 1.12977082301999 1.92445307615316 1.4154382717082
"494" 486 1.12998995262195 1.92542328784165 1.41589412099169
"495" 487 1.13022008721041 1.92643221660503 1.41634917302328
"496" 488 1.13045109514397 1.92747588682604 1.41680343083008
"497" 489 1.13066818363589 1.92846948315733 1.41725689742156
"498" 490 1.13089669727901 1.92935359614299 1.41770957578966
"499" 491 1.13114190285538 1.93032793644444 1.41816146890888
"500" 492 1.13138157062825 1.9313495708829 1.41861257973653
"501" 493 1.13160521234312 1.93227895027772 1.41906291121276
"502" 494 1.13183497046923 1.9332717253619 1.41951246626075
"503" 495 1.13204918368623 1.93425185586673 1.41996124778681
"504" 496 1.13224376429719 1.93528085116352 1.42040925868055
"505" 497 1.13246111034778 1.93620150660211 1.42085650181496
"506" 498 1.13267211494768 1.937184593932 1.42130298004659
"507" 499 1.13287270499817 1.93815235037729 1.42174869621563
"508" 500 1.13309622173761 1.93907193758363 1.42219365314608
"509" 501 1.13332096099612 1.93997217707886 1.42263785364582
"510" 502 1.13354528483038 1.94085157982916 1.4230813005068
"511" 503 1.13374799491787 1.94182227942273 1.42352399650512
"512" 504 1.13397045153716 1.9427660953452 1.42396594440116
"513" 505 1.13418129140507 1.94373259661586 1.42440714693967
"514" 506 1.13440562848901 1.94463005585156 1.42484760684997
"515" 507 1.13460759734773 1.94554752181385 1.42528732684599
"516" 508 1.13481301025975 1.94651482871612 1.4257263096264
"517" 509 1.13502897034291 1.94748178223893 1.42616455787476
"518" 510 1.13523650566232 1.94839203573246 1.4266020742596
"519" 511 1.13544102675048 1.9493211312294 1.42703886143456
"520" 512 1.13565189321245 1.95025818092793 1.42747492203849
"521" 513 1.13586027370272 1.95123500911201 1.42791025869552
"522" 514 1.1360855411112 1.95215182207649 1.42834487401526
"523" 515 1.13629892323463 1.95311428168319 1.42877877059284
"524" 516 1.13650408265707 1.95398363892045 1.42921195100903
"525" 517 1.13670996160193 1.95491289163375 1.42964441783037
"526" 518 1.13690830317693 1.95583310897363 1.43007617360921
"527" 519 1.13712221274863 1.95673799770928 1.43050722088395
"528" 520 1.13733805196896 1.95765607638571 1.43093756217898
"529" 521 1.13755415815122 1.95861177319623 1.43136720000492
"530" 522 1.13775420812267 1.95946757659605 1.43179613685861
"531" 523 1.1379457010019 1.96036604008031 1.43222437522331
"532" 524 1.13813285274876 1.96136245926909 1.43265191756876
"533" 525 1.13835453603492 1.96233595373275 1.43307876635121
"534" 526 1.13856785375661 1.96323659356554 1.43350492401365
"535" 527 1.13878614374301 1.96408598620408 1.43393039298582
"536" 528 1.13898975072742 1.96498229428362 1.43435517568434
"537" 529 1.13921839769287 1.96593047069737 1.43477927451272
"538" 530 1.13941893208832 1.96682638402809 1.43520269186166
"539" 531 1.13961269488008 1.96773595617493 1.43562543010889
"540" 532 1.13982936184423 1.96866770923297 1.43604749161946
"541" 533 1.14003417037311 1.96961783638939 1.43646887874572
"542" 534 1.14023864903172 1.97055675893644 1.43688959382743
"543" 535 1.14043359566591 1.97148282315877 1.43730963919193
"544" 536 1.14064233020208 1.97237918574362 1.43772901715415
"545" 537 1.14083575428565 1.97328723959443 1.43814773001665
"546" 538 1.14104438410105 1.97415146100279 1.43856578006988
"547" 539 1.14123757082955 1.97496508652399 1.43898316959211
"548" 540 1.14145168425922 1.97590617840096 1.43939990084954
"549" 541 1.14166649695924 1.97683172657288 1.43981597609647
"550" 542 1.1418703368792 1.97766415186371 1.44023139757531
"551" 543 1.14206017838664 1.97854339551723 1.44064616751668
"552" 544 1.14225642229562 1.9794172121348 1.4410602881395
"553" 545 1.14245580009985 1.98033035065188 1.44147376165108
"554" 546 1.142660479934 1.98119837362429 1.44188659024721
"555" 547 1.14285680140814 1.98221190590858 1.44229877611216
"556" 548 1.14304989539162 1.98306071252768 1.44271032141888
"557" 549 1.14326707634949 1.98394895315735 1.44312122832902
"558" 550 1.14347017465843 1.98484719924604 1.44353149899301
"559" 551 1.14368301083716 1.98571684673651 1.44394113555014
"560" 552 1.14389100706552 1.98658813887448 1.44435014012863
"561" 553 1.14409754748479 1.98739877985443 1.44475851484573
"562" 554 1.14430640564082 1.98824915194403 1.44516626180778
"563" 555 1.1444929849996 1.98910138698497 1.44557338311029
"564" 556 1.14467709130723 1.99001579035675 1.44597988083802
"565" 557 1.14487916034121 1.99087045687642 1.44638575706505
"566" 558 1.14506498723717 1.99185061479215 1.44679101385482
"567" 559 1.14525646751588 1.9927036486856 1.4471956532603
"568" 560 1.14544644950087 1.99361573637519 1.44759967732393
"569" 561 1.14563362473436 1.99450469151075 1.44800308807782
"570" 562 1.14582022763528 1.99536974143207 1.44840588754372
"571" 563 1.14600983894412 1.9962971375274 1.44880807773313
"572" 564 1.14619676739987 1.99715534178114 1.44920966064742
"573" 565 1.14639775224033 1.99805192007506 1.44961063827781
"574" 566 1.14657975502233 1.99900014136512 1.45001101260549
"575" 567 1.1467678284101 1.99994342085917 1.4504107856017
"576" 568 1.14696203103518 2.00082420342901 1.45080995922772
"577" 569 1.14715891509612 2.00166963628744 1.45120853543505
"578" 570 1.14735923872902 2.00250345231438 1.45160651616541
"579" 571 1.14754409833052 2.00338004530722 1.4520039033508
"580" 572 1.14773929696491 2.00420726997944 1.45240069891359
"581" 573 1.1479266803529 2.00505681617306 1.45279690476658
"582" 574 1.14811915578668 2.0058755657423 1.45319252281305
"583" 575 1.14830347070434 2.00676583143157 1.45358755494683
"584" 576 1.14847964829225 2.00761346274968 1.45398200305241
"585" 577 1.14867138200262 2.008452108179 1.45437586900488
"586" 578 1.14885639932207 2.00929464201343 1.45476915467018
"587" 579 1.14905486824115 2.01011715214403 1.45516186190496
"588" 580 1.14923097834347 2.01093212460287 1.45555399255677
"589" 581 1.14941945549863 2.01175602357035 1.4559455484641
"590" 582 1.14961467915327 2.01270523143235 1.45633653145641
"591" 583 1.14980087453275 2.0135805411054 1.45672694335419
"592" 584 1.14998420588948 2.01447151211407 1.4571167859691
"593" 585 1.15016969534962 2.01531458711543 1.45750606110385
"594" 586 1.1503479539562 2.01618374056865 1.4578947705525
"595" 587 1.15052264329589 2.0170326842075 1.45828291610029
"596" 588 1.15071459546164 2.01788149850708 1.45867049952382
"597" 589 1.15090023355342 2.01872761391264 1.45905752259113
"598" 590 1.15108685248958 2.0195142838383 1.45944398706165
"599" 591 1.15127325605855 2.02041425636763 1.45982989468638
"600" 592 1.15145022506501 2.02126478621112 1.46021524720779
"601" 593 1.15161919057988 2.02210447176517 1.46060004636004
"602" 594 1.15178802707818 2.02294312986243 1.46098429386892
"603" 595 1.15197642307259 2.0237881906453 1.46136799145196
"604" 596 1.15215857321113 2.02472429568031 1.46175114081849
"605" 597 1.15233743418221 2.02553560278395 1.46213374366962
"606" 598 1.1525269001058 2.02630698023721 1.46251580169836
"607" 599 1.15270787563291 2.02713960042269 1.46289731658969
"608" 600 1.15286916334148 2.02797161200067 1.46327829002053
"609" 601 1.15304721199072 2.02882867601837 1.46365872365986
"610" 602 1.15321946932519 2.02967126870267 1.46403861916875
"611" 603 1.15340754598375 2.03044933335556 1.46441797820041
"612" 604 1.15357396115834 2.03130003177055 1.46479680240022
"613" 605 1.15373964112167 2.03210929204533 1.46517509340584
"614" 606 1.15391160949614 2.03288189973318 1.46555285284716
"615" 607 1.15409498582193 2.03375885589384 1.46593008234647
"616" 608 1.15428343827914 2.03461535234344 1.46630678351843
"617" 609 1.15446580762289 2.03546994209893 1.46668295797009
"618" 610 1.15464569176805 2.03626628778505 1.46705860730103
"619" 611 1.15483628251986 2.03706031742452 1.46743373310335
"620" 612 1.15502479507633 2.03791391974904 1.46780833696171
"621" 613 1.15521798046319 2.03875127062053 1.46818242045342
"622" 614 1.15541171925832 2.03959251882999 1.46855598514844
"623" 615 1.15559339809598 2.04037799531953 1.46892903260947
"624" 616 1.15577169190448 2.04114257638874 1.46930156439194
"625" 617 1.15594435758501 2.04201374525014 1.46967358204409
"626" 618 1.15611627229136 2.04282362827147 1.47004508710703
"627" 619 1.15628886821305 2.04366340351216 1.47041608111475
"628" 620 1.15646069900192 2.04450602034689 1.47078656559421
"629" 621 1.15663957962456 2.04534107772318 1.47115654206532
"630" 622 1.15680897077481 2.0461522874012 1.47152601204104
"631" 623 1.15697480874646 2.04692046144928 1.47189497702737
"632" 624 1.15714681130859 2.04779351035909 1.47226343852344
"633" 625 1.15731609778817 2.04854037975407 1.47263139802159
"634" 626 1.15748645497225 2.04935720619929 1.47299885700724
"635" 627 1.15765456075661 2.05020164182622 1.47336581695917
"636" 628 1.15782898615928 2.0510431760795 1.47373227934936
"637" 629 1.15799866001808 2.05190052511247 1.47409824564314
"638" 630 1.15818002947267 2.05272604885974 1.47446371729924
"639" 631 1.15835612616608 2.05357433180245 1.47482869576972
"640" 632 1.15852195772103 2.05439458861988 1.47519318250013
"641" 633 1.1587026934094 2.05519946819732 1.47555717892952
"642" 634 1.15886782428344 2.0559905253245 1.47592068649042
"643" 635 1.15903207475771 2.05671243377648 1.47628370660895
"644" 636 1.15919609617915 2.05754619904953 1.4766462407048
"645" 637 1.15936513148061 2.05835736969757 1.47700829019139
"646" 638 1.1595290089663 2.05914810461577 1.47736985647569
"647" 639 1.15969536005041 2.0599419326103 1.47773094095849
"648" 640 1.15988129709498 2.06073663665338 1.47809154503429
"649" 641 1.16004410549032 2.06156053387257 1.47845167009137
"650" 642 1.16021346950825 2.06233104301493 1.47881131751188
"651" 643 1.16037798270078 2.0631817418836 1.47917048867183
"652" 644 1.16055214961247 2.0639867370728 1.4795291849411
"653" 645 1.16071041212962 2.06481041935854 1.47988740768353
"654" 646 1.1608855060924 2.06562712314286 1.48024515825694
"655" 647 1.1610494667074 2.06643037089953 1.48060243801317
"656" 648 1.16121100528294 2.06726862075998 1.48095924829808
"657" 649 1.16137496360162 2.06809752819594 1.48131559045164
"658" 650 1.16152601175503 2.06891495328804 1.48167146580792
"659" 651 1.16167395551356 2.06970716052185 1.48202687569517
"660" 652 1.16184437073713 2.07046578238016 1.48238182143578
"661" 653 1.16200352632184 2.07123223602427 1.48273630434642
"662" 654 1.16218640767621 2.07205475446664 1.48309032573795
"663" 655 1.16234421906158 2.07287853383561 1.48344388691559
"664" 656 1.16249574381141 2.07364766314001 1.48379698917881
"665" 657 1.16264980683544 2.0744636428378 1.48414963382152
"666" 658 1.1628071321115 2.07525179401635 1.48450182213196
"667" 659 1.16298103859403 2.07602566685462 1.48485355539278
"668" 660 1.16315571252848 2.07683420880477 1.48520483488113
"669" 661 1.1633301157226 2.07767595281682 1.48555566186865
"670" 662 1.16350143955053 2.07848005989914 1.48590603762145
"671" 663 1.16366246152732 2.07925471463866 1.4862559634002
"672" 664 1.16382357390324 2.08000531396424 1.48660544046023
"673" 665 1.16397736235624 2.08074347877384 1.48695447005139
"674" 666 1.16415111271793 2.08151558639414 1.48730305341822
"675" 667 1.1643068273671 2.08226978972489 1.48765119179993
"676" 668 1.16445947294771 2.08308976678881 1.48799888643043
"677" 669 1.1646261107079 2.08384439507213 1.48834613853837
"678" 670 1.16480070701439 2.08452413668166 1.48869294934719
"679" 671 1.16496709932752 2.08530701565072 1.48903932007507
"680" 672 1.16513131967009 2.08612186048989 1.48938525193511
"681" 673 1.1653047081272 2.0868718278445 1.48973074613517
"682" 674 1.16547375091829 2.08759869346817 1.49007580387807
"683" 675 1.16563912428072 2.08831973585786 1.49042042636148
"684" 676 1.16580145315339 2.08910132911536 1.49076461477809
"685" 677 1.16595358329884 2.08989804817684 1.4911083703155
"686" 678 1.1661157510847 2.09067391598193 1.49145169415634
"687" 679 1.16627609481643 2.09143458603664 1.49179458747828
"688" 680 1.16642943389388 2.09214150958625 1.49213705145403
"689" 681 1.16658034362783 2.09292931187782 1.49247908725139
"690" 682 1.16673589069947 2.09366681829995 1.49282069603328
"691" 683 1.16689243683549 2.09439028441688 1.49316187895778
"692" 684 1.16704917770194 2.09512348172074 1.49350263717808
"693" 685 1.16721098245558 2.09592390858797 1.49384297184263
"694" 686 1.16737492115354 2.09666415154474 1.49418288409508
"695" 687 1.1675331112977 2.09739363518531 1.49452237507432
"696" 688 1.16771124451876 2.09815421152596 1.49486144591455
"697" 689 1.16788288019301 2.09887578850876 1.49520009774522
"698" 690 1.16805046880809 2.09965854739031 1.49553833169115
"699" 691 1.16819925493644 2.10036327574738 1.49587614887251
"700" 692 1.16834749876893 2.10108083923952 1.49621355040485
"701" 693 1.16850791084296 2.1018348117177 1.49655053739914
"702" 694 1.16866895073477 2.10258567736693 1.49688711096172
"703" 695 1.16881711269233 2.10331623535321 1.49722327219448
"704" 696 1.16896254134295 2.10406059835742 1.49755902219473
"705" 697 1.16912890071274 2.10487591538023 1.49789436205532
"706" 698 1.16929492775706 2.10566107963173 1.49822929286461
"707" 699 1.1694460476401 2.10640125997848 1.49856381570653
"708" 700 1.16960581743659 2.10714133575398 1.49889793166059
"709" 701 1.16978057235268 2.1078468239932 1.49923164180189
"710" 702 1.16991790781379 2.1086058766499 1.49956494720121
"711" 703 1.17006367231076 2.10934847642564 1.49989784892492
"712" 704 1.17020743095533 2.11009237086634 1.50023034803513
"713" 705 1.17037704462771 2.1108576681577 1.50056244558958
"714" 706 1.17053169116744 2.11156970816584 1.50089414264182
"715" 707 1.17068232157731 2.11228949830421 1.5012254402411
"716" 708 1.17084689464032 2.11301552863586 1.50155633943241
"717" 709 1.17101086993904 2.11374774005465 1.5018868412566
"718" 710 1.17116776898261 2.11451089707943 1.50221694675031
"719" 711 1.17131446349449 2.11528320805257 1.50254665694603
"720" 712 1.17147593492346 2.11605388248402 1.50287597287207
"721" 713 1.17162581852413 2.11682782747705 1.50320489555268
"722" 714 1.17177388303828 2.11754002506381 1.503533426008
"723" 715 1.17194000122984 2.1183321060697 1.50386156525407
"724" 716 1.17209447993827 2.11911036921247 1.50418931430295
"725" 717 1.17223508378982 2.11985822275379 1.50451667416257
"726" 718 1.17237660944331 2.12056851940381 1.50484364583697
"727" 719 1.17252438181912 2.12134050117102 1.50517023032611
"728" 720 1.17265786000464 2.12201630797371 1.50549642862603
"729" 721 1.17281391181327 2.12275924590223 1.50582224172887
"730" 722 1.17297716111802 2.12351793898779 1.50614767062274
"731" 723 1.17311943847978 2.12424532302004 1.50647271629196
"732" 724 1.17327650138015 2.12495719660397 1.50679737971693
"733" 725 1.17342124080272 2.12562240690689 1.50712166187416
"734" 726 1.17357847895211 2.12632622925219 1.50744556373639
"735" 727 1.17373198841256 2.12712628240658 1.50776908627248
"736" 728 1.17387436952939 2.12782036171647 1.50809223044752
"737" 729 1.17401238164496 2.12857827185038 1.50841499722282
"738" 730 1.17416348480584 2.129327809554 1.50873738755593
"739" 731 1.17431931384237 2.13005008517223 1.50905940240069
"740" 732 1.17446492248687 2.13074259664976 1.50938104270717
"741" 733 1.17460887648743 2.1314173996918 1.50970230942179
"742" 734 1.17475507700855 2.13216753332604 1.51002320348727
"743" 735 1.17489986466946 2.13291648837565 1.51034372584267
"744" 736 1.17505790057962 2.13365699376826 1.51066387742341
"745" 737 1.17520311393068 2.13439857229104 1.51098365916132
"746" 738 1.17534973415894 2.13510618601482 1.51130307198454
"747" 739 1.17548521129173 2.13583559457087 1.51162211681776
"748" 740 1.17562342595957 2.13653230903578 1.51194079458197
"749" 741 1.17578261170598 2.13721726755707 1.51225910619473
"750" 742 1.17594035210236 2.13788341927237 1.51257705256997
"751" 743 1.17608176169866 2.13858733261628 1.51289463461818
"752" 744 1.17624006462269 2.13928149077254 1.51321185324637
"753" 745 1.17640106298268 2.13996282185568 1.51352870935797
"754" 746 1.17653557939676 2.14066540597697 1.51384520385309
"755" 747 1.17667762161236 2.1414568487274 1.51416133762833
"756" 748 1.17680835691704 2.14218517337675 1.51447711157688
"757" 749 1.17696503015601 2.14292984673879 1.51479252658851
"758" 750 1.17712423955327 2.14360997460305 1.51510758354964
"759" 751 1.17725833121778 2.14432728591926 1.51542228334333
"760" 752 1.17742079856551 2.14499698345824 1.51573662684923
"761" 753 1.17757056401186 2.14571596093968 1.5160506149437
"762" 754 1.17770329522191 2.14642776783942 1.51636424849981
"763" 755 1.17783585129271 2.1471526237061 1.51667752838727
"764" 756 1.17796823268685 2.14788816076915 1.51699045547254
"765" 757 1.17810043986512 2.14864738122544 1.51730303061883
"766" 758 1.1782431465938 2.1493382365237 1.51761525468609
"767" 759 1.17839286932656 2.15002354108778 1.517927128531
"768" 760 1.17854348108514 2.15073158792199 1.51823865300707
"769" 761 1.17869096098737 2.15143311583391 1.51854982896461
"770" 762 1.17883366691121 2.15213135056539 1.51886065725071
"771" 763 1.1789761248559 2.15279448104185 1.51917113870931
"772" 764 1.17911208389871 2.15348050076275 1.51948127418125
"773" 765 1.17924575993717 2.15415976801724 1.51979106450416
"774" 766 1.17937799688993 2.15484354793356 1.52010051051254
"775" 767 1.17951630934286 2.15552408981518 1.5204096130379
"776" 768 1.17966858118448 2.1562084840137 1.52071837290852
"777" 769 1.17981509098377 2.1568996031488 1.52102679094972
"778" 770 1.17994727786322 2.15764063460835 1.52133486798366
"779" 771 1.18007830058108 2.15831587094811 1.52164260482958
"780" 772 1.18020561973591 2.15898388077427 1.52195000230358
"781" 773 1.18034362425738 2.15964189962092 1.52225706121882
"782" 774 1.18049875987516 2.16036075100209 1.52256378238541
"783" 775 1.18063968838965 2.16099653307755 1.52287016661052
"784" 776 1.18078245603883 2.16169207968391 1.52317621469834
"785" 777 1.18090656086277 2.16240460961373 1.52348192745008
"786" 778 1.18105131646993 2.16310547940307 1.52378730566406
"787" 779 1.18119722004271 2.16375267580961 1.52409235013565
"788" 780 1.1813496030221 2.16446960756899 1.52439706165733
"789" 781 1.18149074386084 2.16512713329937 1.52470144101863
"790" 782 1.18163469194249 2.16584152260323 1.52500548900626
"791" 783 1.18175945562398 2.16650297492683 1.52530920640405
"792" 784 1.18190750052157 2.16726606642681 1.52561259399295
"793" 785 1.18205168997179 2.1680580357414 1.52591565255112
"794" 786 1.18219951372283 2.16879946884996 1.52621838285383
"795" 787 1.18235669644957 2.16953645688107 1.52652078567361
"796" 788 1.18250836631059 2.17026892932687 1.52682286178014
"797" 789 1.1826449881835 2.17098266134686 1.52712461194037
"798" 790 1.18278592030472 2.17165455650638 1.52742603691839
"799" 791 1.18291024942321 2.17232523635981 1.52772713747565
"800" 792 1.18303415160454 2.17299096389799 1.52802791437079
"801" 793 1.18319188356759 2.17365878744357 1.52832836835968
"802" 794 1.18334221379866 2.17432461697687 1.52862850019559
"803" 795 1.18349434630741 2.17498847663305 1.52892831062898
"804" 796 1.18365022617565 2.17565172254113 1.52922780040767
"805" 797 1.18378200474144 2.17631395682952 1.5295269702768
"806" 798 1.18390579021902 2.1770345675452 1.52982582097885
"807" 799 1.18403068665696 2.1777296482089 1.53012435325363
"808" 800 1.18418245928923 2.17847270844181 1.53042256783832
"809" 801 1.18431374484466 2.17917345176998 1.53072046546748
"810" 802 1.18444821387101 2.17985447936415 1.53101804687306
"811" 803 1.18458887917495 2.18050159699667 1.53131531278439
"812" 804 1.18473157994706 2.18115331632599 1.53161226392824
"813" 805 1.1848941682889 2.18182064246057 1.53190890102879
"814" 806 1.18501836232629 2.18247333190033 1.53220522480763
"815" 807 1.18514910339412 2.18319481266568 1.53250123598386
"816" 808 1.18530078934081 2.1838490113789 1.53279693527399
"817" 809 1.18543470119106 2.18450058066616 1.53309232339202
"818" 810 1.18555994955602 2.18515957397209 1.53338740104945
"819" 811 1.18569468348062 2.1858481205156 1.53368216895525
"820" 812 1.18584682480904 2.18650754075865 1.53397662781593
"821" 813 1.18598369101292 2.187198460363 1.53427077833546
"822" 814 1.18612554684768 2.18788949871881 1.53456462121544
"823" 815 1.18625247540752 2.18855993673231 1.53485815715492
"824" 816 1.18638172840511 2.18926976485325 1.53515138685059
"825" 817 1.18650735046341 2.1899262267568 1.53544431099661
"826" 818 1.18664803765583 2.19061715388859 1.5357369302848
"827" 819 1.1867876022765 2.19128914671279 1.53602924540456
"828" 820 1.18692830559862 2.19197012072134 1.53632125704285
"829" 821 1.18706826162035 2.19258437010065 1.5366129658843
"830" 822 1.18719372372657 2.1932819583337 1.53690437261108
"831" 823 1.18733038439823 2.19398502340279 1.53719547790307
"832" 824 1.18747704810971 2.19466138816235 1.53748628243779
"833" 825 1.18761887129275 2.19532918337928 1.5377767868904
"834" 826 1.18776175397003 2.196042389024 1.53806699193372
"835" 827 1.18788893887902 2.19676369112739 1.53835689823824
"836" 828 1.18802888395323 2.19740781542629 1.5386465064722
"837" 829 1.18816553170511 2.19808810699363 1.53893581730146
"838" 830 1.18830229683742 2.19875047803394 1.53922483138964
"839" 831 1.18843281483381 2.19940355783327 1.53951354939808
"840" 832 1.18857290875393 2.20006542995371 1.53980197198586
"841" 833 1.18869198806038 2.20072247483866 1.54009009980974
"842" 834 1.18882101480281 2.20137816388396 1.54037793352433
"843" 835 1.1889539367137 2.2020362425327 1.54066547378193
"844" 836 1.18909973396658 2.20268847306519 1.54095272123266
"845" 837 1.18923433601124 2.20335724948704 1.54123967652436
"846" 838 1.18935285554105 2.20404029504228 1.54152634030273
"847" 839 1.18948845420929 2.20473000405547 1.54181271321129
"848" 840 1.18961695044604 2.20537919099208 1.54209879589127
"849" 841 1.18975233998552 2.20605422298731 1.54238458898185
"850" 842 1.18988394327523 2.20672787080436 1.54267009311995
"851" 843 1.1900124239963 2.20736541904383 1.54295530894038
"852" 844 1.19015338288114 2.208009486736 1.54324023707579
"853" 845 1.1902863181827 2.20867079295497 1.54352487815672
"854" 846 1.1904039679516 2.20932406449888 1.54380923281154
"855" 847 1.19052483266159 2.20997239890133 1.54409330166656
"856" 848 1.19065219618689 2.21061194328557 1.54437708534588
"857" 849 1.19078699084952 2.21128879092233 1.54466058447165
"858" 850 1.19091151994233 2.21198470199049 1.54494379966383
"859" 851 1.19103648720238 2.21263939431519 1.54522673154031
"860" 852 1.19116159847705 2.21327156565306 1.54550938071695
"861" 853 1.19128837281154 2.21387859272122 1.54579174780751
"862" 854 1.19141682768438 2.21454899453531 1.54607383342375
"863" 855 1.19154915555837 2.21515706528493 1.54635563817529
"864" 856 1.1916819469809 2.21578734400688 1.54663716266988
"865" 857 1.19181571291733 2.21642010498499 1.54691840751307
"866" 858 1.19194773382473 2.21708711029251 1.54719937330853
"867" 859 1.19207381166059 2.21774277335611 1.54748006065785
"868" 860 1.19220388557584 2.21838524579458 1.54776047016064
"869" 861 1.19234066517259 2.21901912371491 1.54804060241456
"870" 862 1.19247371257357 2.21967233013127 1.54832045801527
"871" 863 1.19260336655412 2.22031441341283 1.5486000375564
"872" 864 1.19272293963366 2.22095594690722 1.54887934162974
"873" 865 1.19283615043363 2.22159786003788 1.54915837082505
"874" 866 1.19296613584929 2.2222426634438 1.54943712573014
"875" 867 1.19308968618368 2.22287652452911 1.54971560693091
"876" 868 1.19322518349829 2.22349345832684 1.54999381501134
"877" 869 1.19334635219862 2.22412648217504 1.55027175055352
"878" 870 1.19346605812001 2.22479421459571 1.55054941413751
"879" 871 1.19359866416988 2.22543366270975 1.55082680634165
"880" 872 1.19372516590769 2.22606885395341 1.55110392774223
"881" 873 1.19385734106827 2.22670696326801 1.55138077891377
"882" 874 1.19397921351361 2.22734434751756 1.55165736042881
"883" 875 1.1940954912997 2.22793205767971 1.55193367285814
"884" 876 1.19421422703791 2.22859380506476 1.55220971677058
"885" 877 1.19433128790035 2.22924868550458 1.55248549273319
"886" 878 1.19444853489807 2.22988369261599 1.55276100131112
"887" 879 1.19456233863665 2.23048400747647 1.55303624306774
"888" 880 1.19468616598688 2.23105245997841 1.55331121856455
"889" 881 1.19481307821263 2.23161396586916 1.55358592836123
"890" 882 1.19492874655838 2.23229783820317 1.55386037301574
"891" 883 1.19505183641051 2.23292642134157 1.55413455308411
"892" 884 1.19517967024655 2.23353997658807 1.55440846912064
"893" 885 1.19530753908952 2.23412071020426 1.55468212167785
"894" 886 1.19542286634151 2.23472751118948 1.55495551130644
"895" 887 1.19555235890153 2.23537965146843 1.55522863855541
"896" 888 1.19568955788969 2.2360180920356 1.55550150397194
"897" 889 1.19582662950811 2.23667696045297 1.55577410810143
"898" 890 1.1959465011214 2.23734271650183 1.55604645148764
"899" 891 1.19606389342557 2.23795349111285 1.55631853467245
"900" 892 1.19618583458864 2.23850858295804 1.55659035819609
"901" 893 1.19629873738 2.23911739852403 1.55686192259708
"902" 894 1.19641125368689 2.23975770439552 1.55713322841218
"903" 895 1.19653415186768 2.2403946700975 1.55740427617644
"904" 896 1.1966570521616 2.24102896527663 1.55767506642322
"905" 897 1.19678487923877 2.24166275294467 1.55794559968419
"906" 898 1.19690574897292 2.24229722462787 1.55821587648933
"907" 899 1.19702730431835 2.24292936729148 1.5584858973669
"908" 900 1.19714425768791 2.24356352487845 1.55875566284354
"909" 901 1.19726723469739 2.24419365863738 1.55902517344417
"910" 902 1.19738254328223 2.24479409232763 1.55929442969213
"911" 903 1.19749618190283 2.24540245640705 1.55956343210903
"912" 904 1.19762124824995 2.24601075351147 1.55983218121485
"913" 905 1.19773870408947 2.24667353142989 1.56010067752794
"914" 906 1.19787607920771 2.2473233669714 1.56036892156503
"915" 907 1.19799786297806 2.24797267629008 1.56063691384122
"916" 908 1.19811904141095 2.24853919656613 1.56090465486999
"917" 909 1.19823726594632 2.24908057885437 1.56117214516318
"918" 910 1.19836181083304 2.24969304981758 1.56143938523106
"919" 911 1.19848345747165 2.25024559271309 1.56170637558229
"920" 912 1.19860323685282 2.25080844398783 1.56197311672394
"921" 913 1.19872282829124 2.25142758575675 1.56223960916151
"922" 914 1.1988416002326 2.25205509668739 1.56250585339891
"923" 915 1.19896677688813 2.25264232055431 1.56277184993844
"924" 916 1.19908010835716 2.25330368668209 1.56303759928093
"925" 917 1.19919605903991 2.25394095198626 1.56330310192558
"926" 918 1.19930523749551 2.25458870546723 1.56356835837003
"927" 919 1.19942992583437 2.25523474551562 1.56383336911042
"928" 920 1.19955562025228 2.25587616963657 1.56409813464131
"929" 921 1.19969028358735 2.25644285350231 1.56436265545579
"930" 922 1.19982237765749 2.25700653000935 1.56462693204536
"931" 923 1.19994351046104 2.25756894603995 1.56489096489999
"932" 924 1.20005581631827 2.25819247947729 1.56515475450826
"933" 925 1.2001710124017 2.25880420351541 1.56541830135707
"934" 926 1.20028290779311 2.25941490097625 1.56568160593197
"935" 927 1.20040200876016 2.26002512107509 1.56594466871691
"936" 928 1.20052854304126 2.26063032813608 1.56620749019444
"937" 929 1.20064067901604 2.26123263537364 1.56647007084552
"938" 930 1.2007697619777 2.26182169827273 1.56673241114975
"939" 931 1.2008912798072 2.26237852303156 1.56699451158519
"940" 932 1.20101743502226 2.26296094895028 1.56725637262845
"941" 933 1.20113776977942 2.26359107912943 1.56751799475472
"942" 934 1.20125452616006 2.2641611398707 1.56777937843766
"943" 935 1.20137661792319 2.26481489224447 1.56804052414957
"944" 936 1.20149853652131 2.26539585328722 1.56830143236126
"945" 937 1.20162092424051 2.26601603639988 1.5685621035421
"946" 938 1.20174224369938 2.26656244365929 1.56882253816007
"947" 939 1.20185234755627 2.2671809705087 1.5690827366817
"948" 940 1.2019663434043 2.26785066388488 1.56934269957214
"949" 941 1.20209316696062 2.26847284810133 1.56960242729508
"950" 942 1.20220545710542 2.26904423366424 1.56986192031287
"951" 943 1.20233123147613 2.26967431716718 1.57012117908636
"952" 944 1.20245647085806 2.27030544298498 1.57038020407512
"953" 945 1.20256226460634 2.2709360976922 1.57063899573724
"954" 946 1.20266784745348 2.27156026845011 1.57089755452952
"955" 947 1.20277278008219 2.27217249503445 1.57115588090728
"956" 948 1.20289150118681 2.27279854131979 1.57141397532457
"957" 949 1.20300678081627 2.27338369419391 1.57167183823402
"958" 950 1.20312214576419 2.27394277145015 1.57192947008693
"959" 951 1.20324411153748 2.27453360182582 1.57218687133315
"960" 952 1.20335496525516 2.27511815679613 1.57244404242138
"961" 953 1.20346646457313 2.27564837044406 1.57270098379873
"962" 954 1.20358270416745 2.27624279278477 1.57295769591121
"963" 955 1.2036900735365 2.27684365511064 1.57321417920331
"964" 956 1.20380835389332 2.27742260932291 1.57347043411829
"965" 957 1.20391226751954 2.27800810640408 1.57372646109808
"966" 958 1.20403432724717 2.27857461038061 1.57398226058331
"967" 959 1.20415014657463 2.27916212529607 1.57423783301323
"968" 960 1.20425586616229 2.27979941358171 1.57449317882586
"969" 961 1.20435863288173 2.28039367558931 1.57474829845787
"970" 962 1.20450392302811 2.28098266604531 1.57500319234469
"971" 963 1.20461104258186 2.28158784077064 1.57525786092035
"972" 964 1.20472485744774 2.2821818432294 1.57551230461771
"973" 965 1.20482258217824 2.2827765538427 1.57576652386836
"974" 966 1.20493018615211 2.28336930838667 1.57602051910251
"975" 967 1.20505388866192 2.28396276596294 1.57627429074914
"976" 968 1.2051876147813 2.28459536508264 1.576527839236
"977" 969 1.205297265315 2.28522255698598 1.5767811649896
"978" 970 1.20540663978158 2.28584772475264 1.57703426843514
"979" 971 1.20552445659731 2.28647210023559 1.57728714999657
"980" 972 1.20563031524962 2.28707539456427 1.57753981009665
"981" 973 1.20573472226274 2.28771966686177 1.57779224915681
"982" 974 1.20585594936285 2.28831944420528 1.57804446759735
"983" 975 1.20596707344936 2.28888835628765 1.57829646583732
"984" 976 1.20608034141763 2.28946702192579 1.57854824429443
"985" 977 1.20618555681704 2.29009051916776 1.57879980338535
"986" 978 1.2062956314015 2.29064650331557 1.57905114352536
"987" 979 1.20639393776395 2.29114889827167 1.57930226512868
"988" 980 1.20650088587428 2.29171189422723 1.57955316860824
"989" 981 1.2066101885828 2.29229835434143 1.57980385437579
"990" 982 1.20673222635351 2.2928872032581 1.58005432284187
"991" 983 1.20683456522863 2.29349779880357 1.58030457441583
"992" 984 1.20696668526467 2.29409872077069 1.58055460950589
"993" 985 1.20707472584238 2.29472063332389 1.58080442851898
"994" 986 1.20717805590501 2.29533634976662 1.58105403186094
"995" 987 1.20729268465387 2.2959676053206 1.58130341993645
"996" 988 1.20740765362472 2.29653706133933 1.58155259314892
"997" 989 1.20750922428792 2.2970884394645 1.58180155190068
"998" 990 1.20761753909376 2.29766052564187 1.58205029659289
"999" 991 1.2077246014227 2.29822886131905 1.58229882762555
"1000" 992 1.20783325253282 2.29878560552378 1.58254714539753
"1001" 993 1.20794590327215 2.29936602428931 1.58279525030647
"1002" 994 1.20805537478748 2.29999907117955 1.58304314274895
"1003" 995 1.20815843781729 2.30064953050735 1.58329082312041
"1004" 996 1.20828102505033 2.30123640219957 1.58353829181513
"1005" 997 1.20839090417495 2.30180175100276 1.58378554922627
"1006" 998 1.20849596505953 2.30243409253077 1.58403259574585
"1007" 999 1.20859375315994 2.30303790356172 1.58427943176483
"1008" 1000 1.20870297272341 2.30356757479799 1.58452605767298
