"T" "IC_low" "IC_up" "x_ML"
"1" 1.1 0.773928835828895 0.801050551419346 0.784764400677803
"2" 1.2 0.78437811661352 0.818984543108518 0.798264740013137
"3" 1.3 0.794269772670546 0.835604357475241 0.810936622833099
"4" 1.4 0.803670295748237 0.851136236262206 0.82288913772654
"5" 1.5 0.812658376497363 0.865696012518857 0.834210400313238
"6" 1.6 0.821241358422003 0.879447828760099 0.844972691362726
"7" 1.7 0.829486814709601 0.892429338764637 0.855236098184682
"8" 1.8 0.837388425716409 0.904794876128249 0.865051156641668
"9" 1.9 0.845028038562666 0.916569046274426 0.874460807696845
"10" 2 0.852392190049004 0.927777226934635 0.883501872640177
"11" 3 0.914851544778842 1.01967292597892 0.959048038654851
"12" 4 0.963968708813619 1.08862852233244 1.01731196147305
"13" 5 1.00475310210132 1.14506932057981 1.06537361220563
"14" 6 1.03976568572873 1.19298782842331 1.10660967927493
"15" 7 1.07050359110807 1.23531899047834 1.14291768960828
"16" 8 1.09791370714927 1.27355047368442 1.17547929387377
"17" 9 1.12274712705208 1.30868177735926 1.2050844494317
"18" 10 1.14537369752402 1.34113251521883 1.23228953257438
"19" 11 1.16632217789193 1.37147418320885 1.25750241321546
"20" 12 1.18569814684731 1.40011887250967 1.28103173717148
"21" 13 1.20378550970679 1.42736737023763 1.30311716988526
"22" 14 1.22062020280748 1.45317309929949 1.32394883848495
"23" 15 1.23638272265957 1.47780623412345 1.34368031695945
"24" 16 1.25134906385753 1.50148034233309 1.36243758122685
"25" 17 1.26555691299439 1.52434109767783 1.3803253556011
"26" 18 1.27904299396974 1.54642841199024 1.39743171747433
"27" 19 1.29196107108758 1.5678654558255 1.41383150732339
"28" 20 1.30423465378333 1.58879384901026 1.42958889983591
"29" 21 1.31593874505197 1.60883368079523 1.44475937367507
"30" 22 1.32713532393627 1.62839283815651 1.45939124215494
"31" 23 1.33793078342464 1.64754215621752 1.4735268579975
"32" 24 1.34824097055547 1.66615360175894 1.48720357256872
"33" 25 1.35828985574747 1.6840898082839 1.50045450766706
"34" 26 1.36799014920978 1.70159716713977 1.51330918245002
"35" 27 1.37725620001777 1.71919495706511 1.52579402715851
"36" 28 1.38638704878888 1.73599463749478 1.53793280747416
"37" 29 1.39500043164371 1.75273126720907 1.54974697766133
"38" 30 1.40351077020293 1.76904659067088 1.56125597646579
"39" 31 1.41161796833026 1.78512705501346 1.57247747663007
"40" 32 1.41947756778461 1.80082271488131 1.58342759654456
"41" 33 1.4271051011359 1.8162795443202 1.59412108077351
"42" 34 1.43448363937721 1.83157220243335 1.60457145482938
"43" 35 1.4417714402143 1.84655784902963 1.61479115851206
"44" 36 1.44891654294664 1.86121770758323 1.62479166130387
"45" 37 1.45589174997897 1.87558735365654 1.63458356266273
"46" 38 1.46259870341164 1.88989794634103 1.64417667954115
"47" 39 1.46922462322368 1.90388634540896 1.65358012304896
"48" 40 1.47575073117747 1.9177704941546 1.66280236584803
"49" 41 1.48195159821379 1.931269894592 1.67185130160138
"50" 42 1.48802130903566 1.94456323696263 1.68073429758295
"51" 43 1.49401362526888 1.957774844185 1.68945824137787
"52" 44 1.49984942032138 1.97099940776271 1.69802958245785
"53" 45 1.50559879788366 1.98379850387303 1.70645436929715
"54" 46 1.51127284870445 1.99646900080554 1.71473828259518
"55" 47 1.51676658744606 2.00899027798493 1.72288666508929
"56" 48 1.52219907826289 2.02134252928017 1.73090454837232
"57" 49 1.52762722546324 2.03369781260867 1.73879667707166
"58" 50 1.53286018111567 2.04581893272298 1.7465675306975
"59" 51 1.53799057841326 2.0576600787692 1.75422134342686
"60" 52 1.54292473905855 2.06944145634223 1.7617621220548
"61" 53 1.54790076447124 2.08120313358474 1.7691936623143
"62" 54 1.55274508958743 2.09260071688757 1.77651956374103
"63" 55 1.55755625502953 2.10413948324431 1.78374324323692
"64" 56 1.56230018334325 2.11541574308435 1.79086794746807
"65" 57 1.56679968173316 2.12674238786325 1.79789676421591
"66" 58 1.57133294928084 2.1379282942506 1.80483263278688
"67" 59 1.57578196559006 2.14880197754691 1.81167835357331
"68" 60 1.58022610914637 2.15963766599904 1.81843659684805
"69" 61 1.58462211859049 2.1702919957302 1.82510991086577
"70" 62 1.58884550947797 2.18090653363903 1.83170072933611
"71" 63 1.59306359612751 2.19110468014752 1.83821137832657
"72" 64 1.59710646902743 2.20158444855396 1.84464408264713
"73" 65 1.6011589328543 2.21198387808623 1.85100097176276
"74" 66 1.605161078001 2.22225185217726 1.85728408527558
"75" 67 1.60913078730639 2.23243699542179 1.86349537801396
"76" 68 1.61301797982921 2.24255900543428 1.86963672476207
"77" 69 1.61682429650758 2.25243739904697 1.87570992466034
"78" 70 1.62061300267842 2.26258607199234 1.881716705304
"79" 71 1.62431761146016 2.27227953003397 1.88765872656444
"80" 72 1.6280472382677 2.28211136573649 1.89353758415584
"81" 73 1.63179178178349 2.29193030888811 1.89935481296723
"82" 74 1.63541954848428 2.30143723923136 1.90511189017843
"83" 75 1.63890199782004 2.31084404926617 1.91081023817667
"84" 76 1.64233639182331 2.32028659116726 1.91645122728898
"85" 77 1.64579989508576 2.32979174114949 1.92203617834439
"86" 78 1.64925078805138 2.33919234293798 1.92756636507854
"87" 79 1.65255214908235 2.34844762838958 1.93304301639221
"88" 80 1.65589521436027 2.35750762122674 1.93846731847453
"89" 81 1.65920130149484 2.36645670104245 1.94384041680041
"90" 82 1.6624903852757 2.37557276668708 1.94916341801123
"91" 83 1.665728367388 2.38457928626735 1.95443739168677
"92" 84 1.66894092225249 2.39332581189083 1.9596633720161
"93" 85 1.67211672978689 2.40200397079959 1.96484235937421
"94" 86 1.67526777777703 2.41076913386871 1.9699753218107
"95" 87 1.67836638013791 2.41932106532403 1.97506319645654
"96" 88 1.68137411412352 2.42783101284679 1.98010689085412
"97" 89 1.68444544620122 2.43632430773042 1.98510728421573
"98" 90 1.68739833292097 2.44486292440341 1.99006522861504
"99" 91 1.69038761205489 2.45341919405196 1.99498155011581
"100" 92 1.69337356894625 2.46177191246575 1.99985704984181
"101" 93 1.69629780977525 2.47024849139168 2.00469250499168
"102" 94 1.69920311014636 2.47841850199411 2.00948866980198
"103" 95 1.70210771162691 2.48670297996159 2.01424627646176
"104" 96 1.70491086920622 2.49494619412424 2.01896603598145
"105" 97 1.7077151682632 2.50313926539777 2.02364863901886
"106" 98 1.71047367064154 2.51120450243253 2.02829475666481
"107" 99 1.71319696836796 2.51938229217481 2.03290504119074
"108" 100 1.71591611336445 2.52717064458353 2.03748012676055
"109" 101 1.71859201635806 2.53498951392328 2.04202063010871
"110" 102 1.7213618910992 2.54305676887335 2.04652715118642
"111" 103 1.72401451092103 2.55087799442312 2.05100027377789
"112" 104 1.7266459409995 2.55864020701982 2.05544056608815
"113" 105 1.72914104702253 2.56630631832499 2.05984858130409
"114" 106 1.73164851392747 2.57384952544623 2.06422485813015
"115" 107 1.73416206783956 2.58151209374671 2.06856992130009
"116" 108 1.7366451102904 2.58917594031265 2.07288428206599
"117" 109 1.73916621746954 2.59672684122058 2.07716843866589
"118" 110 1.74159330505694 2.60426127887563 2.08142287677098
"119" 111 1.74405794741123 2.61183417775394 2.08564806991359
"120" 112 1.74656421890113 2.61923999603757 2.08984447989683
"121" 113 1.7489409134656 2.62678613227553 2.09401255718692
"122" 114 1.75126838713251 2.63424859516047 2.09815274128905
"123" 115 1.75363353092697 2.64169835960297 2.1022654611076
"124" 116 1.75598176243224 2.649024497413 2.10635113529148
"125" 117 1.75837789858413 2.65627506449964 2.11041017256537
"126" 118 1.76071814890175 2.66348957118841 2.11444297204754
"127" 119 1.76301099067281 2.67087002537766 2.11844992355487
"128" 120 1.76527319491873 2.677929807044 2.12243140789572
"129" 121 1.76755345651727 2.68523075742594 2.12638779715122
"130" 122 1.76986130984875 2.6922788247069 2.13031945494555
"131" 123 1.77210799248945 2.69927405756878 2.13422673670566
"132" 124 1.77435094135172 2.70636324458174 2.13810998991106
"133" 125 1.77654061648553 2.71350465332345 2.14196955433393
"134" 126 1.778692836951 2.72062439507105 2.14580576227023
"135" 127 1.78084138317671 2.72755904546862 2.14961893876209
"136" 128 1.78294541303437 2.73458354836135 2.15340940181177
"137" 129 1.78503800988952 2.74156067899231 2.15717746258787
"138" 130 1.78702599214315 2.74837685261747 2.16092342562384
"139" 131 1.78910337746509 2.75504760567189 2.16464758900926
"140" 132 1.79115971894464 2.76169081554801 2.16835024457421
"141" 133 1.79322902570736 2.76853611906264 2.17203167806701
"142" 134 1.79528341873437 2.775231687497 2.1756921693256
"143" 135 1.79726153738544 2.78201960326821 2.17933199244291
"144" 136 1.79927709136453 2.78873382296824 2.18295141592628
"145" 137 1.80132379017552 2.79544890438124 2.18655070285151
"146" 138 1.80327524748451 2.80214093451449 2.19013011101142
"147" 139 1.80528733063901 2.80878955612948 2.19368989305933
"148" 140 1.80724595696925 2.81539369428308 2.19723029664772
"149" 141 1.80911949926406 2.82203656708964 2.2007515645621
"150" 142 1.81107113376326 2.82826848329007 2.20425393485041
"151" 143 1.81291933469328 2.83475505272522 2.20773764094811
"152" 144 1.8147518781114 2.84109167692841 2.21120291179906
"153" 145 1.81664638089031 2.84763471885002 2.2146499719725
"154" 146 1.81852651249206 2.8541807401388 2.21807904177615
"155" 147 1.82037723090867 2.86073623403972 2.22149033736561
"156" 148 1.8222546234795 2.8672331297288 2.22488407085029
"157" 149 1.82405642993089 2.87364237041636 2.22826045039589
"158" 150 1.82584289145669 2.87978927314746 2.23161968032363
"159" 151 1.82771756944222 2.88589468365133 2.2349619612064
"160" 152 1.82947822414356 2.89227056476414 2.23828748996173
"161" 153 1.83124375071965 2.89867652508149 2.24159645994209
"162" 154 1.83305340934576 2.90476292704821 2.24488906102211
"163" 155 1.83485500947013 2.91074849764662 2.24816547968337
"164" 156 1.83666883667487 2.91701129823114 2.25142589909647
"165" 157 1.8384137124333 2.92301036394286 2.25467049920056
"166" 158 1.84011452552577 2.92891617624206 2.25789945678057
"167" 159 1.84182588788085 2.93486152509293 2.26111294554199
"168" 160 1.84346727335724 2.94097323053463 2.26431113618365
"169" 161 1.84511394434092 2.94694307574087 2.26749419646802
"170" 162 1.84671697858215 2.95282545347031 2.27066229128971
"171" 163 1.84846343217712 2.95861775929085 2.27381558274179
"172" 164 1.85010501882604 2.9643868501205 2.2769542301803
"173" 165 1.85178171708411 2.97022762105966 2.2800783902868
"174" 166 1.85350255172387 2.97610290470677 2.28318821712916
"175" 167 1.85520315177749 2.98182556278607 2.28628386222065
"176" 168 1.8568405434209 2.98756924683623 2.28936547457722
"177" 169 1.85853049604157 2.99340610176859 2.29243320077337
"178" 170 1.86017976176314 2.99951303307607 2.29548718499618
"179" 171 1.86175133345468 3.00521156075002 2.29852756909812
"180" 172 1.86339382353118 3.01094218579718 2.3015544926482
"181" 173 1.8649951811716 3.01666414115703 2.30456809298172
"182" 174 1.86664793359823 3.02246529998045 2.30756850524875
"183" 175 1.86814318610607 3.02833508301713 2.31055586246123
"184" 176 1.86964193489947 3.03421248030473 2.31353029553876
"185" 177 1.871194570745 3.03993611828779 2.31649193335323
"186" 178 1.87277702626312 3.04560120749657 2.31944090277218
"187" 179 1.87433979988569 3.05105601282546 2.32237732870106
"188" 180 1.87582956178693 3.05673033674531 2.32530133412434
"189" 181 1.87731100650286 3.06218550232162 2.32821304014549
"190" 182 1.87884774353016 3.06785442113783 2.33111256602608
"191" 183 1.88036832553957 3.07336477437788 2.33400002922359
"192" 184 1.88188979647907 3.07905898692096 2.33687554542852
"193" 185 1.88348068902935 3.08453079391165 2.33973922860031
"194" 186 1.88495573484358 3.09011545321671 2.34259119100254
"195" 187 1.88646711298417 3.09566904924529 2.34543154323702
"196" 188 1.88793350144537 3.10118131906651 2.34826039427723
"197" 189 1.88939338353537 3.10658370361164 2.35107785150074
"198" 190 1.89082341570504 3.11176383862724 2.35388402072089
"199" 191 1.89227528085572 3.11739919135757 2.35667900621773
"200" 192 1.89370832855125 3.12267950764404 2.35946291076809
"201" 193 1.89509722141123 3.12807908091787 2.3622358356749
"202" 194 1.89656370460709 3.13341509585188 2.36499788079597
"203" 195 1.89802521884575 3.13855119316957 2.36774914457182
"204" 196 1.89946154020117 3.14395156292318 2.37048972405299
"205" 197 1.90088401095607 3.14930727166939 2.37321971492667
"206" 198 1.90221255354363 3.15462596852839 2.37593921154258
"207" 199 1.90361774295482 3.15970697319019 2.37864830693842
"208" 200 1.90494667920299 3.16486220866424 2.3813470928645
"209" 201 1.90633382092487 3.16998183071458 2.384035659808
"210" 202 1.90776528238697 3.17501364970488 2.38671409701641
"211" 203 1.90906866680565 3.18015067697811 2.38938249252073
"212" 204 1.91044544296842 3.18555405056684 2.39204093315774
"213" 205 1.91188315018428 3.1906495254534 2.39468950459217
"214" 206 1.91320647484075 3.19592041546854 2.39732829133801
"215" 207 1.91459398578119 3.20115663294888 2.39995737677955
"216" 208 1.91588677816239 3.20617319167702 2.40257684319176
"217" 209 1.91726408368366 3.21129854488276 2.40518677176042
"218" 210 1.91858573635232 3.21644724385915 2.4077872426016
"219" 211 1.91987325150885 3.22148973490459 2.41037833478079
"220" 212 1.92113060186638 3.22672457978669 2.41296012633155
"221" 213 1.9224628753453 3.23173961116752 2.41553269427383
"222" 214 1.92378821693331 3.23666982464547 2.4180961146318
"223" 215 1.92505347390585 3.24159366825546 2.42065046245129
"224" 216 1.92637916747729 3.24669766790205 2.42319581181689
"225" 217 1.92768397632607 3.25177431809045 2.42573223586863
"226" 218 1.92899447920676 3.25675226344857 2.42825980681834
"227" 219 1.93029061478787 3.26149005271215 2.43077859596558
"228" 220 1.93161126302299 3.26637153321211 2.43328867371333
"229" 221 1.93283313698683 3.2713563922651 2.4357901095832
"230" 222 1.93414740076181 3.27645901927266 2.43828297223053
"231" 223 1.93539657746718 3.28142135041716 2.44076732945883
"232" 224 1.93665491480458 3.28652752448367 2.44324324823435
"233" 225 1.9378455884302 3.29153631822097 2.44571079469991
"234" 226 1.93905035052456 3.29634257877928 2.44817003418872
"235" 227 1.94026657602461 3.30137656361494 2.45062103123781
"236" 228 1.94150762305337 3.30614727100692 2.45306384960125
"237" 229 1.94271506309965 3.31103736091386 2.45549855226288
"238" 230 1.94399413493604 3.31582135098212 2.4579252014491
"239" 231 1.94527752707412 3.32063778359289 2.46034385864117
"240" 232 1.94648437817193 3.32551314949365 2.46275458458725
"241" 233 1.94766237022878 3.33031604602313 2.46515743931433
"242" 234 1.94884678959235 3.33539429969712 2.46755248213986
"243" 235 1.9500773487262 3.3401025016366 2.46993977168305
"244" 236 1.95130803962013 3.34479160491629 2.4723193658761
"245" 237 1.95246158483628 3.34956106754819 2.47469132197506
"246" 238 1.95362849725401 3.3544056306065 2.4770556965706
"247" 239 1.95477134131041 3.35903827102661 2.47941254559845
"248" 240 1.95594168309579 3.36382362918532 2.48176192434969
"249" 241 1.95710009732075 3.36878318538396 2.48410388748088
"250" 242 1.95822238706405 3.37350150754641 2.48643848902385
"251" 243 1.95940812794903 3.37810998259122 2.4887657823955
"252" 244 1.96056295334862 3.38275897548948 2.49108582040719
"253" 245 1.96168364818386 3.38751533218132 2.49339865527414
"254" 246 1.96279284654338 3.39223093712188 2.49570433862451
"255" 247 1.96396964725565 3.39683697989366 2.49800292150835
"256" 248 1.96508746124771 3.40138704316528 2.50029445440644
"257" 249 1.96621593673494 3.40596429271308 2.50257898723884
"258" 250 1.96741798857509 3.4107864453432 2.50485656937339
"259" 251 1.96847743217809 3.41542843373721 2.50712724963397
"260" 252 1.96963845812987 3.41992513158151 2.50939107630865
"261" 253 1.97071235466662 3.42455888061866 2.51164809715767
"262" 254 1.97188326076041 3.42918658186055 2.51389835942124
"263" 255 1.97295400035664 3.4338330723027 2.51614190982726
"264" 256 1.97403651042488 3.43849820181959 2.51837879459889
"265" 257 1.97513153801109 3.44302980848447 2.52060905946184
"266" 258 1.97622784402985 3.44755297566678 2.52283274965175
"267" 259 1.97729934056438 3.45186087380971 2.52504990992125
"268" 260 1.97840221582814 3.45649347401214 2.52726058454699
"269" 261 1.979432155467 3.4609435259471 2.52946481733652
"270" 262 1.98048058062798 3.46544713472891 2.53166265163501
"271" 263 1.98150928044548 3.46993221097915 2.53385413033186
"272" 264 1.98262645642462 3.47419043027199 2.53603929586726
"273" 265 1.98368709267722 3.47855917519931 2.53821819023852
"274" 266 1.98474647292691 3.48288598473446 2.54039085500639
"275" 267 1.98583882468305 3.48739626729943 2.54255733130115
"276" 268 1.9868615106535 3.49176751461288 2.54471765982879
"277" 269 1.98788493448558 3.49610079847713 2.54687188087679
"278" 270 1.98886555855851 3.50063482980508 2.54902003432009
"279" 271 1.98990290296497 3.50522859433866 2.55116215962675
"280" 272 1.990989886426 3.50973118430767 2.55329829586366
"281" 273 1.99198150570917 3.51413463631349 2.55542848170192
"282" 274 1.99310757142801 3.51845151157815 2.55755275542252
"283" 275 1.99414599107676 3.52290759946157 2.55967115492147
"284" 276 1.99517640092556 3.52717814625975 2.56178371771514
"285" 277 1.99618564907367 3.53133605315463 2.56389048094547
"286" 278 1.99717354071044 3.53561187561967 2.56599148138496
"287" 279 1.99819668124919 3.5400495185519 2.5680867554417
"288" 280 1.99919155335302 3.54436293879199 2.57017633916424
"289" 281 2.00023374105881 3.54872709827996 2.57226026824648
"290" 282 2.00124549746693 3.55308195776889 2.57433857803235
"291" 283 2.00224377718972 3.55751291714702 2.57641130352046
"292" 284 2.00323709271732 3.56191300613475 2.57847847936873
"293" 285 2.00426973194797 3.56609629574819 2.58054013989887
"294" 286 2.00527484136744 3.57039043713383 2.58259631910075
"295" 287 2.00625664333642 3.57471683522188 2.58464705063687
"296" 288 2.00725981681932 3.57897517263894 2.58669236784656
"297" 289 2.00825881649631 3.5832366200086 2.58873230375022
"298" 290 2.0091919999439 3.5874237170871 2.59076689105341
"299" 291 2.0101047032415 3.59165963701468 2.59279616215102
"300" 292 2.01104443695104 3.59587992428484 2.59482014913126
"301" 293 2.01201592309473 3.60011323865345 2.59683888377947
"302" 294 2.01298172125062 3.60445526856301 2.59885239758219
"303" 295 2.0139435923182 3.60850890883596 2.60086072173084
"304" 296 2.01486152796682 3.61267596249994 2.60286388712555
"305" 297 2.01587008930986 3.61706338732467 2.60486192437881
"306" 298 2.01685649974656 3.62131856117594 2.60685486381914
"307" 299 2.01776641171462 3.6255145303774 2.60884273549461
"308" 300 2.01871357437033 3.62963906559499 2.61082556917647
"309" 301 2.01960037781577 3.63393228342443 2.61280339436245
"310" 302 2.02050940913039 3.63807906167619 2.61477624028036
"311" 303 2.02148104342662 3.64202520603532 2.61674413589129
"312" 304 2.02241472979586 3.64609213785285 2.61870710989296
"313" 305 2.02338434096419 3.65009798983725 2.62066519072308
"314" 306 2.02431388905055 3.65426044854884 2.62261840656237
"315" 307 2.02527493605569 3.65845895712804 2.62456678533785
"316" 308 2.02625657109508 3.66227058546597 2.62651035472585
"317" 309 2.02719111741412 3.66629477500075 2.62844914215514
"318" 310 2.02811085952304 3.67032840648463 2.63038317480991
"319" 311 2.02901149034543 3.6742458546832 2.63231247963269
"320" 312 2.02992140678416 3.67828304261063 2.63423708332739
"321" 313 2.03085761249258 3.68210519288737 2.63615701236196
"322" 314 2.03175662781533 3.68597504635828 2.6380722929715
"323" 315 2.03257148223942 3.68994562199022 2.63998295116072
"324" 316 2.03353356380181 3.69393201473529 2.64188901270702
"325" 317 2.03448000257094 3.69821610063325 2.64379050316292
"326" 318 2.03540365789418 3.70242616916337 2.64568744785888
"327" 319 2.03627438007133 3.70651768356613 2.64757987190585
"328" 320 2.03719403203756 3.71050703559012 2.64946780019787
"329" 321 2.03809561480343 3.71448461538666 2.65135125741465
"330" 322 2.03897295718569 3.71832393291822 2.65323026802405
"331" 323 2.03987492578583 3.72240330134167 2.65510485628449
"332" 324 2.04074266864837 3.72627192443673 2.65697504624749
"333" 325 2.04165939513808 3.7304582756211 2.65884086176001
"334" 326 2.04258344393819 3.73453251207335 2.66070232646683
"335" 327 2.04347846014086 3.73861379284203 2.66255946381289
"336" 328 2.04433829456377 3.74229478232215 2.66441229704548
"337" 329 2.04513910193347 3.74617692129115 2.66626084921668
"338" 330 2.0460358093223 3.75013145166218 2.66810514318545
"339" 331 2.04691915050826 3.75411641043696 2.66994520161993
"340" 332 2.04772997164086 3.75807074576645 2.6717810469994
"341" 333 2.04851263859721 3.76191877266832 2.67361270161675
"342" 334 2.04933782944253 3.76581586601121 2.67544018758029
"343" 335 2.05021423107008 3.76988621469976 2.67726352681593
"344" 336 2.05109018764663 3.77399757547724 2.67908274106924
"345" 337 2.05194335789614 3.7777432892931 2.68089785190743
"346" 338 2.0528287708499 3.78161684474349 2.6827088807214
"347" 339 2.05366900248485 3.78534259322349 2.68451584872762
"348" 340 2.05453332148792 3.78914314811784 2.6863187769701
"349" 341 2.05544165135833 3.79318081260314 2.68811768632229
"350" 342 2.05631081770023 3.79693619663177 2.68991259748899
"351" 343 2.05714589335408 3.80055111863498 2.69170353100807
"352" 344 2.0579878767467 3.80439984404393 2.69349050725252
"353" 345 2.05877458366273 3.8085078003228 2.69527354643206
"354" 346 2.05958524210233 3.81230551621605 2.69705266859501
"355" 347 2.06041448754802 3.81598719667544 2.69882789362998
"356" 348 2.06129869226039 3.81966255363556 2.70059924126765
"357" 349 2.06212527660944 3.82335437988925 2.70236673108248
"358" 350 2.06292930818996 3.82702653938875 2.70413038249435
"359" 351 2.06372672858002 3.83070777462151 2.70589021477022
"360" 352 2.06453443385587 3.8344000521758 2.70764624702579
"361" 353 2.06527796910028 3.83802812086861 2.70939849822713
"362" 354 2.06610072317498 3.84162818628736 2.71114698719224
"363" 355 2.06689464666689 3.84549373047599 2.71289173259258
"364" 356 2.06771118664546 3.84917021861731 2.71463275295471
"365" 357 2.06848055212075 3.85296331089733 2.71637006666176
"366" 358 2.06924700037148 3.85664035398296 2.71810369195502
"367" 359 2.07005755789275 3.86067224785283 2.71983364693522
"368" 360 2.07083915069687 3.86444052769392 2.72155994956426
"369" 361 2.07163552202253 3.86807598940224 2.72328261766652
"370" 362 2.0724482172987 3.87209151830906 2.72500166893027
"371" 363 2.07325221782985 3.87584304040827 2.72671712090914
"372" 364 2.0740454631374 3.87937137066169 2.72842899102353
"373" 365 2.07483240677639 3.88320194815687 2.73013729656187
"374" 366 2.07563536681076 3.88705778953856 2.73184205468215
"375" 367 2.07642696455628 3.89078463184444 2.73354328241311
"376" 368 2.07721185979911 3.89421518733869 2.73524099665564
"377" 369 2.07800072351219 3.89788870212854 2.736935214184
"378" 370 2.07879571746195 3.90156686175541 2.73862595164725
"379" 371 2.07962095361451 3.90523241984543 2.7403132255704
"380" 372 2.08037490419325 3.90884334681393 2.74199705235573
"381" 373 2.08114255153235 3.91224979800604 2.743677448284
"382" 374 2.0819161810711 3.91600467746448 2.74535442951561
"383" 375 2.08262901125653 3.91981502776899 2.74702801209199
"384" 376 2.08336698206905 3.92327447240495 2.74869821193659
"385" 377 2.0840905866513 3.92679764339759 2.75036504485621
"386" 378 2.08485751293883 3.9306515083216 2.75202852654203
"387" 379 2.08553318723697 3.93444395763938 2.75368867257089
"388" 380 2.08632258693318 3.93796280913677 2.75534549840632
"389" 381 2.08710530688717 3.94147752187351 2.75699901939973
"390" 382 2.08785705345955 3.94489892456639 2.75864925079143
"391" 383 2.08858228660649 3.94831793530218 2.76029620771185
"392" 384 2.08933984536337 3.95186772820067 2.76193990518249
"393" 385 2.09003206264105 3.95523895353167 2.76358035811707
"394" 386 2.09078897248423 3.95864469047533 2.7652175813225
"395" 387 2.09159053511201 3.96226820313375 2.76685158950001
"396" 388 2.09230900976866 3.96596623428096 2.76848239724617
"397" 389 2.09305533639887 3.96954922846482 2.7701100190538
"398" 390 2.09384308276965 3.97323283934397 2.77173446931304
"399" 391 2.09459503181741 3.97686413536684 2.77335576231236
"400" 392 2.09534489585784 3.98044259025758 2.77497391223958
"401" 393 2.09609730636292 3.98401575275019 2.77658893318264
"402" 394 2.09681381872232 3.9875346828656 2.77820083913077
"403" 395 2.09755745190071 3.99098820197376 2.7798096439753
"404" 396 2.09823422192262 3.9945102028565 2.78141536151066
"405" 397 2.09895301043462 3.9981133708457 2.7830180054353
"406" 398 2.09971860291905 4.0016804841123 2.78461758935249
"407" 399 2.10044593137793 4.00519431405268 2.78621412677137
"408" 400 2.10116454152003 4.00880726724324 2.78780763110773
"409" 401 2.10187720581351 4.01226700219761 2.78939811568496
"410" 402 2.10259285813923 4.01559615037063 2.7909855937348
"411" 403 2.10324746674716 4.01901882014517 2.79257007839834
"412" 404 2.10390999522786 4.02237591610128 2.79415158272677
"413" 405 2.10467373424861 4.02582736056146 2.79573011968224
"414" 406 2.10536588651072 4.02923987798266 2.79730570213874
"415" 407 2.10609026708711 4.03285911787166 2.79887834288276
"416" 408 2.10677623615111 4.03634690219045 2.80044805461433
"417" 409 2.10748778945207 4.03976365724497 2.80201484994756
"418" 410 2.10814685329895 4.04310267985387 2.80357874141164
"419" 411 2.10884587755895 4.04641237959698 2.8051397414515
"420" 412 2.10958485775272 4.04995335015118 2.80669786242863
"421" 413 2.11036043008067 4.05320837154018 2.80825311662182
"422" 414 2.1110527364581 4.05673742572574 2.80980551622789
"423" 415 2.11174814332778 4.06010512689001 2.81135507336249
"424" 416 2.11245014492762 4.06354428058513 2.8129018000608
"425" 417 2.1131622691294 4.06686078792475 2.81444570827823
"426" 418 2.11382646030157 4.07031089400327 2.81598680989125
"427" 419 2.11454425316806 4.07352497027654 2.81752511669789
"428" 420 2.11522456473832 4.07699863390335 2.81906064041872
"429" 421 2.11595660357932 4.08045078509083 2.8205933926972
"430" 422 2.11660557733582 4.08378979116611 2.82212338510081
"431" 423 2.11724457257762 4.08709817681011 2.82365062912125
"432" 424 2.11795056947992 4.09046462096445 2.82517513617547
"433" 425 2.11872277721097 4.09379028114687 2.82669691760617
"434" 426 2.1193927050853 4.09733642194281 2.8282159846825
"435" 427 2.12008987179225 4.10067523221067 2.82973234860066
"436" 428 2.12078851274523 4.10402688458651 2.83124602048455
"437" 429 2.12142031705755 4.10741597064173 2.83275701138658
"438" 430 2.12207871645596 4.11068387129922 2.83426533228799
"439" 431 2.12273501362332 4.11406202653806 2.83577099409974
"440" 432 2.12337850588312 4.11754236311518 2.8372740076629
"441" 433 2.12404030611307 4.120894967879 2.83877438374948
"442" 434 2.12467231703015 4.12440770721919 2.84027213306287
"443" 435 2.125314775097 4.12794339168409 2.84176726623846
"444" 436 2.12603252310418 4.13125171401425 2.84325979384433
"445" 437 2.12674184176726 4.13436604037472 2.84474972638164
"446" 438 2.12741612685298 4.13760185217039 2.84623707428537
"447" 439 2.12807527303928 4.14090834684323 2.8477218479249
"448" 440 2.12877490851228 4.14404015348351 2.84920405760437
"449" 441 2.12944786818851 4.14728128138714 2.85068371356344
"450" 442 2.13016469444046 4.15074956020365 2.85216082597784
"451" 443 2.13084797271755 4.15412331768369 2.85363540495969
"452" 444 2.13151847842374 4.15741334462352 2.85510746055826
"453" 445 2.13216662239643 4.16078789435106 2.8565770027605
"454" 446 2.13285583522344 4.16413236075034 2.85804404149146
"455" 447 2.133499309122 4.16725292688204 2.85950858661475
"456" 448 2.13411090089104 4.17039418691089 2.86097064793331
"457" 449 2.13474764192701 4.1736345550461 2.86243023518966
"458" 450 2.13536956758924 4.17679521293132 2.86388735806658
"459" 451 2.13601511342051 4.18008923559673 2.86534202618745
"460" 452 2.13660139609231 4.18311290785719 2.86679424911696
"461" 453 2.13727872940691 4.18630536301437 2.86824403636134
"462" 454 2.13792167005706 4.18965080180125 2.86969139736907
"463" 455 2.13855117746333 4.19309591504711 2.87113634153122
"464" 456 2.13926350290889 4.19642208739218 2.87257887818202
"465" 457 2.13989479585831 4.1996294590556 2.87401901659919
"466" 458 2.14056086212407 4.20282358314425 2.87545676600452
"467" 459 2.14117118508258 4.20589982290139 2.87689213556435
"468" 460 2.14177393319834 4.20904231405129 2.87832513438993
"469" 461 2.14237974413272 4.21223720417365 2.87975577153793
"470" 462 2.14304491958814 4.21547429290131 2.88118405601084
"471" 463 2.14370788250347 4.21874886998653 2.88260999675746
"472" 464 2.14431898832502 4.22200003679047 2.88403360267332
"473" 465 2.14494821540933 4.22511430956986 2.88545488260107
"474" 466 2.14552396630141 4.22833888454855 2.88687384533102
"475" 467 2.1461520624174 4.23150146837519 2.88829049960134
"476" 468 2.14678946319143 4.23466645209063 2.88970485409874
"477" 469 2.14738679395567 4.23776500144551 2.89111691745877
"478" 470 2.14806152616886 4.24101832032477 2.89252669826618
"479" 471 2.1486897203297 4.24407086573808 2.89393420505532
"480" 472 2.14932480554296 4.24718798256356 2.89533944631075
"481" 473 2.14992808204119 4.25032582803998 2.8967424304673
"482" 474 2.15056378496126 4.25344320438721 2.89814316591079
"483" 475 2.15119977669421 4.2564513769421 2.89954166097818
"484" 476 2.15177490818061 4.25944720859666 2.90093792395809
"485" 477 2.15242031487218 4.26245678369597 2.90233196309109
"486" 478 2.15306241725302 4.26565904879694 2.90372378657021
"487" 479 2.15365491803642 4.26884083601708 2.90511340254117
"488" 480 2.15430415191938 4.27166912611814 2.90650081910281
"489" 481 2.15487802082449 4.27470430106135 2.90788604430756
"490" 482 2.15546186635844 4.27779092468357 2.90926908616153
"491" 483 2.15607566842677 4.28093758934539 2.91064995262521
"492" 484 2.15668166038246 4.28382495894215 2.91202865161352
"493" 485 2.1572995052708 4.28699419113509 2.91340519099644
"494" 486 2.15791516433579 4.29009014303755 2.91477957859906
"495" 487 2.15848756439422 4.29321888344633 2.91615182220225
"496" 488 2.15912339769179 4.29634389451478 2.9175219295427
"497" 489 2.15972058212947 4.29929512854828 2.91888990831348
"498" 490 2.16029998636865 4.30264135904495 2.92025576616429
"499" 491 2.16086851570539 4.30578671617172 2.92161951070176
"500" 492 2.16152780744149 4.30888068352481 2.92298114948977
"501" 493 2.1621028027809 4.31218942015637 2.92434069004998
"502" 494 2.16275209991789 4.31507404382316 2.92569813986184
"503" 495 2.16337170596079 4.31801763650835 2.92705350636306
"504" 496 2.16394037556057 4.32092344178326 2.92840679695011
"505" 497 2.16453667577154 4.32390795438754 2.92975801897807
"506" 498 2.16516719741653 4.32681180258154 2.93110717976155
"507" 499 2.16571554872585 4.32986921744652 2.93245428657438
"508" 500 2.16630479093711 4.33287517908022 2.93379934665037
"509" 501 2.1669346060418 4.33591875955086 2.93514236718337
"510" 502 2.16750139097908 4.33918447240786 2.93648335532777
"511" 503 2.1681471206428 4.34229019870741 2.93782231819847
"512" 504 2.16872352396104 4.34557594866415 2.9391592628716
"513" 505 2.16925571990349 4.34860584060316 2.94049419638442
"514" 506 2.16986374058023 4.35150040239051 2.94182712573587
"515" 507 2.17053195277859 4.35431060949307 2.94315805788671
"516" 508 2.17119265073295 4.3572844649155 2.94448699975985
"517" 509 2.17171752610854 4.36017165301982 2.94581395824067
"518" 510 2.17229412348972 4.36314592681693 2.94713894017723
"519" 511 2.1728658707053 4.36618798086587 2.94846195238056
"520" 512 2.17339276078303 4.36910466493784 2.94978300162505
"521" 513 2.17396390422261 4.37215910861034 2.95110209464845
"522" 514 2.17456584407905 4.37555120532975 2.95241923815248
"523" 515 2.1751813736163 4.37863385871691 2.95373443880277
"524" 516 2.17576037087882 4.38187758009223 2.95504770322928
"525" 517 2.17634079933279 4.38465018876665 2.95635903802668
"526" 518 2.17692957580178 4.38754063085009 2.95766844975437
"527" 519 2.17747778098461 4.390840010398 2.95897594493689
"528" 520 2.17803854367549 4.39349663613756 2.96028153006405
"529" 521 2.1785785907863 4.39639410160204 2.96158521159129
"530" 522 2.17915170724155 4.3993647070545 2.96288699593999
"531" 523 2.17977867075209 4.40240219439587 2.96418688949743
"532" 524 2.18032642439619 4.40525373210818 2.96548489861743
"533" 525 2.18089990961707 4.40833703074746 2.96678102962022
"534" 526 2.1814810872927 4.4113907842818 2.96807528879293
"535" 527 2.18204164939822 4.41421918270408 2.96936768238967
"536" 528 2.1825856876332 4.41700519932927 2.97065821663194
"537" 529 2.18309930439405 4.41998068866895 2.97194689770863
"538" 530 2.18367376555784 4.42291238117694 2.97323373177653
"539" 531 2.18427006660318 4.42588668860076 2.97451872496018
"540" 532 2.1848179820431 4.4287582687125 2.97580188335259
"541" 533 2.18537772140654 4.4318790514626 2.97708321301503
"542" 534 2.18593551522568 4.43473397217258 2.97836271997742
"543" 535 2.1864885360166 4.43788856640334 2.97964041023865
"544" 536 2.18699577868725 4.44084003260614 2.98091628976656
"545" 537 2.18751208307999 4.44385767638631 2.9821903644984
"546" 538 2.18809746588094 4.44664691755227 2.98346264034098
"547" 539 2.18858093813038 4.4496738089073 2.98473312317073
"548" 540 2.18912499653157 4.45272294955008 2.98600181883401
"549" 541 2.18965514954337 4.45545056934061 2.98726873314745
"550" 542 2.1902385287633 4.4582044654365 2.98853387189803
"551" 543 2.19080970246157 4.46111945143685 2.98979724084316
"552" 544 2.19129054716691 4.4640143294582 2.99105884571114
"553" 545 2.19183460246693 4.46707535920557 2.9923186922012
"554" 546 2.19238795568163 4.46992855769056 2.99357678598376
"555" 547 2.19287999634005 4.47274025719032 2.99483313270064
"556" 548 2.19336725091527 4.47552794158432 2.99608773796511
"557" 549 2.19395194564472 4.47830884600873 2.99734060736231
"558" 550 2.1944991138313 4.48109259293325 2.99859174644928
"559" 551 2.19498089449498 4.4839622728686 2.99984116075523
"560" 552 2.19554411861951 4.48663816413795 3.00108885578176
"561" 553 2.19606453156656 4.48944172546304 3.0023348370029
"562" 554 2.19655095568598 4.492292837075 3.00357910986537
"563" 555 2.19708394451381 4.49514537788061 3.00482167978886
"564" 556 2.1975787947644 4.49794992389333 3.00606255216619
"565" 557 2.1980833075528 4.50087874940853 3.00730173236329
"566" 558 2.1986109773295 4.5038474340074 3.00853922571966
"567" 559 2.19912647560379 4.5065338797126 3.00977503754838
"568" 560 2.199680891131 4.50935920486712 3.01100917313621
"569" 561 2.20020496422538 4.51223050772881 3.01224163774412
"570" 562 2.20074470040536 4.51515159600042 3.01347243660707
"571" 563 2.2012706894842 4.51813406507831 3.0147015749343
"572" 564 2.20181319298657 4.52089450810202 3.01592905790969
"573" 565 2.20235537363092 4.52385957857087 3.01715489069163
"574" 566 2.20283954413346 4.52714644830981 3.01837907841347
"575" 567 2.20334346673047 4.52982126756588 3.01960162618346
"576" 568 2.20393034888217 4.53260043878214 3.02082253908506
"577" 569 2.20448443756045 4.53546367495626 3.02204182217703
"578" 570 2.20503119595852 4.53816600961686 3.02325948049365
"579" 571 2.20555713892221 4.54098128122505 3.02447551904485
"580" 572 2.20598473687417 4.54383693965949 3.02568994281635
"581" 573 2.20651073151888 4.54655533459223 3.02690275676978
"582" 574 2.20707488321539 4.5493911279054 3.02811396584307
"583" 575 2.20759048813083 4.55225078571993 3.02932357495021
"584" 576 2.20812713836187 4.55505988210839 3.03053158898186
"585" 577 2.20860855721268 4.55789316890791 3.03173801280509
"586" 578 2.2091006744329 4.56066967222372 3.03294285126384
"587" 579 2.20960624379294 4.56355015416811 3.03414610917883
"588" 580 2.21013016286531 4.56636737238208 3.03534779134784
"589" 581 2.21062091582681 4.56895726918611 3.03654790254602
"590" 582 2.21115406981976 4.57191600173886 3.03774644752567
"591" 583 2.21162729097257 4.57471038109633 3.03894343101656
"592" 584 2.21216039442024 4.57723203150549 3.04013885772633
"593" 585 2.21270063420154 4.58002875372917 3.04133273234007
"594" 586 2.21320279800546 4.582943620738 3.0425250595211
"595" 587 2.21371517666914 4.58588681246264 3.04371584391058
"596" 588 2.21423632105693 4.58878252656221 3.04490509012796
"597" 589 2.21477416735859 4.59165131798966 3.04609280277101
"598" 590 2.21528721998518 4.59449847405054 3.04727898641606
"599" 591 2.21577352677311 4.59723770960158 3.04846364561791
"600" 592 2.2162986925664 4.60002332573694 3.04964678491018
"601" 593 2.21683175067638 4.60281569070648 3.05082840880547
"602" 594 2.21737500201689 4.60547679329591 3.05200852179523
"603" 595 2.21786262405534 4.60814766207988 3.05318712835019
"604" 596 2.21834897060254 4.61090526994314 3.05436423292031
"605" 597 2.21885279735803 4.61366245131875 3.05553983993498
"606" 598 2.21932446913366 4.61646789774849 3.05671395380313
"607" 599 2.21980399235732 4.61930466436417 3.05788657891338
"608" 600 2.22027927880924 4.62200817507717 3.05905771963418
"609" 601 2.22077820108497 4.62462516703667 3.06022738031375
"610" 602 2.22125941710957 4.62722431737823 3.06139556528058
"611" 603 2.22173059579318 4.62990543054473 3.06256227884316
"612" 604 2.22221200982835 4.63263545255004 3.06372752529037
"613" 605 2.22272652559522 4.63528128447681 3.06489130889161
"614" 606 2.22319752057773 4.63787219637537 3.06605363389655
"615" 607 2.22369774729254 4.64050609534984 3.06721450453578
"616" 608 2.22417441854005 4.64321291543268 3.06837392502052
"617" 609 2.22462498374669 4.64584871560047 3.06953189954303
"618" 610 2.22518762738362 4.64846093983735 3.07068843227651
"619" 611 2.22567041243802 4.65101103288832 3.07184352737522
"620" 612 2.22615150037933 4.65383809051743 3.07299718897489
"621" 613 2.22663060682677 4.65636247737149 3.07414942119238
"622" 614 2.22710860492488 4.65905424715006 3.07530022812615
"623" 615 2.22758696145137 4.66190205140807 3.07644961385637
"624" 616 2.22806305698072 4.66449872988956 3.07759758244465
"625" 617 2.22859292273209 4.66716191486713 3.07874413793467
"626" 618 2.22908168492721 4.66962397435315 3.07988928435188
"627" 619 2.22953017707104 4.67224745995009 3.08103302570384
"628" 620 2.2299745333107 4.67508249283844 3.08217536598028
"629" 621 2.23044227780711 4.67780182082563 3.08331630915316
"630" 622 2.23095060620526 4.68026713721391 3.08445585917685
"631" 623 2.2314099916419 4.6830153335227 3.08559401998804
"632" 624 2.23186069061397 4.68571266387901 3.08673079550613
"633" 625 2.23236268677534 4.68840636045042 3.08786618963325
"634" 626 2.2328607954405 4.6910097613953 3.08900020625423
"635" 627 2.23334017669815 4.69379174906888 3.09013284923676
"636" 628 2.23380582857284 4.69634796690895 3.09126412243164
"637" 629 2.23425546736262 4.69915363336321 3.09239402967259
"638" 630 2.2347256407366 4.70183222809509 3.09352257477674
"639" 631 2.23526888057737 4.70447832433306 3.09464976154428
"640" 632 2.235688386348 4.70712374564259 3.09577559375909
"641" 633 2.23612049816688 4.70981447687621 3.09690007518822
"642" 634 2.23659048767691 4.71250713208043 3.09802320958251
"643" 635 2.23702481541457 4.7151553601619 3.09914500067647
"644" 636 2.23750722744652 4.71788723455584 3.10026545218835
"645" 637 2.23801787724654 4.72038230566764 3.10138456782025
"646" 638 2.23847516368915 4.72308542777066 3.10250235125842
"647" 639 2.23898940292296 4.72592481456881 3.10361880617298
"648" 640 2.2394841659878 4.72857248625929 3.10473393621828
"649" 641 2.23993847917816 4.73129086923044 3.10584774503293
"650" 642 2.24036610616803 4.73396473331536 3.10696023623996
"651" 643 2.24084123959146 4.73653643752121 3.10807141344672
"652" 644 2.24124655397893 4.73916931725741 3.10918128024512
"653" 645 2.24172826067339 4.74188066446845 3.11028984021182
"654" 646 2.24216687324407 4.74446262471388 3.11139709690804
"655" 647 2.24265077008431 4.74692676745179 3.11250305387989
"656" 648 2.24309906237702 4.74948284316612 3.11360771465825
"657" 649 2.24353575170539 4.75204738792549 3.11471108275917
"658" 650 2.24401658874848 4.7545081665617 3.11581316168355
"659" 651 2.24446471395318 4.75708657793358 3.11691395491763
"660" 652 2.2449323687252 4.75946672319079 3.11801346593269
"661" 653 2.2453564184524 4.76198986853189 3.11911169818553
"662" 654 2.24577636346155 4.76453651548497 3.12020865511826
"663" 655 2.24623786007508 4.76706884354326 3.12130434015845
"664" 656 2.24663887722325 4.76953893086087 3.12239875671929
"665" 657 2.24711300336406 4.77213799966692 3.12349190819954
"666" 658 2.24757823920937 4.77479949096617 3.12458379798388
"667" 659 2.24806999727026 4.77747215077897 3.12567442944266
"668" 660 2.2485019524875 4.78013267687338 3.12676380593206
"669" 661 2.24895839044404 4.78273598143497 3.12785193079451
"670" 662 2.24945003183157 4.78515622849125 3.12893880735817
"671" 663 2.24990587053123 4.78780619824538 3.13002443893761
"672" 664 2.2504294475224 4.79031341172706 3.13110882883344
"673" 665 2.25086386137258 4.79272293514438 3.13219198033269
"674" 666 2.25130171058697 4.79530267375921 3.13327389670861
"675" 667 2.25170578133205 4.79791377728464 3.13435458122111
"676" 668 2.25209845231395 4.80036146037259 3.13543403711633
"677" 669 2.25254155262301 4.80294926765288 3.13651226762736
"678" 670 2.25297318757773 4.80527765275167 3.13758927597371
"679" 671 2.25344705297529 4.807921893175 3.13866506536176
"680" 672 2.25390314764342 4.81051755909509 3.13973963898461
"681" 673 2.25437058426153 4.81326373090527 3.14081300002243
"682" 674 2.25484447044901 4.81578852315298 3.14188515164215
"683" 675 2.25529255046013 4.81827898032041 3.14295609699785
"684" 676 2.25577019677453 4.82098528500056 3.14402583923081
"685" 677 2.25619825222553 4.82354587987623 3.14509438146939
"686" 678 2.25658480575789 4.82602440598892 3.1461617268292
"687" 679 2.25705179498505 4.82862996252242 3.14722787841324
"688" 680 2.25746797977961 4.83122802858914 3.1482928393119
"689" 681 2.25791762149868 4.8337272500697 3.14935661260301
"690" 682 2.25836270774575 4.83617618194388 3.15041920135193
"691" 683 2.25876802167183 4.83874494421334 3.15148060861168
"692" 684 2.25920675107353 4.84126887870575 3.15254083742293
"693" 685 2.25965438908207 4.84378916832913 3.15359989081403
"694" 686 2.26007016061693 4.84618065177988 3.15465777180128
"695" 687 2.26047677893793 4.84869282984582 3.15571448338873
"696" 688 2.26090188033619 4.85129389015416 3.15677002856839
"697" 689 2.26134884206883 4.85382480643774 3.15782441032042
"698" 690 2.26179642229091 4.85643251908188 3.1588776316128
"699" 691 2.26225164295562 4.85903418037266 3.15992969540193
"700" 692 2.26267030537956 4.86163946760622 3.16098060463209
"701" 693 2.26309356811519 4.86400697191926 3.16203036223624
"702" 694 2.2634909197306 4.86631397957042 3.16307897113529
"703" 695 2.26390313255367 4.86881578297528 3.16412643423872
"704" 696 2.26436090366185 4.8712237619475 3.16517275444452
"705" 697 2.26480427393549 4.87378204861 3.16621793463904
"706" 698 2.26523062247873 4.87630428946293 3.16726197769738
"707" 699 2.26565550067371 4.87873479868954 3.16830488648315
"708" 700 2.26609949204602 4.8813281151051 3.16934666384873
"709" 701 2.26648580861742 4.88375773247164 3.17038731263521
"710" 702 2.26691620833121 4.8861334007816 3.17142683567262
"711" 703 2.26735064856069 4.88860543869615 3.17246523577976
"712" 704 2.2677798945107 4.89098373849393 3.1735025157645
"713" 705 2.26820312075705 4.89319234862676 3.17453867842347
"714" 706 2.26862591195299 4.89551649126221 3.17557372654261
"715" 707 2.26906044047186 4.89803400213111 3.17660766289683
"716" 708 2.26949894506362 4.90059695702085 3.17764049025039
"717" 709 2.26991320231439 4.9031197205383 3.17867221135661
"718" 710 2.27036573314673 4.90558696097837 3.17970282895819
"719" 711 2.27080960943194 4.90812196637098 3.18073234578709
"720" 712 2.27123079541005 4.91055820522931 3.18176076456477
"721" 713 2.27160370133718 4.91299043596669 3.18278808800216
"722" 714 2.2720365963524 4.91536564330181 3.18381431879969
"723" 715 2.27245657842046 4.91781964435 3.18483945964724
"724" 716 2.27287519944794 4.92027898875278 3.18586351322444
"725" 717 2.27329606074842 4.92260018364214 3.18688648220061
"726" 718 2.2737373899253 4.92500703917175 3.18790836923473
"727" 719 2.27416632913177 4.92744853686255 3.1889291769757
"728" 720 2.27455177416098 4.9299499580642 3.18994890806209
"729" 721 2.27497288331247 4.93247926815811 3.19096756512244
"730" 722 2.27539346081006 4.93486084851738 3.19198515077532
"731" 723 2.27581268425221 4.93721659375699 3.19300166762921
"732" 724 2.27623587626243 4.93959292879099 3.19401711828253
"733" 725 2.27667129743039 4.94211986626281 3.1950315053241
"734" 726 2.27714009579619 4.94448016892969 3.19604483133266
"735" 727 2.27756359958863 4.94679766441122 3.19705709887717
"736" 728 2.27795131861781 4.94919232328751 3.19806831051697
"737" 729 2.27839295535325 4.95158706935367 3.19907846880165
"738" 730 2.27879962881945 4.95393178958999 3.20008757627104
"739" 731 2.27922749560754 4.95630579704162 3.20109563545559
"740" 732 2.27961169865625 4.95861348433592 3.20210264887604
"741" 733 2.27999962305596 4.96095122287768 3.20310861904368
"742" 734 2.28042247811086 4.96327761150954 3.20411354846032
"743" 735 2.28084412408407 4.96562276871955 3.2051174396185
"744" 736 2.28124225941758 4.96798048216452 3.20612029500131
"745" 737 2.28166044306226 4.97054086330244 3.20712211708257
"746" 738 2.28204818750472 4.97296390955546 3.20812290832676
"747" 739 2.28244188748337 4.97533725185064 3.20912267118917
"748" 740 2.28284550013168 4.97770443925168 3.21012140811612
"749" 741 2.28323610757083 4.98007168880278 3.21111912154458
"750" 742 2.28363735683236 4.98241816277373 3.21211581390258
"751" 743 2.28401182553731 4.98490219325523 3.21311148760912
"752" 744 2.2843908983682 4.987304724011 3.21410614507408
"753" 745 2.28477600174695 4.98964462685129 3.2150997886986
"754" 746 2.28515944826503 4.99207799709003 3.21609242087484
"755" 747 2.28554314434057 4.99454134352304 3.2170840439861
"756" 748 2.28593291889862 4.99689539784886 3.21807466040702
"757" 749 2.28634555227252 4.99922804786648 3.21906427250331
"758" 750 2.28675043883983 5.0016029264412 3.22005288263199
"759" 751 2.28713064872254 5.00398372345415 3.22104049314163
"760" 752 2.28753224890551 5.00635664234611 3.22202710637185
"761" 753 2.28798370367564 5.00872327018298 3.22301272465387
"762" 754 2.28839966766362 5.01092955410038 3.22399735031046
"763" 755 2.28880632660717 5.01330048707376 3.22498098565574
"764" 756 2.28921223938326 5.01567853723686 3.22596363299538
"765" 757 2.28963410272383 5.01806698800213 3.22694529462683
"766" 758 2.29004357517079 5.02047184728549 3.22792597283893
"767" 759 2.29044052525293 5.02291637697762 3.22890566991232
"768" 760 2.29086043181093 5.02527547932871 3.22988438811933
"769" 761 2.29124800019224 5.02765506398396 3.23086212972409
"770" 762 2.29169753064384 5.02997762962842 3.2318388969824
"771" 763 2.29208999265676 5.03230150082173 3.23281469214207
"772" 764 2.2924562614039 5.03462281551113 3.23378951744275
"773" 765 2.29284135353691 5.03695049900688 3.2347633751158
"774" 766 2.29323228537705 5.03938830485207 3.2357362673848
"775" 767 2.29358993795005 5.04174790475362 3.23670819646515
"776" 768 2.29395117823445 5.0441048970977 3.23767916456447
"777" 769 2.2943441116795 5.04657696694931 3.23864917388223
"778" 770 2.29474950198731 5.04898885512333 3.23961822661016
"779" 771 2.2951468089746 5.05131045113305 3.2405863249321
"780" 772 2.29555249888906 5.05362284657983 3.2415534710241
"781" 773 2.29595113652853 5.05605328137775 3.24251966705446
"782" 774 2.29636087677583 5.05835697920176 3.24348491518364
"783" 775 2.29675054585921 5.0608369289213 3.24444921756448
"784" 776 2.29711843124109 5.06301402973277 3.24541257634221
"785" 777 2.29745175828925 5.06536123838733 3.24637499365434
"786" 778 2.29784384131773 5.06774088227619 3.24733647163075
"787" 779 2.29823526763389 5.07002337563769 3.24829701239398
"788" 780 2.29865712386172 5.07247423775251 3.24925661805893
"789" 781 2.29905384457256 5.07487345394071 3.25021529073295
"790" 782 2.29935137626615 5.07728105423168 3.25117303251605
"791" 783 2.29970960161192 5.07961186724787 3.25212984550078
"792" 784 2.3001054307777 5.08194644375534 3.25308573177244
"793" 785 2.30049112185502 5.08425024402003 3.2540406934088
"794" 786 2.30084795520225 5.08659937262951 3.25499473248051
"795" 787 2.30125926690474 5.08897863812844 3.25594785105092
"796" 788 2.30166705377388 5.09123794129305 3.25690005117598
"797" 789 2.30206520027279 5.09342211366682 3.25785133490471
"798" 790 2.30246364393134 5.09563629365102 3.25880170427881
"799" 791 2.30284727701949 5.09794029869593 3.25975116133281
"800" 792 2.30326079309615 5.10012274402347 3.26069970809435
"801" 793 2.30366684771163 5.10246851397747 3.26164734658376
"802" 794 2.30402068066851 5.1046909370753 3.26259407881452
"803" 795 2.30442103776779 5.10690822860435 3.26353990679303
"804" 796 2.30480351335805 5.10911236124133 3.26448483251877
"805" 797 2.30517032955195 5.11133328539601 3.26542885798439
"806" 798 2.30552367808535 5.11360116210203 3.26637198517538
"807" 799 2.30586607735991 5.11604764553676 3.2673142160707
"808" 800 2.30623735431368 5.1182194911022 3.2682555526422
"809" 801 2.30663233626834 5.12044570485366 3.26919599685502
"810" 802 2.30702513137912 5.1226390916296 3.27013555066771
"811" 803 2.30742870439811 5.12479372059065 3.27107421603179
"812" 804 2.30780807334633 5.1270775229767 3.27201199489234
"813" 805 2.30821237244411 5.12939879735057 3.27294888918758
"814" 806 2.30859737302292 5.13173463260667 3.27388490084919
"815" 807 2.3088913869185 5.13392500728866 3.27482003180221
"816" 808 2.3092862346068 5.13606194727759 3.2757542839651
"817" 809 2.30968781312794 5.13824616365075 3.27668765924989
"818" 810 2.31007069028564 5.14054945826174 3.27762015956186
"819" 811 2.31050753265337 5.14282329221856 3.27855178679991
"820" 812 2.31089678619789 5.14521891132004 3.27948254285665
"821" 813 2.31125750660573 5.14755000757883 3.28041242961802
"822" 814 2.31162674138353 5.14965128509336 3.28134144896362
"823" 815 2.31197452332837 5.15181368403392 3.28226960276685
"824" 816 2.31235258937808 5.15404894243958 3.28319689289458
"825" 817 2.31269467496012 5.156216105033 3.28412332120735
"826" 818 2.31306900069528 5.15852985067156 3.28504888955964
"827" 819 2.31346238843142 5.16091729703758 3.28597359979946
"828" 820 2.31385446324227 5.16318691857763 3.28689745376878
"829" 821 2.3142241245405 5.16553924815005 3.28782045330316
"830" 822 2.31456357995726 5.16784447308536 3.28874260023225
"831" 823 2.31491120811405 5.17002310057858 3.2896638963793
"832" 824 2.31529938053522 5.17235068564349 3.29058434356158
"833" 825 2.3156887665451 5.17452541976287 3.29150394359041
"834" 826 2.31607420142436 5.17680446898173 3.29242269827076
"835" 827 2.31647801927113 5.17914716381478 3.29334060940182
"836" 828 2.31682551244894 5.18147798374106 3.29425767877671
"837" 829 2.31719081122017 5.18366515176168 3.29517390818259
"838" 830 2.31755727901439 5.18590179092786 3.29608929940057
"839" 831 2.31791742015974 5.18814869168387 3.29700385420593
"840" 832 2.31828006312997 5.19036123090311 3.29791757436812
"841" 833 2.31863968557332 5.19259599631654 3.29883046165064
"842" 834 2.31901066850637 5.1948468787441 3.29974251781121
"843" 835 2.3194075815476 5.19705003222939 3.30065374460156
"844" 836 2.31976344176071 5.19937257913908 3.30156414376788
"845" 837 2.32006776834168 5.2015958792797 3.30247371705053
"846" 838 2.32041475061571 5.20376316732142 3.30338246618395
"847" 839 2.32077038090722 5.20593998802274 3.30429039289717
"848" 840 2.32112518811864 5.20824092095103 3.30519749891335
"849" 841 2.32148190813689 5.21039734849706 3.30610378595006
"850" 842 2.32181029916931 5.21267008301763 3.30700925571913
"851" 843 2.32214139130075 5.21495533873285 3.30791390992696
"852" 844 2.32254455939432 5.21732386528522 3.30881775027418
"853" 845 2.32289332396921 5.2196285180444 3.30972077845609
"854" 846 2.3232431061658 5.22174920164873 3.31062299616223
"855" 847 2.32357524576818 5.22402051807585 3.31152440507671
"856" 848 2.32391752784133 5.22627774191604 3.31242500687831
"857" 849 2.32427780573363 5.22852336420688 3.31332480324001
"858" 850 2.32460836847788 5.23053494630025 3.31422379582977
"859" 851 2.32492300211819 5.23275001750274 3.31512198630982
"860" 852 2.32524404883379 5.23496351046595 3.31601937633711
"861" 853 2.32559615185673 5.2372389427647 3.31691596756331
"862" 854 2.32594591701536 5.23940664349302 3.31781176163467
"863" 855 2.32628945617733 5.24161630300906 3.318706760192
"864" 856 2.32660673263791 5.24382439216766 3.31960096487114
"865" 857 2.3269675162827 5.24603091391698 3.32049437730227
"866" 858 2.32733361110754 5.2483691706364 3.32138699911066
"867" 859 2.32769670753361 5.25053559418826 3.32227883191616
"868" 860 2.32804869987029 5.25265264682174 3.32316987733353
"869" 861 2.32840342110593 5.25485338760788 3.32406013697223
"870" 862 2.32875785691774 5.25705034786024 3.32494961243672
"871" 863 2.32910675046493 5.25937314180301 3.32583830532626
"872" 864 2.32947242828646 5.26164414307851 3.32672621723477
"873" 865 2.32985331544671 5.26388626579071 3.32761334975154
"874" 866 2.33021832562323 5.26609112252983 3.32849970446044
"875" 867 2.33057086261285 5.26844804187151 3.32938528294048
"876" 868 2.33090599017445 5.27057559680887 3.33027008676552
"877" 869 2.33120684095924 5.27266395617218 3.33115411750441
"878" 870 2.33159028129717 5.27476581087217 3.33203737672127
"879" 871 2.33193814829497 5.27684743074432 3.33291986597486
"880" 872 2.33232591472797 5.27900734668269 3.33380158681934
"881" 873 2.33269534704778 5.28126149502879 3.33468254080391
"882" 874 2.3329982118846 5.28375110565726 3.33556272947267
"883" 875 2.33332054852042 5.28593607691935 3.33644215436508
"884" 876 2.33365033817827 5.28807035347628 3.33732081701552
"885" 877 2.3339752528843 5.29025869665196 3.3381987189538
"886" 878 2.33431465613811 5.29241382690205 3.33907586170479
"887" 879 2.33464830866584 5.29443211302673 3.33995224678855
"888" 880 2.33498875248643 5.29660764038199 3.34082787572037
"889" 881 2.33531081086525 5.29861671838439 3.34170275001086
"890" 882 2.33564029762763 5.30081503040698 3.34257687116581
"891" 883 2.33598473381901 5.30295156106 3.34345024068644
"892" 884 2.33632556327632 5.30513642741798 3.34432286006899
"893" 885 2.33667775669846 5.30723278171782 3.34519473080547
"894" 886 2.33700977899566 5.3093270292546 3.34606585438289
"895" 887 2.33734805332919 5.31143806919341 3.34693623228375
"896" 888 2.3376887802506 5.3135001695879 3.34780586598597
"897" 889 2.33802349249683 5.31555272364197 3.34867475696274
"898" 890 2.33836980085634 5.31758425116987 3.34954290668298
"899" 891 2.33870405610498 5.31975325091308 3.35041031661073
"900" 892 2.3390492209815 5.32184213986048 3.35127698820574
"901" 893 2.33937293994136 5.32399056350886 3.352142922923
"902" 894 2.33970716127347 5.32623596037726 3.35300812221328
"903" 895 2.34002974420855 5.32855809071772 3.35387258752274
"904" 896 2.34034481121086 5.33063508728744 3.35473632029296
"905" 897 2.34067030823312 5.33279763439873 3.3555993219613
"906" 898 2.34102036231092 5.33503401520918 3.35646159396072
"907" 899 2.34137031091104 5.33726751525469 3.35732313771954
"908" 900 2.34170983806122 5.33949460664658 3.35818395466181
"909" 901 2.3420815574483 5.34164724715529 3.35904404620734
"910" 902 2.34240306891885 5.34384621400101 3.35990341377156
"911" 903 2.34277052660028 5.34593246919047 3.36076205876527
"912" 904 2.34311482215994 5.34812687631036 3.36161998259539
"913" 905 2.34348933070187 5.35030249620162 3.36247718666424
"914" 906 2.34384317725401 5.35246288633464 3.36333367237015
"915" 907 2.3441841512204 5.3547114451858 3.36418944110688
"916" 908 2.34450344672151 5.35680663280017 3.3650444942642
"917" 909 2.34483469616017 5.35876756764052 3.36589883322744
"918" 910 2.34517261211381 5.36093278198951 3.36675245937796
"919" 911 2.34552438283713 5.3631249536481 3.36760537409277
"920" 912 2.34584216708793 5.36544920116812 3.3684575787447
"921" 913 2.34620246336589 5.36739748608358 3.36930907470269
"922" 914 2.34653814471646 5.36955829201698 3.37015986333114
"923" 915 2.34687060219405 5.37163385489306 3.37100994599072
"924" 916 2.34718498297769 5.37376715343501 3.37185932403767
"925" 917 2.34754209908321 5.37587633716822 3.37270799882442
"926" 918 2.34787413318019 5.37791185589964 3.37355597169901
"927" 919 2.34819662470382 5.37985933961366 3.37440324400593
"928" 920 2.34851500382482 5.38202397048384 3.37524981708509
"929" 921 2.34884569435878 5.38418272393352 3.3760956922728
"930" 922 2.34918270014709 5.3861833874353 3.37694087090104
"931" 923 2.34949056654205 5.38817575600478 3.37778535429811
"932" 924 2.34982020385725 5.39023596464521 3.37862914378813
"933" 925 2.35014746563873 5.39245567266188 3.37947224069131
"934" 926 2.35049053073018 5.39466300525208 3.38031464632401
"935" 927 2.3507879312693 5.39663748281401 3.38115636199853
"936" 928 2.35110008845521 5.39861060253636 3.38199738902346
"937" 929 2.35144641681722 5.4006327079165 3.3828377287033
"938" 930 2.35179758479583 5.40278566340904 3.38367738233881
"939" 931 2.35214597218516 5.40482693128267 3.38451635122689
"940" 932 2.35249271137668 5.40702285066445 3.38535463666044
"941" 933 2.35283705745488 5.40901222757337 3.38619223992869
"942" 934 2.35317909050127 5.410997564661 3.38702916231705
"943" 935 2.35352970216753 5.41304731289013 3.38786540510717
"944" 936 2.35391581534812 5.41510499158039 3.38870096957679
"945" 937 2.35427647576899 5.41718121481744 3.38953585699983
"946" 938 2.3546070192433 5.41922129022914 3.39037006864675
"947" 939 2.35488758687672 5.42130510346802 3.39120360578412
"948" 940 2.35523859050175 5.42323865844965 3.39203646967468
"949" 941 2.35561078242845 5.42537222791489 3.39286866157763
"950" 942 2.35598402135001 5.4274121474008 3.39370018274835
"951" 943 2.3563269568153 5.42967129851842 3.39453103443864
"952" 944 2.35662487168749 5.43181547683743 3.39536121789666
"953" 945 2.3569296761372 5.43395795407552 3.39619073436678
"954" 946 2.3572159394965 5.43605980838746 3.39701958508988
"955" 947 2.3575080978446 5.43821855783446 3.39784777130315
"956" 948 2.35780329432674 5.44014744672657 3.39867529424028
"957" 949 2.35810208709466 5.44217200941411 3.39950215513122
"958" 950 2.35845581672716 5.44413473386786 3.40032835520233
"959" 951 2.35880852400013 5.44615671291002 3.40115389567673
"960" 952 2.35914912323314 5.44826228047767 3.40197877777351
"961" 953 2.35947294949196 5.45035763557151 3.40280300270873
"962" 954 2.35976593851889 5.45237233243727 3.40362657169438
"963" 955 2.36006097128593 5.45452190360804 3.40444948593954
"964" 956 2.36041659269001 5.45665140133383 3.4052717466493
"965" 957 2.36074748992716 5.45875078574776 3.40609335502565
"966" 958 2.36105666310396 5.4608423011443 3.40691431226679
"967" 959 2.36132024673831 5.4628914477317 3.40773461956776
"968" 960 2.36161908662864 5.4650678762836 3.40855427811996
"969" 961 2.36195495407473 5.46723582745791 3.40937328911145
"970" 962 2.36224915391178 5.46945701256736 3.4101916537268
"971" 963 2.36257113323273 5.47153972248975 3.41100937314734
"972" 964 2.36290213420253 5.47362075677697 3.41182644855098
"973" 965 2.36325422852316 5.47574189696197 3.41264288111203
"974" 966 2.36359496350518 5.47776062310872 3.41345867200189
"975" 967 2.36393191481951 5.47983311761663 3.41427382238811
"976" 968 2.36427668670242 5.48192256411495 3.41508833343519
"977" 969 2.36460406259841 5.48400867339655 3.41590220630444
"978" 970 2.36493277151613 5.48615332716131 3.41671544215348
"979" 971 2.36517813363626 5.48827878790824 3.41752804213707
"980" 972 2.36550034674399 5.49017265778033 3.41834000740632
"981" 973 2.36578095528048 5.4921925120043 3.41915133910935
"982" 974 2.36615654834736 5.49417710447328 3.41996203839078
"983" 975 2.36647937449767 5.49624875105391 3.42077210639225
"984" 976 2.3667741288523 5.49836155445121 3.42158154425191
"985" 977 2.36709677007968 5.50044590830528 3.42239035310493
"986" 978 2.36738206529159 5.50251180786346 3.42319853408315
"987" 979 2.36768832528531 5.50452169391443 3.42400608831514
"988" 980 2.36801445619159 5.5064037840316 3.42481301692655
"989" 981 2.36834130129473 5.50860156222368 3.42561932103959
"990" 982 2.36864405054565 5.51055333688232 3.42642500177345
"991" 983 2.36897473789015 5.51277512106743 3.42723006024426
"992" 984 2.3692901185048 5.51484944125711 3.42803449756473
"993" 985 2.36962027221375 5.51694351776106 3.42883831484471
"994" 986 2.36992124063576 5.5190324133731 3.42964151319089
"995" 987 2.37024084805809 5.52115539705581 3.43044409370683
"996" 988 2.37053969862272 5.52306795020885 3.43124605749306
"997" 989 2.37082165723084 5.52508029972267 3.4320474056469
"998" 990 2.37118198445807 5.52717773373644 3.43284813926277
"999" 991 2.37151778026107 5.52920788952418 3.43364825943205
"1000" 992 2.37179477496865 5.53127806050974 3.43444776724282
"1001" 993 2.37209737524952 5.53336348629496 3.43524666378055
"1002" 994 2.37239699203887 5.53528245739846 3.43604495012728
"1003" 995 2.37272192830612 5.53734284213428 3.43684262736235
"1004" 996 2.37301376415667 5.53935078044271 3.43763969656205
"1005" 997 2.37329274267678 5.54134044076737 3.43843615879946
"1006" 998 2.37359645486797 5.54328791259144 3.43923201514506
"1007" 999 2.37390011448752 5.54523119136046 3.440027266666
"1008" 1000 2.37419617864062 5.54722878250838 3.44082191442685
