"T" "IC_low" "IC_up" "x_ML"
"1" 1.1 0.631275460906764 0.6441776815757 0.636052920252719
"2" 1.2 0.637266710987333 0.656536641165264 0.644436873269097
"3" 1.3 0.64295560942201 0.667997856266483 0.652317720796282
"4" 1.4 0.648372686110426 0.678711103504029 0.659761101682176
"5" 1.5 0.653551139626588 0.688753200291001 0.666820106648839
"6" 1.6 0.658513505707867 0.698242321597811 0.673538340076114
"7" 1.7 0.66327684957114 0.707192133596859 0.679952092638182
"8" 1.8 0.667845974210651 0.715692411339914 0.68609191951812
"9" 1.9 0.672266594696133 0.723798712435195 0.691983810445268
"10" 2 0.676531173413908 0.73156540253085 0.697650072809714
"11" 3 0.712755973300689 0.795397909699614 0.745187030923405
"12" 4 0.741057639751041 0.84409264891161 0.782068722305312
"13" 5 0.764348422401229 0.884313543463932 0.812626683223944
"14" 6 0.784272440798966 0.919501112212891 0.838936881330695
"15" 7 0.801582065111212 0.950949520412965 0.862170258785824
"16" 8 0.816984498634374 0.979668071477924 0.883058212897919
"17" 9 0.830808199923149 1.00618362514248 0.902090952539163
"18" 10 0.843336265536498 1.03092170971619 0.919614506147817
"19" 11 0.854807559212625 1.05453320984801 0.935883040146071
"20" 12 0.865250467456972 1.07689048884048 0.951089227907373
"21" 13 0.875120930150266 1.0984507419792 0.965382920510665
"22" 14 0.884279716142026 1.11910458101189 0.978883168795536
"23" 15 0.89284232925824 1.1387852574054 0.991686264748168
"24" 16 0.900899448430665 1.15802924970966 1.00387129473579
"25" 17 0.908541822716491 1.1765289983308 1.01550408007259
"26" 18 0.915773608577084 1.19433125202683 1.02664003946738
"27" 19 0.922721724772228 1.21186445473954 1.03732631115
"28" 20 0.929237990690138 1.22908119563775 1.04760335459839
"29" 21 0.935469413173333 1.24586694213694 1.05750617883425
"30" 22 0.941383735750696 1.26204181889138 1.06706529779446
"31" 23 0.947050263937766 1.27757413790353 1.0763074829387
"32" 24 0.9525668417421 1.2930821280108 1.08525636298023
"33" 25 0.957871897228513 1.30831911906961 1.09393290680447
"34" 26 0.963001320490713 1.32307864969658 1.10235581604325
"35" 27 0.967968215617871 1.33775468137697 1.11054184699712
"36" 28 0.972750236570224 1.35197482889788 1.11850607674168
"37" 29 0.977286097667275 1.36606239210831 1.12626212472473
"38" 30 0.981701617661213 1.3800777257241 1.13382233856285
"39" 31 0.985906494931195 1.39365222334866 1.14119795081104
"40" 32 0.990120802790875 1.40704223293992 1.14839921202219
"41" 33 0.994255525396363 1.42022416651268 1.15543550430488
"42" 34 0.998163549208203 1.43322697027538 1.16231543873698
"43" 35 1.00195091491003 1.44591497201568 1.16904693933373
"44" 36 1.00570138534061 1.45847977810816 1.17563731575419
"45" 37 1.00930763713881 1.47092628396846 1.18209332652462
"46" 38 1.01282316979427 1.4830765041992 1.18842123423678
"47" 39 1.01623137970814 1.49504732047745 1.1946268539224
"48" 40 1.01962634281547 1.50718716987555 1.20071559559949
"49" 41 1.02293677463179 1.51880940546906 1.20669250181976
"50" 42 1.02605022092194 1.53047043618008 1.21256228091113
"51" 43 1.02919086741084 1.5419146747065 1.21832933649905
"52" 44 1.03226752798205 1.55353266684864 1.22399779379926
"53" 45 1.03528433669426 1.56475045248029 1.22957152310007
"54" 46 1.03815301620902 1.57573086828638 1.23505416078992
"55" 47 1.04103755716886 1.58658445225169 1.2404491282341
"56" 48 1.04388638955144 1.59746915828122 1.2457596487617
"57" 49 1.04669970244678 1.60809875334922 1.25098876298681
"58" 50 1.0495096997997 1.61888720464457 1.25613934265813
"59" 51 1.05216235337652 1.62942251596723 1.26121410320441
"60" 52 1.05483347348647 1.63962820400098 1.26621561512179
"61" 53 1.05733419249624 1.65011636407539 1.27114631432995
"62" 54 1.05989411514812 1.66040384724481 1.27600851160789
"63" 55 1.06237639463605 1.67031523824205 1.28080440120688
"64" 56 1.06477639614711 1.68009627653706 1.28553606872555
"65" 57 1.06708994261187 1.68997996480214 1.29020549832259
"66" 58 1.06941062091117 1.70011319175126 1.29481457933311
"67" 59 1.07178012638374 1.70985126631115 1.29936511234762
"68" 60 1.07400344320453 1.7196157070619 1.30385881480531
"69" 61 1.07622544913008 1.72925439091461 1.30829732614799
"70" 62 1.07843044297188 1.73885805210011 1.31268221257586
"71" 63 1.08056951156398 1.74799145421024 1.3170149714416
"72" 64 1.08268132038638 1.75726034321249 1.32129703531567
"73" 65 1.08475687260062 1.76673204678158 1.32552977575212
"74" 66 1.08682063500313 1.77619645188711 1.32971450678122
"75" 67 1.08883451336764 1.78563275823181 1.33385248815258
"76" 68 1.09087140281129 1.79471183502666 1.33794492834991
"77" 69 1.09284881712652 1.80356261904736 1.34199298739677
"78" 70 1.09484716128443 1.81240911838412 1.34599777947051
"79" 71 1.09679845856958 1.82137701259944 1.34996037533998
"80" 72 1.09872868529545 1.83021389345279 1.3538818046414
"81" 73 1.10064341796742 1.83902787542907 1.35776305800501
"82" 74 1.1024942597107 1.84789763083155 1.36160508904433
"83" 75 1.10430037275841 1.85651723213511 1.36540881621855
"84" 76 1.10613337923669 1.86502906479237 1.36917512457778
"85" 77 1.10789924241809 1.87363249970251 1.37290486739988
"86" 78 1.10963005841968 1.88224344207144 1.37659886772703
"87" 79 1.11130515476572 1.89059145696788 1.38025791980932
"88" 80 1.11295188158016 1.89894940183382 1.38388279046204
"89" 81 1.11468509721251 1.90737468550351 1.38747422034297
"90" 82 1.11638347084157 1.91546027954255 1.39103292515516
"91" 83 1.1180550051899 1.9236718042298 1.39455959678054
"92" 84 1.11970313153315 1.93213036387728 1.39805490434899
"93" 85 1.12129407385365 1.94023944370689 1.40151949524736
"94" 86 1.12292680149496 1.94834349205036 1.40495399607248
"95" 87 1.12445983774229 1.95646728611808 1.40835901353171
"96" 88 1.12601083768275 1.96429517022443 1.41173513529484
"97" 89 1.12752907669039 1.97209220777811 1.41508293080005
"98" 90 1.12908710724679 1.97990940522312 1.41840295201726
"99" 91 1.13060262978432 1.98764370748174 1.42169573417136
"100" 92 1.13206107858049 1.99545673348678 1.42496179642794
"101" 93 1.13349193982085 2.00341873516316 1.42820164254377
"102" 94 1.13499703227138 2.01125431487403 1.43141576148433
"103" 95 1.13638879885815 2.01875886986136 1.43460462801018
"104" 96 1.13783072292188 2.02634189757823 1.43776870323437
"105" 97 1.13921776901546 2.03392385504988 1.44090843515218
"106" 98 1.14063771387994 2.04137194097095 1.4440242591453
"107" 99 1.1420102644463 2.04882168115181 1.44711659846153
"108" 100 1.14336256505326 2.05633297649353 1.45018586467169
"109" 101 1.14472785645777 2.06387218711689 1.45323245810493
"110" 102 1.14611641694815 2.07120354270442 1.45625676826362
"111" 103 1.14752278673046 2.07906015671708 1.45925917421908
"112" 104 1.14884551316261 2.08609672944064 1.46224004498917
"113" 105 1.15019176839272 2.09336350889631 1.46519973989867
"114" 106 1.15155433707117 2.10054614857945 1.46813860892347
"115" 107 1.15285090079642 2.1077924307336 1.47105699301942
"116" 108 1.15407209350264 2.11484622907226 1.47395522443668
"117" 109 1.15539227664308 2.12188274281417 1.47683362702025
"118" 110 1.15668732254263 2.12913880161931 1.47969251649754
"119" 111 1.15791893819946 2.1362216669777 1.48253220075357
"120" 112 1.15918998045339 2.14337000566259 1.48535298009439
"121" 113 1.16036491839062 2.15025490844518 1.48815514749948
"122" 114 1.16158421962694 2.15708575077533 1.49093898886354
"123" 115 1.16281651389781 2.16423258065842 1.49370478322825
"124" 116 1.16399954458875 2.17149201041993 1.49645280300454
"125" 117 1.16517281464752 2.17848661155779 1.49918331418576
"126" 118 1.16633573352022 2.18552167402162 1.50189657655229
"127" 119 1.16750703875196 2.19219908317443 1.50459284386788
"128" 120 1.16870544202368 2.19932679602479 1.50727236406828
"129" 121 1.16986879227458 2.20655690212926 1.5099353794424
"130" 122 1.17094663398755 2.21337899666545 1.51258212680632
"131" 123 1.17208398318245 2.21984443252063 1.51521283767071
"132" 124 1.17322109065856 2.22645248404946 1.51782773840167
"133" 125 1.17432258967259 2.23331913024119 1.52042705037552
"134" 126 1.17541952189654 2.23984394757075 1.52301099012775
"135" 127 1.17652869334487 2.24642483324559 1.52557976949627
"136" 128 1.1776010157218 2.25330931739514 1.52813359575946
"137" 129 1.17864646990614 2.25996856493104 1.53067267176904
"138" 130 1.17974608931489 2.26676890414827 1.53319719607812
"139" 131 1.18082478601302 2.27297891351971 1.53570736306454
"140" 132 1.18187716450168 2.27920126158415 1.53820336304978
"141" 133 1.18294353486769 2.28554677615948 1.54068538241364
"142" 134 1.18401157206163 2.29183915373307 1.54315360370479
"143" 135 1.185047094635 2.29805881407073 1.54560820574751
"144" 136 1.18606177973566 2.30416516089053 1.54804936374453
"145" 137 1.18707040842272 2.31051465915056 1.55047724937647
"146" 138 1.18808618830576 2.3165849981399 1.55289203089775
"147" 139 1.18908853357722 2.32303078666024 1.55529387322923
"148" 140 1.19006799407496 2.3294991914523 1.55768293804768
"149" 141 1.19107077183872 2.33626362168431 1.56005938387231
"150" 142 1.19204059804432 2.34270768315919 1.56242336614827
"151" 143 1.19298631652731 2.34899594998018 1.56477503732748
"152" 144 1.1939617870184 2.35549567294798 1.56711454694672
"153" 145 1.19493728287412 2.361875255375 1.56944204170321
"154" 146 1.19588957761819 2.36826321815913 1.57175766552767
"155" 147 1.19681668564336 2.37452968025527 1.57406155965503
"156" 148 1.19776527099977 2.38081413250374 1.57635386269288
"157" 149 1.19870798890874 2.38690403638245 1.57863471068774
"158" 150 1.19962566400265 2.39284677552208 1.58090423718919
"159" 151 1.20053100275374 2.39895322957488 1.58316257331203
"160" 152 1.20143203961279 2.40498404231718 1.5854098477964
"161" 153 1.2023361481232 2.4109303243663 1.58764618706615
"162" 154 1.20320936866673 2.41685746856706 1.58987171528534
"163" 155 1.20411029808608 2.42275156417102 1.59208655441298
"164" 156 1.2049785079616 2.4287721053712 1.59429082425614
"165" 157 1.20588287423689 2.43491838715561 1.59648464252145
"166" 158 1.20672350113902 2.44059703585328 1.59866812486506
"167" 159 1.20761017271429 2.44656019447043 1.60084138494103
"168" 160 1.20841819586639 2.4523253444135 1.60300453444836
"169" 161 1.20927860841965 2.45812615784443 1.60515768317663
"170" 162 1.21021348866502 2.46404688308637 1.6073009390502
"171" 163 1.21105461449292 2.4698882509231 1.60943440817128
"172" 164 1.21190430642097 2.47575212286328 1.61155819486157
"173" 165 1.21277138265288 2.48166323828402 1.61367240170287
"174" 166 1.2136033672308 2.48771216032752 1.61577712957638
"175" 167 1.21443709250431 2.49346526799335 1.617872477701
"176" 168 1.21529131855403 2.49926347265581 1.61995854367044
"177" 169 1.21609381219384 2.50490187125892 1.62203542348937
"178" 170 1.21687438046758 2.51048121736461 1.6241032116085
"179" 171 1.21774536390077 2.51605623734024 1.62616200095874
"180" 172 1.21851712149564 2.52176004290529 1.62821188298432
"181" 173 1.21935928436127 2.52731696290499 1.63025294767513
"182" 174 1.22018376183952 2.53262203534642 1.63228528359807
"183" 175 1.22099728665297 2.53803183283552 1.63430897792757
"184" 176 1.2217852792532 2.54343124959108 1.63632411647533
"185" 177 1.22256921860763 2.54913021157161 1.63833078371921
"186" 178 1.22337762622949 2.5546553795894 1.64032906283137
"187" 179 1.22416279900603 2.5600797496199 1.64231903570566
"188" 180 1.22496107754933 2.56541352327344 1.64430078298428
"189" 181 1.22574526878661 2.5710805323473 1.64627438408373
"190" 182 1.22650750858985 2.5766703553782 1.64823991722016
"191" 183 1.22729070081628 2.58211512216821 1.65019745943389
"192" 184 1.22804350608595 2.58751367003275 1.65214708661349
"193" 185 1.2287801610222 2.59315084523127 1.65408887351911
"194" 186 1.2295383743353 2.59845974440638 1.65602289380528
"195" 187 1.23029403523974 2.60405444895398 1.65794922004308
"196" 188 1.23102197484657 2.60939098171973 1.6598679237418
"197" 189 1.23174470221597 2.61477686074978 1.66177907536999
"198" 190 1.23247427697743 2.62039870851756 1.66368274437608
"199" 191 1.23317458756021 2.62603781203162 1.6655789992084
"200" 192 1.23389837815534 2.63117354928445 1.6674679073347
"201" 193 1.23458378487727 2.636478895277 1.66934953526128
"202" 194 1.23530693260782 2.64188432622832 1.67122394855156
"203" 195 1.23602079960529 2.64718910619077 1.67309121184423
"204" 196 1.23675668096113 2.65267141627076 1.67495138887098
"205" 197 1.23744839770738 2.65801400812682 1.67680454247375
"206" 198 1.23813120832048 2.66325014929336 1.67865073462161
"207" 199 1.23884144202325 2.66829104883488 1.68049002642725
"208" 200 1.23956526496972 2.67321066551571 1.68232247816299
"209" 201 1.2402612070406 2.67843421107039 1.68414814927656
"210" 202 1.24098710480208 2.6836234934249 1.68596709840632
"211" 203 1.24169637182756 2.68854218913579 1.68777938339629
"212" 204 1.24236428978871 2.69366791614063 1.68958506131077
"213" 205 1.24305072026483 2.69893422874008 1.69138418844857
"214" 206 1.2437145834688 2.70443084657866 1.69317682035698
"215" 207 1.24438015283965 2.70943844499485 1.6949630118454
"216" 208 1.24506476643518 2.71434880077797 1.69674281699864
"217" 209 1.24574325921667 2.71951066621971 1.69851628918993
"218" 210 1.2464069949752 2.724641699318 1.70028348109366
"219" 211 1.24708306954672 2.72980508980146 1.70204444469779
"220" 212 1.24774889787109 2.73495735933893 1.70379923131598
"221" 213 1.24838212509585 2.73987673081161 1.70554789159953
"222" 214 1.24902114069087 2.7449230292341 1.70729047554892
"223" 215 1.24968826911322 2.75023318397992 1.70902703252523
"224" 216 1.25034865454733 2.7553395467869 1.7107576112612
"225" 217 1.25097176514344 2.76042667107355 1.71248225987214
"226" 218 1.25161395454473 2.76553783584753 1.71420102586653
"227" 219 1.25225921799084 2.77045561839417 1.71591395615641
"228" 220 1.25292780075723 2.77551183228846 1.71762109706759
"229" 221 1.25355897657597 2.78065774105785 1.71932249434956
"230" 222 1.25418184043288 2.78541629893266 1.72101819318526
"231" 223 1.25482178784105 2.79023316102825 1.72270823820058
"232" 224 1.25545680078887 2.79497940196676 1.72439267347374
"233" 225 1.25608605253835 2.8001415050181 1.72607154254439
"234" 226 1.25670928755405 2.80514264807918 1.72774488842252
"235" 227 1.25732616399434 2.81004067369388 1.72941275359731
"236" 228 1.25789869286703 2.81523382503709 1.7310751800456
"237" 229 1.25853594572698 2.82009076190585 1.73273220924034
"238" 230 1.25915159982637 2.82518099335173 1.73438388215877
"239" 231 1.25977978667833 2.83022698916528 1.73603023929051
"240" 232 1.26040042467597 2.83536338724627 1.73767132064545
"241" 233 1.26096267758956 2.83991408563299 1.73930716576143
"242" 234 1.26156074877157 2.84480814985142 1.74093781371182
"243" 235 1.26215678881102 2.84967698925094 1.74256330311297
"244" 236 1.26270137419166 2.8545413692099 1.74418367213145
"245" 237 1.26324813573658 2.85904749463534 1.74579895849115
"246" 238 1.26386235450212 2.86381753425277 1.74740919948033
"247" 239 1.26445696613632 2.86885571587284 1.74901443195832
"248" 240 1.26502163909674 2.87362160089529 1.75061469236239
"249" 241 1.26557015639056 2.87867426749857 1.7522100167142
"250" 242 1.26613579102241 2.88348164718444 1.75380044062629
"251" 243 1.26673996050574 2.88823512182249 1.7553859993084
"252" 244 1.2673283241309 2.89278861615024 1.75696672757363
"253" 245 1.2678971984749 2.8975701878691 1.75854265984455
"254" 246 1.26844446630459 2.90222980707817 1.76011383015912
"255" 247 1.26901822085842 2.90656748468728 1.76168027217657
"256" 248 1.26957632290636 2.91158459111052 1.76324201918308
"257" 249 1.27014356459926 2.91604861800868 1.76479910409745
"258" 250 1.27068574407688 2.92059164990542 1.76635155947661
"259" 251 1.27122496627018 2.92543220551686 1.76789941752093
"260" 252 1.27176591456632 2.93019473459512 1.76944271007968
"261" 253 1.2723300358743 2.93493279699476 1.77098146865612
"262" 254 1.27288979572422 2.93943143227677 1.77251572441266
"263" 255 1.27347173425695 2.94425519567551 1.77404550817587
"264" 256 1.27408762392649 2.9488902961654 1.77557085044136
"265" 257 1.27460461098202 2.95369858281522 1.77709178137868
"266" 258 1.27509248155187 2.95829121837984 1.778608330836
"267" 259 1.27564012919804 2.96298335173239 1.78012052834477
"268" 260 1.27615058628528 2.96774905104825 1.78162840312436
"269" 261 1.2767329554128 2.97227495753201 1.78313198408643
"270" 262 1.27727254489215 2.97673527734352 1.78463129983942
"271" 263 1.2777781235532 2.98110352402503 1.78612637869285
"272" 264 1.27826867708671 2.98541052228617 1.78761724866156
"273" 265 1.27881262505919 2.98991849920805 1.78910393746988
"274" 266 1.27929161821107 2.99463547827139 1.79058647255575
"275" 267 1.27982283677965 2.99906328121631 1.79206488107469
"276" 268 1.28035940906673 3.0034383571402 1.79353918990379
"277" 269 1.28088295838327 3.0081472346117 1.79500942564563
"278" 270 1.2813870475577 3.01292950760259 1.796475614632
"279" 271 1.28191601768427 3.01778559892767 1.79793778292774
"280" 272 1.28240869095649 3.02264566526153 1.79939595633432
"281" 273 1.28291532947856 3.02722043167878 1.80085016039357
"282" 274 1.28342284669183 3.03155052342423 1.80230042039116
"283" 275 1.28392144458662 3.03605329821634 1.80374676136011
"284" 276 1.28441760592239 3.04056642174575 1.80518920808421
"285" 277 1.28491382462694 3.04522994834373 1.80662778510145
"286" 278 1.28540812728074 3.04940092990226 1.80806251670723
"287" 279 1.28589984438399 3.05377923578129 1.80949342695776
"288" 280 1.28638225264287 3.05832412142722 1.81092053967313
"289" 281 1.28688547415745 3.06289808967455 1.81234387844054
"290" 282 1.28736666391813 3.06719099108207 1.8137634666174
"291" 283 1.28788146184508 3.07157772246903 1.8151793273343
"292" 284 1.28838486993923 3.07611850393833 1.81659148349809
"293" 285 1.28891519063685 3.08067954971942 1.81799995779479
"294" 286 1.28940592155828 3.08509313798847 1.81940477269246
"295" 287 1.28986030011277 3.08930959501917 1.8208059504441
"296" 288 1.29037203820465 3.09391996445896 1.82220351309042
"297" 289 1.29084425420042 3.09848750530247 1.82359748246256
"298" 290 1.29131151059108 3.1028539826622 1.8249878801849
"299" 291 1.29182626574982 3.10722360223186 1.82637472767758
"300" 292 1.29229763675222 3.11176550301192 1.82775804615927
"301" 293 1.29278361019409 3.11601576455802 1.82913785664967
"302" 294 1.29325177534288 3.1202500804468 1.83051417997201
"303" 295 1.29373109236853 3.12465766996662 1.83188703675567
"304" 296 1.29422871751367 3.12905206138732 1.8332564474385
"305" 297 1.29470025317446 3.13321385570595 1.83462243226933
"306" 298 1.29516914316742 3.13778514758286 1.83598501131031
"307" 299 1.29565169474631 3.14195829207561 1.83734420443924
"308" 300 1.2961279208217 3.14638927796557 1.83870003135194
"309" 301 1.29658507896295 3.15038957215004 1.84005251156442
"310" 302 1.29705827448229 3.15483194139385 1.84140166441519
"311" 303 1.29752970000459 3.15933404772762 1.84274750906741
"312" 304 1.29802002518338 3.16384779446737 1.84409006451107
"313" 305 1.29846715798959 3.1682045357315 1.84542934956514
"314" 306 1.29891853947295 3.17245433112505 1.84676538287963
"315" 307 1.29937924705646 3.17683594973111 1.84809818293767
"316" 308 1.29986703698265 3.1807294791084 1.84942776805753
"317" 309 1.30031829045186 3.1849701963098 1.85075415639465
"318" 310 1.30075387227627 3.18882231938597 1.85207736594355
"319" 311 1.30119129133291 3.19273468907244 1.85339741453986
"320" 312 1.30164574337474 3.19704350180917 1.85471431986214
"321" 313 1.30208155839716 3.20102970834228 1.85602809943381
"322" 314 1.30253888993125 3.20505505969547 1.85733877062499
"323" 315 1.30296869510515 3.20889150917802 1.85864635065432
"324" 316 1.30342282978174 3.21308955414972 1.85995085659078
"325" 317 1.30387941481094 3.21723424970106 1.86125230535543
"326" 318 1.30429713049965 3.22119346159149 1.86255071372318
"327" 319 1.30471265007326 3.2253355783097 1.86384609832443
"328" 320 1.30514561192243 3.22953145111048 1.86513847564695
"329" 321 1.30560319042012 3.23347056920586 1.8664278620373
"330" 322 1.30602390398372 3.23746448257321 1.86771427370266
"331" 323 1.30642901017677 3.24151153876355 1.8689977267124
"332" 324 1.30687167675793 3.24521005608533 1.87027823699959
"333" 325 1.30733265649656 3.2490013927299 1.8715558203627
"334" 326 1.30778038186106 3.25298423151875 1.87283049246705
"335" 327 1.30820418536256 3.2568853651499 1.87410226884645
"336" 328 1.30864806384416 3.26116603400822 1.8753711649045
"337" 329 1.30908956421569 3.26525705676524 1.87663719591633
"338" 330 1.30953194183092 3.26926515002137 1.87790037702985
"339" 331 1.30995612028013 3.2731909701519 1.87916072326732
"340" 332 1.31037571953138 3.27745983045007 1.88041824952666
"341" 333 1.31082269702009 3.28159045821087 1.88167297058298
"342" 334 1.31127543325596 3.28565126826607 1.88292490108983
"343" 335 1.31168557513172 3.28957518057892 1.88417405558068
"344" 336 1.31211159666224 3.29353345031285 1.88542044847012
"345" 337 1.31253617262839 3.29778170715465 1.88666409405535
"346" 338 1.31293806023131 3.30182041287483 1.8879050065173
"347" 339 1.31335454937602 3.30581183868294 1.88914319992208
"348" 340 1.3137571015656 3.30970751017126 1.89037868822215
"349" 341 1.31416471849975 3.31372177982262 1.89161148525758
"350" 342 1.31459587583536 3.31785188986083 1.89284160475729
"351" 343 1.31500032153366 3.32183281265039 1.89406906034031
"352" 344 1.31540556551733 3.32576174773872 1.89529386551691
"353" 345 1.31580074176899 3.32978309171433 1.89651603368981
"354" 346 1.31615960878258 3.33376248546966 1.89773557815534
"355" 347 1.31655391034282 3.33779497229948 1.89895251210458
"356" 348 1.31693051308377 3.34172964275325 1.90016684862456
"357" 349 1.31734570489199 3.34534589418413 1.90137860069926
"358" 350 1.31776583101664 3.34948759865402 1.90258778121081
"359" 351 1.31817843792922 3.35342442918843 1.90379440294056
"360" 352 1.31855701212813 3.35761062556952 1.90499847857009
"361" 353 1.31899102412559 3.36159833849719 1.90620002068235
"362" 354 1.31937710638223 3.36562681672971 1.90739904176269
"363" 355 1.31977827338389 3.36948887616193 1.90859555419983
"364" 356 1.3201432803427 3.37338565003183 1.90978957028695
"365" 357 1.3205306499236 3.3773658168401 1.91098110222265
"366" 358 1.32093589891634 3.38139858207476 1.91217016211195
"367" 359 1.32131463434228 3.38537135184609 1.91335676196729
"368" 360 1.3217292410424 3.38913566937201 1.91454091370946
"369" 361 1.3221369899366 3.39316928995527 1.91572262916854
"370" 362 1.32250540969203 3.39737127327014 1.91690192008492
"371" 363 1.32289837670185 3.40113823886015 1.91807879811014
"372" 364 1.32329793869356 3.40475353225395 1.91925327480781
"373" 365 1.32367845299512 3.40864012447801 1.92042536165458
"374" 366 1.3240675159542 3.41256119124731 1.92159507004096
"375" 367 1.32446605335383 3.41656513901487 1.92276241127226
"376" 368 1.32483350578044 3.42026762653377 1.9239273965694
"377" 369 1.32519726568086 3.42400845533228 1.92509003706979
"378" 370 1.32557140718177 3.42756677514898 1.9262503438282
"379" 371 1.32597743380124 3.43151298916162 1.92740832781758
"380" 372 1.3263575985602 3.43564711922747 1.92856399992982
"381" 373 1.32676207216802 3.43897123863184 1.92971737097671
"382" 374 1.32714150219442 3.4432624832125 1.93086845169057
"383" 375 1.32749718804998 3.4472368490651 1.93201725272521
"384" 376 1.32789259257273 3.45097045807932 1.93316378465656
"385" 377 1.32824839118023 3.45458053907583 1.93430805798356
"386" 378 1.32861448189863 3.45832394777997 1.93545008312887
"387" 379 1.32898931377215 3.46211457601486 1.93658987043964
"388" 380 1.32933418615495 3.46556286482882 1.93772743018822
"389" 381 1.32970675280986 3.46922612813989 1.93886277257294
"390" 382 1.33005664810704 3.47283570801266 1.93999590771886
"391" 383 1.33041003388638 3.47634492795245 1.9411268456784
"392" 384 1.33078935741663 3.48021272005682 1.9422555964321
"393" 385 1.33118740803915 3.4839907320919 1.94338216988933
"394" 386 1.33155965110234 3.48762291743067 1.94450657588896
"395" 387 1.33194147022376 3.49148343478855 1.94562882420006
"396" 388 1.33229736119082 3.49514893471701 1.94674892452255
"397" 389 1.33267589085152 3.49901451759967 1.94786688648787
"398" 390 1.33303910464832 3.50300654124811 1.9489827196597
"399" 391 1.33341573408827 3.50676411851865 1.95009643353451
"400" 392 1.33378607267264 3.51063393073482 1.95120803754226
"401" 393 1.33414408231653 3.51424337414545 1.95231754104702
"402" 394 1.33449980484675 3.5180099736476 1.9534249533476
"403" 395 1.334862302576 3.5217618851565 1.95453028367822
"404" 396 1.33522436565619 3.52552010924705 1.95563354120897
"405" 397 1.33558262880776 3.52939549608382 1.95673473504663
"406" 398 1.33594991064613 3.53305866656799 1.95783387423506
"407" 399 1.33631164761987 3.53696552936054 1.95893096775592
"408" 400 1.33666290633411 3.54074312049247 1.96002602452928
"409" 401 1.33703780485685 3.54482787300232 1.96111905341398
"410" 402 1.33736631054088 3.54837072104012 1.96221006320851
"411" 403 1.33774803969277 3.55204037972346 1.96329906265134
"412" 404 1.33807689764751 3.55579916961698 1.96438606042152
"413" 405 1.33840864102004 3.5595653151471 1.96547106513934
"414" 406 1.33876270514919 3.56306392522662 1.96655408536673
"415" 407 1.33911630627109 3.5667192094644 1.96763512960787
"416" 408 1.33948401207637 3.57044437229833 1.96871420630975
"417" 409 1.33982389141515 3.57429574353857 1.96979132386261
"418" 410 1.34015043792681 3.5779970002618 1.97086649060053
"419" 411 1.34054600656465 3.5814625144764 1.97193971480188
"420" 412 1.34091516847135 3.58492291476291 1.97301100468992
"421" 413 1.34126673703757 3.58848978699457 1.97408036843317
"422" 414 1.34159530530505 3.59217471708351 1.97514781414605
"423" 415 1.34190574229711 3.59591746800172 1.97621334988924
"424" 416 1.34225422383258 3.59975154924374 1.97727698367023
"425" 417 1.34256761293969 3.60333448904785 1.97833872344383
"426" 418 1.34291546306441 3.60698033981626 1.97939857711256
"427" 419 1.34326557858751 3.61066558258003 1.98045655252713
"428" 420 1.34360569365285 3.61434600667349 1.98151265748701
"429" 421 1.34397208127644 3.6178003300762 1.98256689974075
"430" 422 1.3442727368687 3.62134476377239 1.98361928698648
"431" 423 1.3446080662217 3.62509012414493 1.98466982687241
"432" 424 1.34492670718567 3.62866361263234 1.9857185269972
"433" 425 1.34527106880102 3.63222895007174 1.98676539491038
"434" 426 1.34561980960545 3.6357928506125 1.98781043811292
"435" 427 1.34594091229269 3.63921244295006 1.98885366405747
"436" 428 1.34628176801678 3.64275086888179 1.98989508014895
"437" 429 1.34664333506536 3.64636179908252 1.99093469374484
"438" 430 1.34695938634928 3.64995169390001 1.99197251215563
"439" 431 1.34727730661403 3.65354736055284 1.9930085426453
"440" 432 1.34758080315078 3.65712190481253 1.99404279243161
"441" 433 1.34792750954488 3.6605845962468 1.9950752686866
"442" 434 1.34824329041086 3.66408515683469 1.99610597853693
"443" 435 1.34859873654903 3.66767164781806 1.99713492906428
"444" 436 1.34892478703062 3.6711826960145 1.99816212730571
"445" 437 1.34927388947768 3.67461483460119 1.9991875802541
"446" 438 1.34962740855702 3.67802256806772 2.00021129485848
"447" 439 1.34996270432688 3.68147130581158 2.00123327802446
"448" 440 1.35026411631872 3.68489949513087 2.00225353661456
"449" 441 1.35057853394781 3.68857127858593 2.00327207744848
"450" 442 1.35090442955318 3.69221862675235 2.00428890730372
"451" 443 1.35122119591794 3.6957101913871 2.00530403291562
"452" 444 1.35156165194206 3.69911506893374 2.00631746097802
"453" 445 1.35188445737842 3.70241884529049 2.00732919814337
"454" 446 1.35218046540844 3.70612248505271 2.00833925102318
"455" 447 1.35247568399422 3.7096359667019 2.0093476261884
"456" 448 1.35277898061092 3.71310219646907 2.01035433016966
"457" 449 1.35308558592061 3.71640976710649 2.01135936945771
"458" 450 1.35339710944456 3.71977596298778 2.01236275050366
"459" 451 1.35370469282742 3.72314365597981 2.01336447971938
"460" 452 1.35403406383098 3.72648990045961 2.01436456347779
"461" 453 1.35432979455722 3.73005023175087 2.01536300811318
"462" 454 1.3546596622278 3.73313860234409 2.01635981992156
"463" 455 1.35495326180819 3.73656971060376 2.0173550051609
"464" 456 1.35528238576488 3.73993976443978 2.01834857005157
"465" 457 1.35558199585989 3.74312335815827 2.01934052077652
"466" 458 1.35589451575662 3.74663895988317 2.02033086348167
"467" 459 1.35621428300932 3.75008009604413 2.02131960427616
"468" 460 1.35652575665046 3.75367454112172 2.02230674923268
"469" 461 1.35685211889055 3.75711576476651 2.02329230438776
"470" 462 1.35715890162674 3.76043094221393 2.02427627574208
"471" 463 1.3574547909187 3.76390206871561 2.02525866926069
"472" 464 1.35778213361641 3.76734255361378 2.0262394908734
"473" 465 1.35809798218247 3.77055485719769 2.02721874647501
"474" 466 1.35841141516475 3.77383333444194 2.02819644192553
"475" 467 1.35871243460155 3.77708749570718 2.02917258305062
"476" 468 1.35903670189199 3.78038408861355 2.03014717564173
"477" 469 1.35931174068738 3.78371059655903 2.03112022545636
"478" 470 1.35961424080403 3.78716646316512 2.03209173821845
"479" 471 1.35990936741051 3.79067483174199 2.03306171961853
"480" 472 1.36018103106012 3.79403711802013 2.0340301753141
"481" 473 1.36047180542827 3.79711517629658 2.03499711092976
"482" 474 1.36075026934845 3.80038908094315 2.0359625320576
"483" 475 1.3610453223943 3.80377881215359 2.03692644425727
"484" 476 1.36131324845259 3.80710908529491 2.03788885305654
"485" 477 1.36160459188695 3.81049756813757 2.03884976395123
"486" 478 1.36192390454419 3.81375342013653 2.03980918240562
"487" 479 1.36221002764974 3.81703547219378 2.04076711385272
"488" 480 1.36250910712204 3.8203781312914 2.04172356369445
"489" 481 1.36282403084718 3.82361395361764 2.04267853730189
"490" 482 1.36313934985481 3.82697896866035 2.04363204001551
"491" 483 1.36344409838609 3.83047138187588 2.04458407714552
"492" 484 1.36373623699501 3.833772519592 2.0455346539719
"493" 485 1.36403994277277 3.83713308995925 2.0464837757448
"494" 486 1.36432941836665 3.84060241074116 2.04743144768475
"495" 487 1.36460103464935 3.84384965522441 2.04837767498279
"496" 488 1.36487944410631 3.84700276058105 2.04932246280077
"497" 489 1.36516942411166 3.8503776979424 2.05026581627162
"498" 490 1.36543970083686 3.85367848500787 2.05120774049946
"499" 491 1.36571313072289 3.85680977615059 2.05214824055991
"500" 492 1.36601020687295 3.86015917584525 2.05308732150025
"501" 493 1.36627838718612 3.86360005634274 2.05402498833964
"502" 494 1.36659015683795 3.86682382272662 2.05496124606939
"503" 495 1.36685388668675 3.87017900293199 2.05589609965314
"504" 496 1.36711614314315 3.8735088864644 2.056829554027
"505" 497 1.3673703070655 3.87675559080886 2.05776161409987
"506" 498 1.36769382755319 3.8800135038808 2.0586922847536
"507" 499 1.3679973893412 3.88319058016963 2.05962157084313
"508" 500 1.36828316496001 3.88624398091956 2.06054947719677
"509" 501 1.36858350387726 3.88941800604548 2.06147600861644
"510" 502 1.36885815348638 3.89262482690189 2.06240116987773
"511" 503 1.36912454923188 3.89591444248685 2.06332496573018
"512" 504 1.36939273018442 3.89904479252819 2.06424740089747
"513" 505 1.36965679464715 3.90248860120161 2.06516848007762
"514" 506 1.36991208888526 3.90560800732282 2.06608820794317
"515" 507 1.37017444588879 3.90905015999285 2.06700658914134
"516" 508 1.37044512462437 3.91236477180957 2.06792362829423
"517" 509 1.37067238187592 3.91556314305693 2.06883932999905
"518" 510 1.37098417672278 3.91888496229017 2.06975369882823
"519" 511 1.37125444342371 3.9221919732109 2.07066673932967
"520" 512 1.37153526937713 3.92536579959931 2.07157845602693
"521" 513 1.3717983688889 3.92859287977311 2.07248885341924
"522" 514 1.37207346412511 3.93171937022153 2.07339793598195
"523" 515 1.37235357851028 3.93477564277689 2.0743057081664
"524" 516 1.37259534516029 3.93793505986088 2.07521217440044
"525" 517 1.37283595832653 3.94101045675139 2.07611733908824
"526" 518 1.37309169740329 3.94428420880328 2.07702120661074
"527" 519 1.37336053378624 3.94740799334698 2.07792378132564
"528" 520 1.37362698831294 3.95052924003042 2.07882506756774
"529" 521 1.37389142199959 3.95366562481442 2.07972506964887
"530" 522 1.37414982602684 3.95680384316954 2.08062379185829
"531" 523 1.37441414520958 3.96000137499698 2.08152123846271
"532" 524 1.37467744541533 3.96324236233081 2.08241741370651
"533" 525 1.37493091995294 3.96643174359099 2.08331232181186
"534" 526 1.37517129457862 3.96951909486442 2.08420596697886
"535" 527 1.37546326281902 3.97301618369038 2.08509835338585
"536" 528 1.37572859603383 3.97618183088769 2.08598948518935
"537" 529 1.37598274929848 3.97897433167595 2.08687936652434
"538" 530 1.37626480182259 3.98231050545937 2.0877680015044
"539" 531 1.37652762448313 3.98572017146327 2.08865539422182
"540" 532 1.37678732844351 3.98872306215978 2.08954154874783
"541" 533 1.37707057921965 3.99172916655679 2.09042646913262
"542" 534 1.37733733908186 3.99494546278308 2.09131015940562
"543" 535 1.37761126078139 3.99820199050847 2.09219262357559
"544" 536 1.37785130289878 4.00128132697612 2.0930738656307
"545" 537 1.37810491653494 4.00458303465222 2.09395388953883
"546" 538 1.37838194244782 4.00776970216324 2.09483269924752
"547" 539 1.37864746987936 4.01073631169929 2.0957102986843
"548" 540 1.37888079596418 4.01368422175456 2.09658669175667
"549" 541 1.37914508712387 4.01684009291485 2.09746188235232
"550" 542 1.37939823123373 4.01993510577681 2.09833587433929
"551" 543 1.37964803275813 4.02313365153846 2.099208671566
"552" 544 1.3798984509595 4.02645894448402 2.10008027786158
"553" 545 1.38016301744138 4.02966627427882 2.10095069703569
"554" 546 1.38043464413221 4.03306368671331 2.10181993287902
"555" 547 1.38068935502129 4.0362900159217 2.10268798916312
"556" 548 1.38094936594724 4.03940863199627 2.10355486964072
"557" 549 1.38120929048903 4.04255915903576 2.10442057804575
"558" 550 1.38144938478275 4.04565228567497 2.10528511809351
"559" 551 1.38171278914332 4.04875326829115 2.10614849348085
"560" 552 1.38198334306383 4.05204661432244 2.10701070788611
"561" 553 1.38224446286011 4.05519247842186 2.10787176496954
"562" 554 1.38250549580348 4.05838761851945 2.10873166837311
"563" 555 1.38277755173035 4.06129507097944 2.10959042172091
"564" 556 1.38300394939708 4.06436363624717 2.110448028619
"565" 557 1.38325937746158 4.06763018639231 2.11130449265582
"566" 558 1.38351360447563 4.07064149569102 2.11215981740202
"567" 559 1.38378051502081 4.07376777235834 2.11301400641084
"568" 560 1.38400957750982 4.07667884504925 2.11386706321802
"569" 561 1.38425406369598 4.07968116015988 2.11471899134206
"570" 562 1.38450459659994 4.08305158544116 2.11556979428424
"571" 563 1.38473435587308 4.08632973884023 2.11641947552876
"572" 564 1.38494716149891 4.08949317175744 2.11726803854291
"573" 565 1.38522279991456 4.09272070254248 2.11811548677712
"574" 566 1.38546060159735 4.0955791579534 2.11896182366507
"575" 567 1.38568947230004 4.09868600036983 2.11980705262388
"576" 568 1.38593569000913 4.10150749196807 2.12065117705407
"577" 569 1.38618005222815 4.1044538649756 2.12149420033981
"578" 570 1.38643623555704 4.10736730560057 2.12233612584899
"579" 571 1.3866804043198 4.11014038135394 2.12317695693327
"580" 572 1.38691573971027 4.11300063675263 2.12401669692826
"581" 573 1.38718796675785 4.11621100789719 2.12485534915356
"582" 574 1.38739506152206 4.11931870302333 2.12569291691297
"583" 575 1.38761157579045 4.12245085756822 2.12652940349445
"584" 576 1.38789959319965 4.12541029337835 2.12736481217031
"585" 577 1.38817251537714 4.12826822745425 2.12819914619732
"586" 578 1.38842243563307 4.13147257156787 2.12903240881675
"587" 579 1.38863749973966 4.13483805270426 2.12986460325452
"588" 580 1.38887476118002 4.13786537795307 2.13069573272133
"589" 581 1.38912769889542 4.14072026183515 2.13152580041265
"590" 582 1.38936066304733 4.14368386941639 2.13235480950888
"591" 583 1.38961197285872 4.14659693547266 2.13318276317555
"592" 584 1.3898345774979 4.14984864551287 2.13400966456317
"593" 585 1.39008093155044 4.15261364769055 2.13483551680758
"594" 586 1.39031768544465 4.15556549961829 2.1356603230299
"595" 587 1.39058105028306 4.15859563274051 2.13648408633663
"596" 588 1.3908305835452 4.16166969781664 2.1373068098198
"597" 589 1.39109665566709 4.16472357330054 2.138128496557
"598" 590 1.39132787636344 4.16779297725169 2.1389491496116
"599" 591 1.39157540162284 4.17068361760409 2.13976877203264
"600" 592 1.3918159427916 4.17376225691651 2.14058736685504
"601" 593 1.39204293613193 4.17697798003614 2.14140493709971
"602" 594 1.39228623973693 4.1802535828804 2.14222148577362
"603" 595 1.39256942842273 4.18339488599311 2.14303701586983
"604" 596 1.39281887551402 4.1863295876885 2.1438515303676
"605" 597 1.39302264799329 4.18917073361583 2.14466503223253
"606" 598 1.39327685301018 4.19210431666566 2.14547752441664
"607" 599 1.39346587108605 4.19527909183573 2.14628900985837
"608" 600 1.39371563948931 4.19844657497099 2.14709949148272
"609" 601 1.39396402869703 4.20132282156468 2.14790897220139
"610" 602 1.39421274302492 4.20435102486705 2.14871745491276
"611" 603 1.39444021430569 4.20738347983829 2.14952494250198
"612" 604 1.39467894977341 4.2104043807129 2.15033143784121
"613" 605 1.39494300162034 4.2134327856517 2.15113694378948
"614" 606 1.39517749712688 4.21635026759796 2.1519414631929
"615" 607 1.39539504143809 4.21935845297108 2.15274499888476
"616" 608 1.39560929528602 4.22216094755338 2.15354755368544
"617" 609 1.39585714663963 4.22487224592567 2.15434913040276
"618" 610 1.39611563933076 4.22757106441766 2.15514973183183
"619" 611 1.39634318427862 4.23038461734792 2.15594936075519
"620" 612 1.39658093833129 4.23316939424303 2.15674801994295
"621" 613 1.39681704322892 4.2361290348261 2.15754571215278
"622" 614 1.39702990222823 4.23897608211881 2.15834244013006
"623" 615 1.39725379148763 4.24192296374789 2.15913820660786
"624" 616 1.3975034741334 4.24486490464218 2.15993301430717
"625" 617 1.39769881057476 4.24789630304854 2.16072686593677
"626" 618 1.39796041214598 4.25090317811344 2.16151976419349
"627" 619 1.39817974346152 4.25392743455541 2.16231171176222
"628" 620 1.398442890748 4.25691409341994 2.16310271131587
"629" 621 1.39866227744693 4.25993501759723 2.16389276551559
"630" 622 1.39891874332069 4.26291667183323 2.16468187701081
"631" 623 1.39914728206768 4.26569765844948 2.1654700484393
"632" 624 1.39937142458904 4.268385449447 2.16625728242715
"633" 625 1.39959749247188 4.27131070263987 2.16704358158901
"634" 626 1.39981259685208 4.2743703042203 2.16782894852802
"635" 627 1.40002850175791 4.27745019246777 2.16861338583595
"636" 628 1.40027691055087 4.28008717900758 2.1693968960932
"637" 629 1.40050403582348 4.28285483044739 2.17017948186898
"638" 630 1.40074893189785 4.28591322807644 2.17096114572124
"639" 631 1.40096379441927 4.28882976510756 2.17174189019684
"640" 632 1.40118837546379 4.29142151670558 2.1725217178316
"641" 633 1.40141652251753 4.29433805566171 2.17330063115033
"642" 634 1.4016309419997 4.2970191002942 2.17407863266688
"643" 635 1.40184444176343 4.29985677922318 2.17485572488431
"644" 636 1.40207510519784 4.30295982778385 2.17563191029479
"645" 637 1.40227945048973 4.30574828955878 2.17640719137981
"646" 638 1.40248721092613 4.30883231117742 2.1771815706102
"647" 639 1.40270876005267 4.31168009423748 2.1779550504461
"648" 640 1.40294215816568 4.31450814346216 2.17872763333723
"649" 641 1.40317240980538 4.31733934250019 2.17949932172273
"650" 642 1.40338419005629 4.3201747210013 2.18027011803129
"651" 643 1.4036196501711 4.32300775476444 2.1810400246813
"652" 644 1.40380883459789 4.32595103690628 2.18180904408085
"653" 645 1.40402682270985 4.32864844401817 2.18257717862775
"654" 646 1.40425794826075 4.33125825604339 2.1833444307096
"655" 647 1.40449889161636 4.33438869388181 2.18411080270393
"656" 648 1.40472106869677 4.33694874268074 2.18487629697819
"657" 649 1.40495013185257 4.33974543902536 2.18564091588978
"658" 650 1.40518398609033 4.34274624174094 2.18640466178619
"659" 651 1.4054091528858 4.34551638681797 2.18716753700504
"660" 652 1.4056486860263 4.34819257703699 2.187929543874
"661" 653 1.40588159345274 4.35118298144043 2.18869068471109
"662" 654 1.40610277223294 4.35422551790255 2.18945096182454
"663" 655 1.40632152750425 4.35688540073615 2.19021037751289
"664" 656 1.40655285528517 4.35955953963726 2.19096893406507
"665" 657 1.40676453844014 4.36228475796463 2.19172663376055
"666" 658 1.40699500690163 4.36487332149279 2.19248347886913
"667" 659 1.40721754807782 4.36757583178473 2.19323947165128
"668" 660 1.40740433826745 4.3705857655394 2.19399461435808
"669" 661 1.40762676345124 4.37352168993063 2.19474890923114
"670" 662 1.40782260857185 4.37609258854827 2.19550235850288
"671" 663 1.40804362230002 4.37890365970982 2.19625496439649
"672" 664 1.40828020694973 4.38170073490811 2.19700672912592
"673" 665 1.40849038098979 4.38440178177967 2.19775765489605
"674" 666 1.4087016845295 4.38713627229661 2.19850774390256
"675" 667 1.40890364651507 4.39004815784828 2.19925699833218
"676" 668 1.40912607381507 4.39259935705869 2.20000542036266
"677" 669 1.40936145525824 4.3954157647731 2.20075301216281
"678" 670 1.40957963733502 4.39798673819446 2.20149977589256
"679" 671 1.40978517459863 4.40058215446715 2.20224571370299
"680" 672 1.41000171594154 4.40326889304796 2.20299082773641
"681" 673 1.41021442159714 4.40595127046157 2.20373512012637
"682" 674 1.41041000359179 4.4084733369021 2.20447859299775
"683" 675 1.41061620131754 4.4112311617507 2.20522124846682
"684" 676 1.4108468040809 4.41392047811905 2.2059630886412
"685" 677 1.41105575489659 4.41663709331005 2.20670411562005
"686" 678 1.4112608509659 4.41941836172009 2.20744433149393
"687" 679 1.41145823044626 4.42226272051094 2.2081837383451
"688" 680 1.41165901796198 4.42484359183446 2.20892233824721
"689" 681 1.41185495739771 4.42772732482901 2.20966013326577
"690" 682 1.41204833319841 4.43045185715004 2.21039712545782
"691" 683 1.41226307147966 4.43323215009578 2.2111333168722
"692" 684 1.41247040012197 4.43590826569612 2.21186870954954
"693" 685 1.41268838567231 4.4387387692939 2.21260330552232
"694" 686 1.41289178064532 4.44132102895248 2.2133371068148
"695" 687 1.41310081290417 4.44394122503305 2.21407011544323
"696" 688 1.41328638611936 4.4469597494752 2.21480233341581
"697" 689 1.41348602225812 4.44977993285505 2.21553376273267
"698" 690 1.41369946318068 4.45255772613396 2.2162644053861
"699" 691 1.41389350764104 4.45552754795491 2.21699426336042
"700" 692 1.41409848286708 4.45820053007396 2.21772333863205
"701" 693 1.41430256374788 4.46105017574214 2.21845163316969
"702" 694 1.41450065100052 4.463956167103 2.21917914893412
"703" 695 1.41470458323517 4.46672604776158 2.21990588787843
"704" 696 1.4149146550673 4.46957878724126 2.2206318519481
"705" 697 1.41511553146213 4.4724215215531 2.22135704308084
"706" 698 1.41532959154529 4.47513801147153 2.22208146320675
"707" 699 1.4155338837063 4.47783482679735 2.22280511424843
"708" 700 1.41573883284773 4.48054146468282 2.22352799812086
"709" 701 1.41593243429238 4.4831883791782 2.22425011673157
"710" 702 1.41614583799574 4.48587506710599 2.22497147198062
"711" 703 1.4163859432455 4.48848659604922 2.22569206576066
"712" 704 1.41658201947049 4.49133116234296 2.22641189995698
"713" 705 1.41680185341307 4.49385000228993 2.2271309764475
"714" 706 1.41698321219484 4.4964537532111 2.22784929710285
"715" 707 1.41718804640508 4.49891020241396 2.22856686378642
"716" 708 1.41741919221972 4.50172894857969 2.22928367835435
"717" 709 1.41760496344419 4.50426143027008 2.22999974265562
"718" 710 1.41780998327531 4.50685579521798 2.23071505853206
"719" 711 1.4180176782143 4.50970922138623 2.23142962781835
"720" 712 1.41823766029259 4.51230190803246 2.23214345234213
"721" 713 1.41843204105974 4.51520079543037 2.23285653392409
"722" 714 1.41864834998131 4.51804454310593 2.23356887437783
"723" 715 1.41885007956159 4.52068655960923 2.23428047550993
"724" 716 1.41904876219143 4.52347559622109 2.23499133912017
"725" 717 1.41923472443591 4.52619161472393 2.23570146700139
"726" 718 1.41942789322285 4.5288267673635 2.23641086093963
"727" 719 1.41964703447303 4.53150390244091 2.23711952271401
"728" 720 1.41982958604127 4.53430453034999 2.23782745409695
"729" 721 1.41999320745838 4.53685660382433 2.23853465685407
"730" 722 1.42018207803015 4.53950993304725 2.23924113274439
"731" 723 1.42038529659069 4.54234932306173 2.23994688352013
"732" 724 1.42057572843894 4.54492650371789 2.24065191092693
"733" 725 1.42078900388172 4.54769588512199 2.24135621670375
"734" 726 1.42097647306244 4.55028501394528 2.24205980258313
"735" 727 1.42115283389656 4.55314248043166 2.24276267029095
"736" 728 1.4213381983214 4.55599859187033 2.24346482154658
"737" 729 1.42152383796559 4.55879192965671 2.24416625806301
"738" 730 1.42170312389443 4.56158789344212 2.24486698154671
"739" 731 1.42187954984231 4.56435644881032 2.24556699369774
"740" 732 1.4220651854903 4.5669257865476 2.24626629620986
"741" 733 1.42229034441795 4.56941257437938 2.24696489077042
"742" 734 1.42246703045672 4.57220085249116 2.2476627790605
"743" 735 1.42264239278438 4.57498722874246 2.24835996275494
"744" 736 1.42282586358986 4.57775574245467 2.24905644352221
"745" 737 1.42303337537879 4.57999848226723 2.24975222302469
"746" 738 1.42324515975688 4.5824337711297 2.25044730291853
"747" 739 1.42345188001504 4.58515683774281 2.2511416848538
"748" 740 1.42361483243872 4.58798410237338 2.25183537047428
"749" 741 1.42381798856797 4.59088384037363 2.25252836141786
"750" 742 1.42402139771921 4.59339906536028 2.25322065931623
"751" 743 1.42420298261981 4.59612994468924 2.25391226579521
"752" 744 1.42439326130306 4.59871812131578 2.25460318247441
"753" 745 1.42455002316856 4.60114809482781 2.25529341096768
"754" 746 1.42474384869433 4.60384446590754 2.25598295288279
"755" 747 1.42493621244903 4.6066059919795 2.2566718098217
"756" 748 1.4251480599729 4.6091581951765 2.25735998338042
"757" 749 1.42534451025511 4.61170854248293 2.25804747514919
"758" 750 1.42554787271777 4.61443241646029 2.25873428671237
"759" 751 1.42573990440975 4.61705418960134 2.25942041964855
"760" 752 1.42593008072121 4.61983800340373 2.26010587553056
"761" 753 1.42610536464688 4.62261367804239 2.26079065592553
"762" 754 1.42629128802019 4.62538473746285 2.26147476239481
"763" 755 1.42647697651696 4.62815397330249 2.2621581964942
"764" 756 1.42666243074443 4.63090817178458 2.26284095977371
"765" 757 1.42682578434052 4.63333400465982 2.26352305377782
"766" 758 1.42703727287523 4.63602164412653 2.2642044800454
"767" 759 1.42722497215893 4.63870996916472 2.26488524010979
"768" 760 1.42741595203986 4.64145402998419 2.2655653354987
"769" 761 1.42760889045784 4.64399964678057 2.26624476773449
"770" 762 1.42778070964695 4.64653484837506 2.26692353833386
"771" 763 1.42793809110195 4.64937339792158 2.26760164880815
"772" 764 1.42811717637942 4.65210777479961 2.26827910066331
"773" 765 1.42830088281928 4.65468339636972 2.26895589539975
"774" 766 1.42852031901506 4.65734856713908 2.26963203451273
"775" 767 1.42870407336478 4.65982920942201 2.27030751949188
"776" 768 1.42887554866482 4.66304874727018 2.2709823518218
"777" 769 1.42906314211769 4.66586427060175 2.2716565329815
"778" 770 1.42925552324952 4.6682140910813 2.272330064445
"779" 771 1.42943989358089 4.6706741022279 2.27300294768086
"780" 772 1.42960756465467 4.67361614750588 2.27367518415256
"781" 773 1.42982222223992 4.67606521764743 2.27434677531831
"782" 774 1.43002529816737 4.67852733333072 2.27501772263113
"783" 775 1.43016998983672 4.68108489193493 2.27568802753895
"784" 776 1.43036079442774 4.68375053937729 2.27635769148463
"785" 777 1.43054401153101 4.68652721053166 2.27702671590581
"786" 778 1.43072977686099 4.68933154887756 2.2776951022352
"787" 779 1.43091375309349 4.69205218369562 2.27836285190027
"788" 780 1.43110431545414 4.69490869103528 2.27902996632367
"789" 781 1.43127381600572 4.69778625510765 2.27969644692291
"790" 782 1.43147359446157 4.70065819611625 2.28036229511065
"791" 783 1.43166370276574 4.70336780010627 2.28102751229449
"792" 784 1.43184921219239 4.70590823331075 2.28169209987719
"793" 785 1.43204929167105 4.70858459751583 2.28235605925649
"794" 786 1.43221816344837 4.71120690821137 2.2830193918254
"795" 787 1.43238998590882 4.71395093289238 2.28368209897201
"796" 788 1.43259008085245 4.71642478882213 2.28434418207947
"797" 789 1.43278192482149 4.71876942770739 2.28500564252633
"798" 790 1.43295926760407 4.72135949168684 2.28566648168613
"799" 791 1.43314264856104 4.7237791220718 2.2863267009279
"800" 792 1.43332317296871 4.72646621415745 2.28698630161563
"801" 793 1.43350083825656 4.72915062387704 2.28764528510882
"802" 794 1.43365203097686 4.73151641493687 2.28830365276224
"803" 795 1.43381509479035 4.73408157035341 2.28896140592585
"804" 796 1.43401587147177 4.73645346471092 2.2896185459451
"805" 797 1.43417363981831 4.73897844171126 2.29027507416076
"806" 798 1.43433463253713 4.74148130209698 2.29093099190899
"807" 799 1.43449609505559 4.744159370422 2.29158630052136
"808" 800 1.43465726083994 4.74661838314112 2.29224100132479
"809" 801 1.4348408968379 4.74907309800622 2.29289509564187
"810" 802 1.43503655088114 4.75168418795846 2.29354858479045
"811" 803 1.43520563571348 4.75431334069626 2.29420147008394
"812" 804 1.43538688049221 4.75697722205862 2.29485375283139
"813" 805 1.43554711615667 4.75954734217922 2.29550543433719
"814" 806 1.4357501924421 4.7620562304991 2.2961565159014
"815" 807 1.43592490536047 4.76472264341954 2.29680699881971
"816" 808 1.43608895784021 4.76724652121964 2.29745688438328
"817" 809 1.43627100918957 4.76978252695562 2.29810617387899
"818" 810 1.43649519584578 4.77243548828286 2.29875486858935
"819" 811 1.43664163141965 4.77503472411285 2.2994029697925
"820" 812 1.43678877550038 4.77775315428474 2.30005047876222
"821" 813 1.43697048099624 4.78004227567274 2.3006973967681
"822" 814 1.43715741034082 4.78260126665576 2.30134372507538
"823" 815 1.43733628725688 4.7851857318016 2.30198946494505
"824" 816 1.43750369810963 4.78780734501008 2.30263461763387
"825" 817 1.43766201220965 4.79034978568024 2.30327918439441
"826" 818 1.43783962320094 4.79288540434151 2.30392316647496
"827" 819 1.43803019928908 4.79538141347429 2.30456656511965
"828" 820 1.43817910784937 4.79792836197608 2.30520938156856
"829" 821 1.43834195454522 4.80044513363419 2.30585161705744
"830" 822 1.43850431416324 4.80304052906637 2.30649327281813
"831" 823 1.43869189268195 4.80572203851147 2.30713435007811
"832" 824 1.43885904671564 4.8083251009771 2.30777485006101
"833" 825 1.43902799619438 4.81097041790021 2.30841477398624
"834" 826 1.43921303380367 4.81354829518459 2.30905412306922
"835" 827 1.43938292894281 4.81609247524114 2.30969289852136
"836" 828 1.43953941946876 4.81872012872448 2.31033110154993
"837" 829 1.43970621698277 4.82124379914841 2.31096873335841
"838" 830 1.43986139481375 4.82380673858935 2.31160579514617
"839" 831 1.44004013177715 4.82616884006887 2.31224228810857
"840" 832 1.4402097870304 4.82872074208891 2.31287821343717
"841" 833 1.44035483122539 4.83119758527209 2.3135135723195
"842" 834 1.44050211654771 4.83359870700194 2.31414836593925
"843" 835 1.44067293785835 4.83589784278279 2.31478259547613
"844" 836 1.44084052456832 4.8382253600177 2.31541626210607
"845" 837 1.44102516820772 4.84049400302788 2.31604936700116
"846" 838 1.44118745210384 4.8429237293942 2.31668191132956
"847" 839 1.44134859465746 4.84540538440574 2.3173138962556
"848" 840 1.4415410762766 4.84783947632027 2.31794532293996
"849" 841 1.44168685193153 4.85025772447334 2.3185761925394
"850" 842 1.44186638292263 4.85272985102059 2.31920650620697
"851" 843 1.44204929658322 4.85508956367932 2.31983626509187
"852" 844 1.44221815171682 4.85750316040545 2.32046547033977
"853" 845 1.44239023874556 4.85991521231447 2.32109412309237
"854" 846 1.44257523339545 4.86244366033762 2.32172222448783
"855" 847 1.4427367676317 4.86489524488595 2.32234977566056
"856" 848 1.44290786138879 4.86718846168633 2.32297677774134
"857" 849 1.44307859189165 4.86974182669023 2.32360323185733
"858" 850 1.44323628378053 4.87198739756425 2.32422913913194
"859" 851 1.44341257804297 4.87443493729323 2.32485450068501
"860" 852 1.44356820796897 4.8770714252138 2.32547931763278
"861" 853 1.44372507852902 4.87929584459913 2.32610359108793
"862" 854 1.44388849365236 4.88168086040027 2.32672732215954
"863" 855 1.44407506441604 4.88440572609356 2.32735051195312
"864" 856 1.44422214488952 4.88713061951952 2.32797316157065
"865" 857 1.44436488898757 4.88987107813209 2.32859527211053
"866" 858 1.44451977273108 4.89234128316283 2.32921684466779
"867" 859 1.44467915780242 4.89480998336105 2.32983788033376
"868" 860 1.44484902002026 4.89726908744996 2.33045838019646
"869" 861 1.44503227161303 4.89971627287219 2.33107834534038
"870" 862 1.44522177883657 4.90222670348603 2.33169777684655
"871" 863 1.44538841915104 4.90478740191694 2.33231667579256
"872" 864 1.44553802684434 4.90739910967005 2.33293504325266
"873" 865 1.44570440972196 4.91006961182449 2.33355288029747
"874" 866 1.44583673073197 4.91248518807696 2.33417018799451
"875" 867 1.44600588363321 4.91479405395651 2.33478696740774
"876" 868 1.44615788623463 4.91698044026673 2.33540321959778
"877" 869 1.44632361212896 4.91954311887167 2.33601894562197
"878" 870 1.44647783639881 4.92219704696189 2.33663414653424
"879" 871 1.4466406657302 4.9247587952526 2.33724882338518
"880" 872 1.4468438932168 4.926956663403 2.33786297722222
"881" 873 1.44702077838958 4.92914816625444 2.33847660908935
"882" 874 1.44719448882894 4.93153064906367 2.33908972002728
"883" 875 1.44735931119636 4.93415641554046 2.33970231107363
"884" 876 1.44749309054073 4.93639116702831 2.34031438326259
"885" 877 1.44766697009251 4.93873060628996 2.34092593762516
"886" 878 1.44781428803207 4.9410183992124 2.34153697518917
"887" 879 1.44796021893778 4.9432057191843 2.34214749697923
"888" 880 1.44811739289106 4.94539512647386 2.34275750401662
"889" 881 1.44827767255348 4.94758448676876 2.3433669973197
"890" 882 1.44843616525932 4.94977240788341 2.34397597790343
"891" 883 1.44860532490909 4.95216781488443 2.34458444677971
"892" 884 1.44876305447747 4.95470873624239 2.34519240495727
"893" 885 1.44891004771455 4.95739200887855 2.3457998534418
"894" 886 1.4490808704055 4.96006312625656 2.34640679323583
"895" 887 1.44922503408696 4.96269826475866 2.34701322533867
"896" 888 1.44938786058442 4.96522614483507 2.3476191507467
"897" 889 1.44956334844709 4.96748181317592 2.34822457045312
"898" 890 1.44971723413734 4.9698419246803 2.34882948544819
"899" 891 1.44988444622136 4.97247810175684 2.34943389671907
"900" 892 1.45006302416035 4.97486861455675 2.35003780524972
"901" 893 1.4502505980773 4.97677429215395 2.35064121202137
"902" 894 1.45041829995864 4.97893288611438 2.35124411801206
"903" 895 1.4505837622028 4.98141383613796 2.35184652419677
"904" 896 1.45075368744257 4.98400338728254 2.35244843154767
"905" 897 1.45090984469955 4.98657871783145 2.35304984103379
"906" 898 1.45106148309634 4.98908309943945 2.35365075362143
"907" 899 1.45124435613485 4.99163257574266 2.3542511702736
"908" 900 1.45142861234787 4.99406513648018 2.35485109195077
"909" 901 1.45161317089963 4.99629732781938 2.3554505196101
"910" 902 1.45177192457073 4.99862982067974 2.35604945420617
"911" 903 1.45193133844665 5.00107395247794 2.3566478966904
"912" 904 1.45208806009671 5.00353298085237 2.35724584801151
"913" 905 1.45224391829279 5.00599062107875 2.35784330911523
"914" 906 1.45239387094315 5.00844478086963 2.35844028094446
"915" 907 1.45252921543058 5.01086511230182 2.35903676443928
"916" 908 1.45270814562946 5.01335129169387 2.35963276053685
"917" 909 1.45288179892077 5.01580641335782 2.36022827017166
"918" 910 1.45304547361356 5.01808565998746 2.3608232942752
"919" 911 1.45319506371591 5.02040679944268 2.36141783377623
"920" 912 1.45333256206683 5.02284608157374 2.36201188960075
"921" 913 1.45348540494796 5.02525576583047 2.36260546267188
"922" 914 1.45363856671815 5.02754365544486 2.36319855391014
"923" 915 1.45379088233037 5.02991520374106 2.36379116423311
"924" 916 1.45393848394581 5.03246377568733 2.36438329455576
"925" 917 1.45409600333961 5.03491701256452 2.36497494579017
"926" 918 1.45427443360982 5.03757140428634 2.36556611884588
"927" 919 1.45443091352906 5.03989327713317 2.36615681462954
"928" 920 1.45456928534509 5.04242143610749 2.36674703404526
"929" 921 1.45471698765048 5.04504620969311 2.3673367779943
"930" 922 1.45487669213739 5.04754489110882 2.36792604737534
"931" 923 1.45506914418074 5.05002046140702 2.36851484308439
"932" 924 1.45522673698434 5.05267500457923 2.36910316601467
"933" 925 1.4553668168883 5.05504071683875 2.36969101705699
"934" 926 1.45550564062647 5.05745220524587 2.37027839709928
"935" 927 1.45564187879856 5.05979214454081 2.37086530702697
"936" 928 1.45578283258459 5.06252799783107 2.37145174772288
"937" 929 1.45592121393442 5.06503910621212 2.37203772006719
"938" 930 1.4560641671245 5.06754307178688 2.3726232249374
"939" 931 1.45621456065499 5.070043203219 2.37320826320863
"940" 932 1.4563643192767 5.07248943250459 2.37379283575323
"941" 933 1.4565145183611 5.07493026192978 2.37437694344105
"942" 934 1.45666447276509 5.0773734506285 2.37496058713943
"943" 935 1.45680621257079 5.07981039146986 2.37554376771311
"944" 936 1.45695892421058 5.08224601390967 2.37612648602426
"945" 937 1.45710945650294 5.08455671084065 2.37670874293273
"946" 938 1.45726229248803 5.08676750785614 2.37729053929553
"947" 939 1.45740340688248 5.0889769913891 2.37787187596746
"948" 940 1.4575410549518 5.09147640856793 2.3784527538007
"949" 941 1.45767253686114 5.09419059110581 2.37903317364488
"950" 942 1.45780922931995 5.09659398509764 2.37961313634727
"951" 943 1.4579448434038 5.09897338220329 2.38019264275259
"952" 944 1.4580927112051 5.10135083297732 2.38077169370325
"953" 945 1.45825383159846 5.1037617249289 2.38135029003906
"954" 946 1.45841899504989 5.10645372166554 2.38192843259741
"955" 947 1.4585893958608 5.10876769511523 2.3825061222133
"956" 948 1.45873807370651 5.11100135388267 2.38308335971937
"957" 949 1.45889321987969 5.11323392702673 2.38366014594581
"958" 950 1.45904062542796 5.1154721666414 2.38423648172033
"959" 951 1.45919526654564 5.11770911645389 2.38481236786836
"960" 952 1.45934510066044 5.12030247310045 2.38538780521298
"961" 953 1.45949847383467 5.1227405130184 2.38596279457473
"962" 954 1.45963295512501 5.12510419264626 2.38653733677191
"963" 955 1.45976894042784 5.12746659139534 2.38711143262052
"964" 956 1.45992208340836 5.12959243078747 2.3876850829341
"965" 957 1.46008603317785 5.13187374574485 2.38825828852388
"966" 958 1.46022142811901 5.13425858395917 2.38883105019896
"967" 959 1.4603636745389 5.13653092002419 2.38940336876575
"968" 960 1.46051712008694 5.13873429280745 2.38997524502876
"969" 961 1.46065762299034 5.14104027597921 2.3905466797899
"970" 962 1.46080378764472 5.14355680311897 2.39111767384894
"971" 963 1.46095622676558 5.14599673450342 2.39168822800332
"972" 964 1.46109999227664 5.14835508534876 2.39225834304829
"973" 965 1.46124856947769 5.1506883077478 2.39282801977666
"974" 966 1.46138226410489 5.15310134283232 2.39339725897923
"975" 967 1.46152768713317 5.15550542019293 2.39396606144443
"976" 968 1.46166401249144 5.15787021063338 2.39453442795841
"977" 969 1.46179942644019 5.16030463556194 2.3951023593051
"978" 970 1.46195230959736 5.16272612032978 2.39566985626636
"979" 971 1.46209790536401 5.16512879372727 2.39623691962162
"980" 972 1.46224181430951 5.16752527999604 2.39680355014841
"981" 973 1.46237763159595 5.16987308335706 2.39736974862171
"982" 974 1.46250433169798 5.17221820993853 2.39793551581452
"983" 975 1.46262991656144 5.17456121422527 2.39850085249774
"984" 976 1.46279173121214 5.1769047417093 2.39906575943994
"985" 977 1.46294166697486 5.17924350305074 2.39963023740761
"986" 978 1.46310066896743 5.18151232069167 2.40019428716502
"987" 979 1.46324840872187 5.18396187779194 2.40075790947443
"988" 980 1.46339512347247 5.18639523185157 2.40132110509586
"989" 981 1.46353810552903 5.18893095630828 2.40188387478721
"990" 982 1.46368086928782 5.19139846377865 2.40244621930433
"991" 983 1.46382510026852 5.19370520036324 2.40300813940086
"992" 984 1.46397570544727 5.19600536593846 2.40356963582841
"993" 985 1.46413075088352 5.19827876183593 2.40413070933658
"994" 986 1.46425240823186 5.2005842257356 2.40469136067268
"995" 987 1.46438374726371 5.20287712448934 2.40525159058206
"996" 988 1.46453162965404 5.20517183252672 2.40581139980806
"997" 989 1.46465136459663 5.20746532504524 2.40637078909187
"998" 990 1.46479446178115 5.20968433294034 2.40692975917252
"999" 991 1.46493284112426 5.21213307271682 2.40748831078733
"1000" 992 1.46507226442383 5.21463530279151 2.40804644467118
"1001" 993 1.46522343142549 5.21698155631027 2.4086041615573
"1002" 994 1.46536404691049 5.21900479941382 2.4091614621765
"1003" 995 1.46547948092328 5.22119276915909 2.40971834725797
"1004" 996 1.4656125163615 5.2234819555889 2.41027481752853
"1005" 997 1.46578569419564 5.22578560712743 2.41083087371331
"1006" 998 1.46594460337593 5.22810622362423 2.41138651653532
"1007" 999 1.46608375503535 5.23041963165254 2.41194174671547
"1008" 1000 1.46622591118889 5.23258253451683 2.4124965649729
