"T" "IC_low" "IC_up" "x_ML"
"1" 1.1 0.680208617583191 0.694845017680356 0.686065742446506
"2" 1.2 0.688240666351405 0.708285439198928 0.696289432192834
"3" 1.3 0.695753822328009 0.720684089512415 0.70579567129195
"4" 1.4 0.702815820427251 0.7321896846077 0.714684564697191
"5" 1.5 0.709482948122669 0.742933560065139 0.723036264945389
"6" 1.6 0.715789341219451 0.753009895005352 0.730915987811762
"7" 1.7 0.721790208010497 0.762500264826302 0.738377537677859
"8" 1.8 0.72749214636432 0.771475801216255 0.745465845786446
"9" 1.9 0.732953558941824 0.779966517105363 0.752218836493522
"10" 2 0.738164277857807 0.788050893169325 0.75866882494793
"11" 3 0.78066352537446 0.853070182688872 0.811177324627282
"12" 4 0.811871955513449 0.900884338098427 0.850125054438399
"13" 5 0.836476061399089 0.939308501276476 0.881341269362201
"14" 6 0.856781035664101 0.971848830370535 0.90751882177234
"15" 7 0.874129482183558 1.00037997947906 0.930134566789065
"16" 8 0.889105910653661 1.02590569795769 0.95009015701549
"17" 9 0.902382865400841 1.04920293186104 0.967978360751293
"18" 10 0.91422799426557 1.07053192717273 0.984210655360019
"19" 11 0.924966837836814 1.09034854622374 0.999084843774869
"20" 12 0.934788876442816 1.10895893402755 1.0128237058485
"21" 13 0.943733555657149 1.12640170433218 1.02559843894998
"22" 14 0.952080212452783 1.14309481022667 1.03754356673769
"23" 15 0.959855586700399 1.15889151819019 1.04876680029008
"24" 16 0.967141254224415 1.17386145210528 1.05935577827412
"25" 17 0.97395643429011 1.18834119991616 1.06938280442705
"26" 18 0.980389381909497 1.2021191835043 1.07890825852978
"27" 19 0.986494823366446 1.21535525004339 1.08798310432529
"28" 20 0.992274821729243 1.2282236612201 1.09665076775702
"29" 21 0.997782651783966 1.24075047158191 1.10494856677943
"30" 22 1.00293264490429 1.25267759153967 1.11290881577546
"31" 23 1.00791740410641 1.26438791488415 1.12055968986638
"32" 24 1.01270820259284 1.27581589576998 1.12792590935273
"33" 25 1.01728379430757 1.28678882277765 1.13502928756039
"34" 26 1.02169359954857 1.29737823978598 1.14188917365959
"35" 27 1.02589462828421 1.30771208671244 1.14852281380882
"36" 28 1.02999703071686 1.31782140942346 1.15494564812008
"37" 29 1.03392220637112 1.32772918111899 1.16117155670965
"38" 30 1.03766014468287 1.33751684358739 1.16721306499876
"39" 31 1.04127661437986 1.34699384266807 1.17308151613185
"40" 32 1.04480136432272 1.35623319390685 1.17878721665861
"41" 33 1.04822001988949 1.36550746841213 1.18433956032313
"42" 34 1.05150282609879 1.37436510457572 1.18974713380701
"43" 35 1.05469774178262 1.38324983105149 1.19501780750553
"44" 36 1.05782886988946 1.39154973283028 1.20015881381807
"45" 37 1.06092296235916 1.39981306530761 1.20517681496608
"46" 38 1.06385496754078 1.40817418274221 1.21007796198188
"47" 39 1.06671609369411 1.41645143394836 1.2148679462178
"48" 40 1.06951124574155 1.42440582928371 1.21955204448981
"49" 41 1.07224583154825 1.4322381680371 1.22413515878027
"50" 42 1.07497033657655 1.43985824373911 1.22862185127127
"51" 43 1.07756461921532 1.44739094536903 1.23301637535476
"52" 44 1.08006120838888 1.45470607437919 1.23732270316359
"53" 45 1.08257259631221 1.46186319457829 1.24154455008336
"54" 46 1.08501279157763 1.46898123297346 1.24568539663527
"55" 47 1.08740415461735 1.4759326229341 1.24974850806269
"56" 48 1.08974093211947 1.48281812810429 1.25373695190559
"57" 49 1.09203674598868 1.48969989312097 1.25765361380696
"58" 50 1.09428372518644 1.4964876749994 1.26150121176113
"59" 51 1.09645409065619 1.5032971573225 1.26528230898564
"60" 52 1.09864887433303 1.50983357944091 1.26899932557355
"61" 53 1.10072712659652 1.51648648258871 1.27265454906311
"62" 54 1.10279191498145 1.52295033307425 1.27625014404345
"63" 55 1.10479232718767 1.52932361335687 1.2797881609006
"64" 56 1.10675574577527 1.53573814331027 1.28327054379466
"65" 57 1.1086841479894 1.54188238451138 1.28669913794829
"66" 58 1.11058281079267 1.54804781076762 1.2900756963169
"67" 59 1.11244903619085 1.55426994913297 1.29340188570265
"68" 60 1.11428348747313 1.56035166629053 1.29667929236723
"69" 61 1.11610018683535 1.56643337741639 1.29990942719212
"70" 62 1.11784577192461 1.57244201627197 1.30309373042964
"71" 63 1.11962777597417 1.57811397172383 1.30623357608317
"72" 64 1.12134040881376 1.58395587854645 1.30933027595103
"73" 65 1.12302665191686 1.58950763209542 1.31238508336446
"74" 66 1.1247054141885 1.5951020471932 1.3153991966474
"75" 67 1.12633206014304 1.60062809389526 1.31837376232241
"76" 68 1.12798375253887 1.60607886154415 1.32130987808508
"77" 69 1.12954961970978 1.61173701035597 1.32420859556658
"78" 70 1.13113411881923 1.61731252914892 1.32707092290245
"79" 71 1.13267353791551 1.62261905047507 1.32989782712362
"80" 72 1.13420367153902 1.62791703515129 1.33269023638439
"81" 73 1.13571311759151 1.63321658562247 1.33544904204059
"82" 74 1.13717737576667 1.63851785636933 1.33817510058979
"83" 75 1.13866172192975 1.6435372704797 1.34086923548455
"84" 76 1.14008135947203 1.64858402900473 1.34353223882858
"85" 77 1.14153024053748 1.65362654287491 1.34616487296475
"86" 78 1.14295824355901 1.65860357579297 1.34876787196319
"87" 79 1.1443316939495 1.66361638484359 1.35134194301696
"88" 80 1.14570058431534 1.66862313536048 1.35388776775215
"89" 81 1.14705979315897 1.67353687035408 1.35640600345855
"90" 82 1.14840845715642 1.67836142936035 1.35889728424677
"91" 83 1.14975609795993 1.68315686533799 1.36136222213695
"92" 84 1.15106637903398 1.68791899925803 1.36380140808386
"93" 85 1.15234372056264 1.69254202113071 1.3662154129429
"94" 86 1.15362320632601 1.69717843949485 1.36860478838098
"95" 87 1.15489034086278 1.70196382567506 1.37097006773609
"96" 88 1.15611831995074 1.70663774292511 1.37331176682892
"97" 89 1.15732153530134 1.71134161127406 1.37563038472983
"98" 90 1.15854432164195 1.71582404982577 1.377926404484
"99" 91 1.15973456877217 1.72046940159294 1.38020029379754
"100" 92 1.16087051934619 1.72493967871748 1.38245250568699
"101" 93 1.16203700806324 1.72921251783118 1.38468347909466
"102" 94 1.16320764775717 1.73352772409581 1.38689363947183
"103" 95 1.16434371370178 1.73804965850716 1.38908339933189
"104" 96 1.16545753534293 1.74243330881049 1.39125315877522
"105" 97 1.16657533177771 1.7469864379236 1.39340330598759
"106" 98 1.16771716361524 1.75125123441941 1.39553421771359
"107" 99 1.16879774740062 1.75556609799586 1.39764625970667
"108" 100 1.1698873188124 1.7600081165933 1.39973978715711
"109" 101 1.17100300342388 1.76439088631139 1.40181514509923
"110" 102 1.17207264969421 1.76851333974113 1.40387266879904
"111" 103 1.17313751591699 1.77272462449573 1.40591268412349
"112" 104 1.1742084675886 1.77685132558729 1.40793550789225
"113" 105 1.17521653815375 1.78094676315711 1.40994144821318
"114" 106 1.17624074993059 1.7848443554479 1.41193080480217
"115" 107 1.1772524648632 1.78895856166638 1.4139038692885
"116" 108 1.17825502136553 1.79297300501666 1.41586092550623
"117" 109 1.17925343239951 1.79692737393784 1.41780224977251
"118" 110 1.18027759045493 1.80088857714647 1.41972811115356
"119" 111 1.18126427678071 1.80488127566734 1.42163877171888
"120" 112 1.18223757160676 1.80874217951646 1.42353448678435
"121" 113 1.18320054570219 1.81255138168181 1.42541550514477
"122" 114 1.18413291572702 1.81664327671589 1.42728206929647
"123" 115 1.18506037965024 1.8202658002232 1.42913441565039
"124" 116 1.18599784008581 1.82421056982335 1.43097277473618
"125" 117 1.1869393867665 1.82790840688377 1.43279737139782
"126" 118 1.18787677811893 1.83173278208852 1.43460842498101
"127" 119 1.18878462015927 1.83559149450328 1.43640614951293
"128" 120 1.18964207993375 1.83935989348029 1.4381907538747
"129" 121 1.19052041354628 1.84307298911356 1.43996244196673
"130" 122 1.19140737815205 1.84690227785927 1.4417214128676
"131" 123 1.19229313182983 1.850610891105 1.44346786098652
"132" 124 1.19318279815679 1.85425515641752 1.44520197620974
"133" 125 1.19407842436951 1.85803445185975 1.44692394404137
"134" 126 1.19492767290488 1.86185867717019 1.44863394573856
"135" 127 1.19577292956065 1.86542940856592 1.4503321584416
"136" 128 1.1966338788699 1.86896269672244 1.452018755299
"137" 129 1.197462129185 1.87253583777977 1.45369390558777
"138" 130 1.19830184178979 1.87621250432848 1.45535777482931
"139" 131 1.19912950151252 1.87975430213755 1.45701052490081
"140" 132 1.19997479545393 1.88321638391645 1.45865231414266
"141" 133 1.20078494181409 1.88660400330336 1.46028329746181
"142" 134 1.20158798692244 1.88997946524575 1.4619036264314
"143" 135 1.20238605030793 1.89341557381346 1.46351344938681
"144" 136 1.20319537801722 1.89698375110593 1.46511291151815
"145" 137 1.20400050631706 1.90040956375484 1.46670215495957
"146" 138 1.2047834334717 1.90371232941292 1.46828131887536
"147" 139 1.20558697410498 1.90701730928656 1.46985053954296
"148" 140 1.2063821518828 1.91039077852045 1.47140995043314
"149" 141 1.20715285280841 1.91398817437544 1.47295968228742
"150" 142 1.20797239358778 1.9172404227123 1.47449986319271
"151" 143 1.20873215386046 1.92054142844652 1.47603061865352
"152" 144 1.20949076789602 1.92387671008633 1.47755207166168
"153" 145 1.21022106571543 1.9269995612953 1.4790643427636
"154" 146 1.21093017499717 1.93044213537916 1.48056755012551
"155" 147 1.21165299686955 1.9334726835542 1.48206180959628
"156" 148 1.21236989824663 1.93687299051842 1.48354723476831
"157" 149 1.21311892389439 1.94008845551798 1.48502393703643
"158" 150 1.2138230184989 1.94337846903521 1.48649202565475
"159" 151 1.21454979306086 1.94659015919109 1.48795160779184
"160" 152 1.2152573098463 1.94989822049935 1.489402788584
"161" 153 1.21595036156344 1.95319458844629 1.49084567118689
"162" 154 1.21665828097331 1.95639675488627 1.49228035682551
"163" 155 1.21733147035116 1.95955592099059 1.49370694484262
"164" 156 1.21807791349279 1.96273630720157 1.49512553274558
"165" 157 1.2187906943315 1.96579754828105 1.49653621625183
"166" 158 1.21946193286701 1.96895512729235 1.49793908933287
"167" 159 1.22011747589042 1.97205351289355 1.49933424425692
"168" 160 1.22077948633664 1.97493288971705 1.50072177163033
"169" 161 1.22144741767408 1.97792916638246 1.50210176043764
"170" 162 1.22210713402172 1.980963912123 1.50347429808048
"171" 163 1.22273472883685 1.98404747700789 1.50483947041533
"172" 164 1.2233863720001 1.9869979762768 1.50619736179008
"173" 165 1.22401296294403 1.98997724508615 1.50754805507961
"174" 166 1.22467083242599 1.99278813247917 1.5088916317202
"175" 167 1.225322608269 1.99577334759813 1.51022817174302
"176" 168 1.22599472692817 1.99887719133688 1.51155775380665
"177" 169 1.22665476359938 2.00163197152915 1.51288045522857
"178" 170 1.22727467829843 2.00453912002389 1.51419635201587
"179" 171 1.22790901925883 2.00757764425386 1.51550551889497
"180" 172 1.22853216498064 2.01047389357791 1.51680802934057
"181" 173 1.22914991281788 2.01331872167528 1.51810395560375
"182" 174 1.2297779818517 2.01618281138644 1.51939336873925
"183" 175 1.23040296105019 2.01920080865477 1.5206763386321
"184" 176 1.23099628037052 2.02221641471035 1.52195293402336
"185" 177 1.23158237120725 2.02498660118301 1.52322322253526
"186" 178 1.23220349608669 2.02766928202179 1.52448727069559
"187" 179 1.2327938734851 2.03036401562951 1.5257451439615
"188" 180 1.23340702185252 2.03312620708267 1.52699690674252
"189" 181 1.23399743198217 2.03598697710842 1.52824262242311
"190" 182 1.2345618275003 2.03867380754625 1.52948235338451
"191" 183 1.23513628155404 2.04143358212566 1.53071616102602
"192" 184 1.23571230901046 2.04415923726404 1.53194410578573
"193" 185 1.23629154429481 2.04686577378069 1.53316624716071
"194" 186 1.23687004976353 2.04946822677459 1.53438264372663
"195" 187 1.23742360028205 2.05220918969534 1.53559335315695
"196" 188 1.23800369285919 2.05500978858178 1.53679843224149
"197" 189 1.23854756765187 2.05773056407258 1.53799793690463
"198" 190 1.23912005164354 2.06060541621263 1.53919192222298
"199" 191 1.23967945847215 2.06333594094958 1.54038044244261
"200" 192 1.24022326951964 2.06603733391312 1.54156355099588
"201" 193 1.24076161247896 2.06877290158846 1.54274130051776
"202" 194 1.24129351477942 2.07140974100089 1.54391374286184
"203" 195 1.24183947949441 2.07386977065068 1.54508092911586
"204" 196 1.24238614681922 2.07659139572127 1.5462429096169
"205" 197 1.24293529250938 2.07911529555002 1.54739973396615
"206" 198 1.2434649761679 2.0818066965265 1.54855145104335
"207" 199 1.24399015329915 2.08471023870522 1.54969810902089
"208" 200 1.24453512870235 2.08743996547571 1.55083975537753
"209" 201 1.24505138686982 2.08992227866561 1.55197643691177
"210" 202 1.24557572867616 2.09254787033453 1.55310819975496
"211" 203 1.24610199034519 2.09521573166316 1.55423508938404
"212" 204 1.24664393824077 2.09779799259598 1.555357150634
"213" 205 1.24716936022516 2.10025993807002 1.55647442771006
"214" 206 1.24766733081249 2.10274592364975 1.5575869641995
"215" 207 1.24817457112939 2.10527931003762 1.55869480308327
"216" 208 1.2486818996532 2.10799335309766 1.5597979867473
"217" 209 1.24918030882335 2.11047799753942 1.56089655699357
"218" 210 1.24968412005407 2.11296291720399 1.56199055505086
"219" 211 1.25017550450202 2.11542408094159 1.56308002158538
"220" 212 1.25066175101001 2.11803851728852 1.56416499671098
"221" 213 1.25115399012036 2.12055200648327 1.56524551999926
"222" 214 1.25166596986431 2.12303507399465 1.56632163048942
"223" 215 1.25218306979166 2.12550107253371 1.56739336669783
"224" 216 1.25268943569 2.12793127036273 1.56846076662748
"225" 217 1.25317156942739 2.13021030980425 1.56952386777711
"226" 218 1.25366963372702 2.13269938589131 1.57058270715023
"227" 219 1.25414501336467 2.13506269960054 1.57163732126387
"228" 220 1.25461836132339 2.13769573379315 1.57268774615718
"229" 221 1.25511623694557 2.14006139731776 1.57373401739982
"230" 222 1.25559738505234 2.1425266117269 1.57477617010016
"231" 223 1.2560746718342 2.14490558779575 1.57581423891333
"232" 224 1.25653818507845 2.14729003715978 1.57684825804904
"233" 225 1.2570160968819 2.14961918063995 1.57787826127929
"234" 226 1.25750068673793 2.15220339506792 1.57890428194589
"235" 227 1.25798655675432 2.15456212517022 1.57992635296781
"236" 228 1.2584497902283 2.15690887189657 1.58094450684835
"237" 229 1.25891682200105 2.15932567070797 1.58195877568223
"238" 230 1.25937713991541 2.16172097980781 1.58296919116246
"239" 231 1.25985372441056 2.16401310571556 1.5839757845871
"240" 232 1.26031178587336 2.16624068280095 1.58497858686584
"241" 233 1.26077883960724 2.16843346160781 1.58597762852652
"242" 234 1.26122923025252 2.17077313565103 1.5869729397214
"243" 235 1.26168251530421 2.17312589305811 1.58796455023342
"244" 236 1.26213312561924 2.17541598284553 1.58895248948224
"245" 237 1.26257537845064 2.17784552022524 1.58993678653021
"246" 238 1.26302145290087 2.18004963331235 1.59091747008816
"247" 239 1.26348215662331 2.18221902637821 1.59189456852116
"248" 240 1.263908256486 2.18456535300347 1.59286810985406
"249" 241 1.26435232342222 2.18694998097119 1.593838121777
"250" 242 1.26481405094274 2.18915122366744 1.59480463165078
"251" 243 1.26524427475299 2.19131901111115 1.5957676665121
"252" 244 1.2656722083745 2.19365428093661 1.59672725307872
"253" 245 1.26608678709911 2.19582231698446 1.5976834177545
"254" 246 1.26653529176015 2.19810310043512 1.59863618663442
"255" 247 1.26694336613867 2.20031529432018 1.59958558550932
"256" 248 1.26736188944929 2.20263235752191 1.60053163987075
"257" 249 1.2678115552664 2.20483751224677 1.6014743749156
"258" 250 1.26823404272856 2.20720306050427 1.60241381555066
"259" 251 1.26867474663561 2.20954444940738 1.60334998639714
"260" 252 1.26910446407254 2.21173763492674 1.60428291179505
"261" 253 1.26953059449257 2.21389725066522 1.60521261580749
"262" 254 1.26995043867974 2.21610232939776 1.60613912222493
"263" 255 1.27036035118104 2.21827880782957 1.6070624545693
"264" 256 1.27077568296506 2.22044973009177 1.60798263609812
"265" 257 1.27118969305602 2.22277094402366 1.60889968980844
"266" 258 1.27159347053551 2.22505995527082 1.60981363844079
"267" 259 1.27199641049917 2.22732883310539 1.61072450448302
"268" 260 1.27241229606547 2.22961587641509 1.61163231017405
"269" 261 1.27281527022288 2.23172207288628 1.6125370775076
"270" 262 1.27323543036828 2.23389112606749 1.61343882823578
"271" 263 1.27364338953007 2.23615784933124 1.61433758387271
"272" 264 1.27403541018544 2.23841433252447 1.61523336569798
"273" 265 1.27444131224537 2.24064020804041 1.61612619476007
"274" 266 1.27483334717316 2.24280633563363 1.61701609187976
"275" 267 1.2752290115773 2.24501241316983 1.61790307765344
"276" 268 1.27562550481663 2.24731046864554 1.61878717245631
"277" 269 1.27602890119445 2.2494369333345 1.6196683964456
"278" 270 1.27642572779428 2.25145118647844 1.62054676956373
"279" 271 1.27681363641716 2.25355042264154 1.62142231154134
"280" 272 1.2772063003063 2.25579107602663 1.62229504190033
"281" 273 1.27759828192153 2.25779411213325 1.62316497995682
"282" 274 1.27799921116037 2.25992999929236 1.62403214482407
"283" 275 1.27841491697765 2.26215283974357 1.62489655541536
"284" 276 1.27879196830971 2.2642262196346 1.62575823044675
"285" 277 1.27916137598205 2.26630320195278 1.62661718843989
"286" 278 1.27956736548159 2.2684095725174 1.62747344772474
"287" 279 1.27995473011291 2.2704549498386 1.62832702644217
"288" 280 1.28034181416948 2.27251006279367 1.62917794254664
"289" 281 1.28071397097317 2.27453655669983 1.63002621380877
"290" 282 1.28109202191698 2.27648190117411 1.63087185781784
"291" 283 1.28145762750851 2.27859422481147 1.63171489198428
"292" 284 1.28183082691559 2.28061372235421 1.63255533354215
"293" 285 1.28219354141421 2.28263340762215 1.6333931995515
"294" 286 1.28256117315417 2.28483443837177 1.63422850690075
"295" 287 1.28294224089754 2.28680645842622 1.63506127230899
"296" 288 1.28331181556974 2.28883045126143 1.6358915123283
"297" 289 1.28368728253325 2.29099828084569 1.63671924334594
"298" 290 1.28406733326773 2.29310431913518 1.63754448158661
"299" 291 1.28442457317025 2.2952319290607 1.63836724311456
"300" 292 1.28478469579936 2.29737385958341 1.63918754383578
"301" 293 1.28513136623897 2.2994182949646 1.64000539950005
"302" 294 1.28547153236366 2.30148408469542 1.64082082570301
"303" 295 1.28581921336188 2.30355380105367 1.64163383788821
"304" 296 1.28617599927817 2.30563266523086 1.64244445134908
"305" 297 1.28654286699598 2.30749983225472 1.64325268123089
"306" 298 1.28689231793627 2.30944736519427 1.6440585425327
"307" 299 1.28723094320927 2.31144664657595 1.64486205010924
"308" 300 1.28759761804089 2.31358394557648 1.64566321867276
"309" 301 1.28796153468205 2.31559201756692 1.64646206279491
"310" 302 1.2883262947422 2.31786572404029 1.64725859690852
"311" 303 1.28869162633667 2.32007497699864 1.64805283530936
"312" 304 1.28902615719241 2.32197525262002 1.64884479215792
"313" 305 1.28937740363668 2.3239456658768 1.64963448148112
"314" 306 1.28972964339368 2.32577965184065 1.65042191717399
"315" 307 1.2900779995101 2.32772900423671 1.65120711300135
"316" 308 1.29042084681413 2.32970961679763 1.65199008259945
"317" 309 1.29076057629524 2.33162368597428 1.6527708394776
"318" 310 1.2911118710835 2.33357445489495 1.65354939701969
"319" 311 1.29144499109777 2.33550895707167 1.65432576848586
"320" 312 1.29177424513312 2.33731855219738 1.65509996701393
"321" 313 1.29212841642679 2.3392258008572 1.65587200562102
"322" 314 1.29246203104216 2.34117135546793 1.65664189720494
"323" 315 1.29278461864817 2.34309857538767 1.65740965454572
"324" 316 1.29311109332562 2.34494558930638 1.65817529030707
"325" 317 1.29344285874636 2.34679308597319 1.65893881703775
"326" 318 1.2937777298171 2.34869724817936 1.65970024717301
"327" 319 1.29412541920996 2.35076606302534 1.66045959303594
"328" 320 1.29445236111566 2.35274840713331 1.66121686683888
"329" 321 1.29476357937176 2.35477322823686 1.66197208068468
"330" 322 1.29507845845671 2.35676486436772 1.66272524656813
"331" 323 1.2953999925095 2.35871300642605 1.66347637637713
"332" 324 1.29572641043244 2.3606956191856 1.66422548189406
"333" 325 1.29606998239738 2.36263853704134 1.664972574797
"334" 326 1.29640634751769 2.36449195570238 1.665717666661
"335" 327 1.29672201698154 2.36636494981589 1.66646076895928
"336" 328 1.29705907307438 2.36820293099093 1.66720189306442
"337" 329 1.29738469824801 2.37015487004331 1.66794105024958
"338" 330 1.29769643182886 2.37202330754725 1.66867825168964
"339" 331 1.29801028713744 2.37392417637104 1.66941350846238
"340" 332 1.29833028820016 2.37574034693644 1.67014683154959
"341" 333 1.29865013783462 2.37747638439057 1.67087823183819
"342" 334 1.29896027124149 2.37925094919988 1.67160772012136
"343" 335 1.29927341696789 2.38091681142713 1.67233530709957
"344" 336 1.29960085033577 2.38272873574389 1.67306100338173
"345" 337 1.29991131369199 2.38450657023147 1.67378481948613
"346" 338 1.30021070576373 2.3862240457468 1.67450676584162
"347" 339 1.30050258187262 2.38804685437331 1.67522685278852
"348" 340 1.30082328286838 2.38983676726688 1.67594509057966
"349" 341 1.30113230943604 2.39184796569324 1.6766614893814
"350" 342 1.30144283824849 2.39378714886264 1.67737605927461
"351" 343 1.30175922654719 2.39556540101789 1.67808881025561
"352" 344 1.3020649378004 2.39761562045297 1.67879975223711
"353" 345 1.30236044103261 2.39929941676016 1.67950889504922
"354" 346 1.30265119044115 2.40117996427408 1.68021624844029
"355" 347 1.30295982285066 2.40297402931563 1.6809218220779
"356" 348 1.30326666937254 2.40485151370713 1.68162562554969
"357" 349 1.30356499062489 2.40678569199694 1.6823276683643
"358" 350 1.30387551825351 2.40869328972711 1.68302795995223
"359" 351 1.30418916081923 2.41048678635178 1.68372650966672
"360" 352 1.30448198270034 2.41217536960438 1.68442332678452
"361" 353 1.30479889425805 2.41382296324602 1.68511842050686
"362" 354 1.30507428974657 2.41554631619306 1.68581179996017
"363" 355 1.30536843893019 2.41727667376557 1.68650347419697
"364" 356 1.30567064405001 2.41911989666165 1.6871934521966
"365" 357 1.3059771450692 2.42082705052291 1.68788174286609
"366" 358 1.30628550802835 2.42261633472262 1.6885683550409
"367" 359 1.30658338042294 2.42447350658091 1.68925329748569
"368" 360 1.30686724647921 2.42625273454693 1.68993657889513
"369" 361 1.30716404099536 2.4280512292576 1.69061820789458
"370" 362 1.30744071264833 2.42969868684164 1.6912981930409
"371" 363 1.30773474001057 2.43151631034127 1.69197654282312
"372" 364 1.30800770977645 2.43328633922474 1.69265326566323
"373" 365 1.30829547380675 2.43503031566887 1.69332836991683
"374" 366 1.30860285550071 2.43685976966609 1.69400186387388
"375" 367 1.30888401634878 2.43874115910295 1.69467375575936
"376" 368 1.30916830457154 2.44041626906801 1.69534405373395
"377" 369 1.30946099143427 2.44203844291745 1.69601276589479
"378" 370 1.30975301145276 2.44377420784494 1.696679900276
"379" 371 1.31004209492892 2.44556106588835 1.69734546484947
"380" 372 1.31033497923403 2.44725599498855 1.69800946752544
"381" 373 1.31059876007778 2.44904887458726 1.69867191615315
"382" 374 1.31088968585764 2.45084281985282 1.6993328185215
"383" 375 1.31116335597208 2.45244700725909 1.69999218235965
"384" 376 1.31144099869839 2.45415023073058 1.70065001533762
"385" 377 1.31171632452421 2.45595331831547 1.70130632506696
"386" 378 1.31200429363561 2.45768565117531 1.70196111910125
"387" 379 1.31229755213694 2.45936611672142 1.70261440493682
"388" 380 1.31256497828757 2.46117480262601 1.70326619001321
"389" 381 1.31282961419309 2.46283830619276 1.70391648171381
"390" 382 1.31312192683841 2.46430224614396 1.70456528736647
"391" 383 1.31338262312767 2.46584877628935 1.70521261424396
"392" 384 1.31366308294699 2.46745913683914 1.70585846956462
"393" 385 1.31393109822635 2.46911488767762 1.70650286049285
"394" 386 1.31419510232524 2.47071421595665 1.70714579413967
"395" 387 1.31445855990101 2.4723498790286 1.70778727756329
"396" 388 1.3147222236388 2.47410388648339 1.70842731776956
"397" 389 1.31497985041691 2.47604204231892 1.70906592171256
"398" 390 1.31525582298057 2.47763020849453 1.70970309629509
"399" 391 1.31552029478779 2.47921811471566 1.71033884836918
"400" 392 1.31578588268455 2.48080838634785 1.71097318473659
"401" 393 1.31605454814745 2.48238786025548 1.7116061121493
"402" 394 1.31633343192697 2.48396381314153 1.71223763731002
"403" 395 1.31660680627683 2.48559221346851 1.71286776687265
"404" 396 1.31686919700051 2.48736571849684 1.71349650744281
"405" 397 1.31712987463981 2.48908143587249 1.71412386557819
"406" 398 1.3174017648092 2.49072831960002 1.71474984778917
"407" 399 1.31767985097728 2.49251975189089 1.71537446053917
"408" 400 1.31795008690086 2.49410082178108 1.71599771024516
"409" 401 1.31820530618726 2.49579756729822 1.71661960327808
"410" 402 1.3184614011074 2.49729032418997 1.71724014596332
"411" 403 1.31871402431847 2.49889923485088 1.7178593445811
"412" 404 1.31895579136647 2.5005727152546 1.71847720536696
"413" 405 1.31922273256938 2.50201748658936 1.71909373451214
"414" 406 1.31949439081926 2.5037151523539 1.71970893816406
"415" 407 1.31975348102218 2.50537404269529 1.72032282242671
"416" 408 1.32003228556711 2.50704104947992 1.72093539336101
"417" 409 1.32030868500791 2.50861701005785 1.72154665698529
"418" 410 1.3205750190132 2.51020509884239 1.72215661927571
"419" 411 1.32082211775555 2.51175381637248 1.72276528616656
"420" 412 1.32109230009691 2.51346269528388 1.72337266355075
"421" 413 1.3213512353203 2.5149439479349 1.72397875728011
"422" 414 1.32161801257518 2.51668831386908 1.72458357316589
"423" 415 1.32186359931411 2.51822637952926 1.72518711697901
"424" 416 1.3221128470463 2.51996989224504 1.72578939445057
"425" 417 1.32236599396748 2.52151516782892 1.72639041127207
"426" 418 1.32261878763543 2.52307561939996 1.7269901730959
"427" 419 1.32286760132812 2.52461385842316 1.72758868553568
"428" 420 1.32310947799205 2.52606081439378 1.72818595416655
"429" 421 1.32335959911203 2.52767564837019 1.72878198452559
"430" 422 1.32361265801599 2.52918091146214 1.72937678211216
"431" 423 1.32386402665864 2.53080541843167 1.72997035238823
"432" 424 1.32411145060099 2.5324669820233 1.73056270077871
"433" 425 1.32435360548462 2.53391212603292 1.73115383267182
"434" 426 1.32460837114369 2.5355451588346 1.73174375341943
"435" 427 1.3248687100074 2.53723254279299 1.73233246833732
"436" 428 1.32511549973613 2.53885188730759 1.73291998270563
"437" 429 1.32535396280649 2.54033363910326 1.73350630176903
"438" 430 1.32559283647099 2.54192578502497 1.73409143073718
"439" 431 1.32583692428783 2.54338181446645 1.73467537478494
"440" 432 1.32607777182117 2.54488957360331 1.73525813905276
"441" 433 1.32632731278596 2.54650036462979 1.73583972864693
"442" 434 1.32655356340006 2.54797538272245 1.73642014863991
"443" 435 1.32681550544056 2.54955540564563 1.73699940407065
"444" 436 1.32704522858752 2.55103112050014 1.73757749994486
"445" 437 1.32727689177097 2.55258657537839 1.7381544412353
"446" 438 1.32751421221973 2.55421915670644 1.73873023288209
"447" 439 1.32774613947325 2.55582166253937 1.73930487979303
"448" 440 1.32797854051102 2.55743372312917 1.73987838684378
"449" 441 1.32822956989209 2.55904803252199 1.74045075887826
"450" 442 1.32848261970259 2.56067806536986 1.74102200070886
"451" 443 1.3287200890235 2.56208675594433 1.74159211711675
"452" 444 1.32895345396187 2.56367240403233 1.74216111285214
"453" 445 1.32918701961812 2.5650799192007 1.7427289926345
"454" 446 1.32941889129305 2.56659039044014 1.74329576115295
"455" 447 1.32965585286202 2.56810893362493 1.74386142306638
"456" 448 1.32988211978718 2.56967903993969 1.74442598300381
"457" 449 1.33013098769498 2.57130323280196 1.74498944556462
"458" 450 1.33035777673765 2.57298010792089 1.74555181531879
"459" 451 1.33058374590427 2.57440753683645 1.74611309680718
"460" 452 1.33081599794762 2.57595788757307 1.74667329454175
"461" 453 1.33106194517078 2.57743585155759 1.74723241300582
"462" 454 1.3312895433578 2.57888971773154 1.74779045665434
"463" 455 1.33153222872788 2.58060235332682 1.74834742991407
"464" 456 1.33175788772571 2.58228351367614 1.7489033371839
"465" 457 1.33197535573538 2.58379621436113 1.74945818283503
"466" 458 1.33220160987024 2.58524703740559 1.75001197121118
"467" 459 1.33242649494517 2.58668634015223 1.75056470662893
"468" 460 1.33264926725816 2.58816180306047 1.75111639337782
"469" 461 1.33288166832557 2.58971679306643 1.75166703572069
"470" 462 1.33310457231665 2.59120461699545 1.75221663789379
"471" 463 1.33333892794314 2.59273855780638 1.75276520410711
"472" 464 1.33355542553227 2.59418196442861 1.75331273854452
"473" 465 1.33377600676079 2.59560960258351 1.75385924536407
"474" 466 1.33400409696166 2.59709461401058 1.75440472869812
"475" 467 1.33421479127935 2.59849371720808 1.75494919265357
"476" 468 1.33443460588063 2.59985846359169 1.75549264131212
"477" 469 1.33464993985393 2.6013326650427 1.75603507873046
"478" 470 1.33487603308704 2.60265780639872 1.75657650894042
"479" 471 1.33510242981432 2.60406976175209 1.75711693594926
"480" 472 1.33532523119257 2.60549354672115 1.7576563637398
"481" 473 1.33555274300823 2.6068896058482 1.75819479627068
"482" 474 1.33576553914928 2.60829604882717 1.7587322374765
"483" 475 1.33598776976324 2.60980402536742 1.75926869126807
"484" 476 1.33621791582597 2.61125187742285 1.75980416153256
"485" 477 1.33641722715239 2.61272501684356 1.7603386521337
"486" 478 1.33663687830366 2.61413285539518 1.76087216691203
"487" 479 1.33685290688595 2.6155300496888 1.76140470968498
"488" 480 1.3370916491236 2.61701811774642 1.76193628424715
"489" 481 1.33731420081184 2.61845970351325 1.76246689437046
"490" 482 1.33753928957531 2.61984244522703 1.76299654380431
"491" 483 1.33774243812659 2.62122313076561 1.76352523627579
"492" 484 1.33796453512263 2.62260176743421 1.76405297548985
"493" 485 1.33817299756105 2.62397904897753 1.76457976512949
"494" 486 1.338394309357 2.62535292317772 1.76510560885592
"495" 487 1.33861598204106 2.62672545665936 1.76563051030872
"496" 488 1.33883616055695 2.62809597008515 1.76615447310605
"497" 489 1.33904443514715 2.62947847292966 1.76667750084477
"498" 490 1.33927027809108 2.63083981080664 1.76719959710064
"499" 491 1.33947914656991 2.63219546086434 1.76772076542854
"500" 492 1.33969190264292 2.6336290542375 1.76824100936249
"501" 493 1.33990321163102 2.63494341004157 1.76876033241596
"502" 494 1.34010890706545 2.6362868370806 1.76927873808194
"503" 495 1.34031753939239 2.63777400634952 1.76979622983317
"504" 496 1.34052885430816 2.63927117787064 1.77031281112225
"505" 497 1.34073679708062 2.64052984112496 1.77082848538177
"506" 498 1.34094091386552 2.64184294088832 1.77134325602454
"507" 499 1.34114626861008 2.64312075724507 1.7718571264437
"508" 500 1.34134055221272 2.64439667815597 1.77237010001288
"509" 501 1.34153678336452 2.6458674671473 1.77288218008636
"510" 502 1.34175540082247 2.64716672626152 1.77339336999919
"511" 503 1.34194531889831 2.64861103947246 1.77390367306738
"512" 504 1.34214436415578 2.6501375941008 1.774413092588
"513" 505 1.34234875082316 2.65162167477943 1.77492163183938
"514" 506 1.34255911521262 2.65311182289849 1.77542929408119
"515" 507 1.3427683275398 2.65465066030914 1.77593608255465
"516" 508 1.34296615172962 2.65606098791544 1.77644200048263
"517" 509 1.34318609737089 2.65749544645489 1.7769470510698
"518" 510 1.34339651452695 2.65882879826101 1.77745123750272
"519" 511 1.34359510826926 2.66015542905305 1.77795456295007
"520" 512 1.34379443596332 2.66147891126457 1.77845703056273
"521" 513 1.34399957870251 2.6628956151146 1.77895864347395
"522" 514 1.3442068177258 2.6642595347913 1.77945940479938
"523" 515 1.34440575313684 2.66562101763666 1.77995931763733
"524" 516 1.34460948427065 2.6669525028977 1.78045838506887
"525" 517 1.34482800747188 2.66842788015216 1.78095661015789
"526" 518 1.34503770901062 2.66979088535817 1.78145399595128
"527" 519 1.34524192173922 2.6711782020147 1.78195054547911
"528" 520 1.34544204949154 2.67241916352503 1.78244626175461
"529" 521 1.34564070328975 2.67374477351546 1.78294114777446
"530" 522 1.34584765226864 2.67510039966821 1.78343520651879
"531" 523 1.34605295203638 2.67653571747233 1.78392844095137
"532" 524 1.34625546025436 2.67788901670361 1.78442085401972
"533" 525 1.34644697020023 2.67920656394066 1.78491244865519
"534" 526 1.34664382551431 2.68063479790838 1.78540322777314
"535" 527 1.34686002467392 2.68186417386928 1.78589319427298
"536" 528 1.34707514443872 2.6832039895938 1.7863823510384
"537" 529 1.34727169525881 2.68448160576492 1.78687070093739
"538" 530 1.34746061691377 2.68579680390734 1.78735824682236
"539" 531 1.34765482700039 2.6871121260162 1.7878449915303
"540" 532 1.34785035868445 2.68844429523672 1.78833093788287
"541" 533 1.34804058466735 2.68978947111908 1.78881608868652
"542" 534 1.34822185298347 2.69112768686816 1.78930044673256
"543" 535 1.34841137740868 2.6925081471124 1.78978401479734
"544" 536 1.34858698979176 2.69388079487203 1.79026679564229
"545" 537 1.3487821383937 2.6950820368582 1.79074879201409
"546" 538 1.3489649105147 2.69642988014567 1.79123000664469
"547" 539 1.34915300543933 2.69782058442929 1.79171044225155
"548" 540 1.34934057271943 2.69910835051667 1.79219010153757
"549" 541 1.34954251897993 2.70050587141494 1.79266898719135
"550" 542 1.34972447073197 2.70177653579275 1.79314710188724
"551" 543 1.34990127714836 2.70315216474373 1.79362444828538
"552" 544 1.35009368324149 2.70451457418346 1.79410102903189
"553" 545 1.35028506253199 2.70579629722496 1.79457684675892
"554" 546 1.35048071041074 2.70703292267817 1.79505190408475
"555" 547 1.35067634833349 2.70826054442813 1.79552620361395
"556" 548 1.35085147812488 2.70963039026451 1.79599974793739
"557" 549 1.35102411210689 2.71088050277984 1.79647253963233
"558" 550 1.35122629135174 2.712079705458 1.79694458126265
"559" 551 1.35141084135031 2.71343734476561 1.79741587537881
"560" 552 1.35161170002508 2.71474762302791 1.79788642451797
"561" 553 1.35179609219683 2.71599598419417 1.79835623120412
"562" 554 1.35197446484708 2.71715599256354 1.79882529794815
"563" 555 1.35217689832317 2.71834743496601 1.79929362724798
"564" 556 1.35236928254466 2.71959790433723 1.79976122158857
"565" 557 1.35255377007561 2.72100813675277 1.80022808344204
"566" 558 1.35272701894934 2.72229255974786 1.80069421526783
"567" 559 1.35290278753886 2.72371043954608 1.80115961951272
"568" 560 1.35308633429102 2.725060009238 1.80162429861091
"569" 561 1.35326464541755 2.72634234894834 1.80208825498411
"570" 562 1.35344192901803 2.72769921076225 1.80255149104169
"571" 563 1.3536224132365 2.72905691660835 1.80301400918068
"572" 564 1.35380788661515 2.73038779869684 1.80347581178595
"573" 565 1.35398019834817 2.73171706560494 1.80393690123016
"574" 566 1.35415224454946 2.73310068916477 1.80439727987395
"575" 567 1.35433639543574 2.7344492785322 1.80485695006603
"576" 568 1.35452030251502 2.73575524039504 1.80531591414315
"577" 569 1.35471084302752 2.73705578479627 1.80577417443034
"578" 570 1.35490067287826 2.73837986644514 1.80623173324086
"579" 571 1.35508691767517 2.73965355271854 1.80668859287629
"580" 572 1.35527332496262 2.74082675107369 1.80714475562671
"581" 573 1.35544797813504 2.74198019858205 1.80760022377068
"582" 574 1.35562873678738 2.74329704481353 1.80805499957533
"583" 575 1.35580238241588 2.744525790265 1.80850908529651
"584" 576 1.35598674986204 2.74571261939958 1.80896248317875
"585" 577 1.35616430848276 2.74689052125464 1.80941519545546
"586" 578 1.35635450752057 2.74808096843772 1.80986722434889
"587" 579 1.35654012382108 2.74931876398004 1.81031857207028
"588" 580 1.3567300148377 2.75058294668104 1.81076924081992
"589" 581 1.35691241174004 2.75185058324392 1.8112192327872
"590" 582 1.3570822971457 2.75311302624187 1.8116685501507
"591" 583 1.35727122375857 2.7543873182058 1.81211719507826
"592" 584 1.35744395237102 2.75567062230785 1.81256516972705
"593" 585 1.35762418971174 2.75689295968941 1.81301247624364
"594" 586 1.35781368987134 2.75814406414784 1.8134591167641
"595" 587 1.35798561956762 2.75939442249197 1.81390509341396
"596" 588 1.35816589920267 2.76064863543482 1.81435040830844
"597" 589 1.35836101049121 2.76186005952143 1.81479506355241
"598" 590 1.35852516685262 2.76304057509524 1.81523906124048
"599" 591 1.35871675732674 2.76439173326444 1.81568240345708
"600" 592 1.35889775387003 2.76563778660811 1.81612509227651
"601" 593 1.35907027175481 2.76687257803238 1.81656712976302
"602" 594 1.35924747535382 2.76803487823106 1.81700851797086
"603" 595 1.35941763932949 2.76912400064655 1.8174492589444
"604" 596 1.35957636349658 2.77021174195505 1.81788935471809
"605" 597 1.3597661398442 2.77149422603937 1.81832880731663
"606" 598 1.35994552122001 2.77277406280062 1.81876761875496
"607" 599 1.36011393278649 2.77389688709816 1.81920579103838
"608" 600 1.36028450825713 2.77514340913185 1.81964332616254
"609" 601 1.36046075924507 2.77638422301943 1.82008022611361
"610" 602 1.36063685962044 2.77767903330184 1.82051649286818
"611" 603 1.36081177680424 2.77886319789046 1.82095212839353
"612" 604 1.36099418498727 2.78004608066854 1.8213871346475
"613" 605 1.36118116854906 2.78123105881472 1.82182151357866
"614" 606 1.36136903135785 2.78249291967091 1.82225526712631
"615" 607 1.36154501319363 2.78369469902984 1.82268839722062
"616" 608 1.36170628465657 2.78505501391286 1.82312090578258
"617" 609 1.36189035237264 2.78620426944424 1.82355279472414
"618" 610 1.36205241021688 2.78745769184826 1.82398406594823
"619" 611 1.36221062599944 2.78876212751551 1.82441472134885
"620" 612 1.36238249433519 2.78998870332801 1.82484476281109
"621" 613 1.3625581949004 2.79117759752453 1.82527419221117
"622" 614 1.36272689687306 2.79235570312801 1.8257030114166
"623" 615 1.36290053478319 2.79354532566698 1.82613122228607
"624" 616 1.3630664320857 2.79475082758819 1.8265588266697
"625" 617 1.3632289130584 2.79589088020968 1.82698582640891
"626" 618 1.36338815167703 2.79705137263353 1.82741222333657
"627" 619 1.36356275828198 2.79821840508697 1.82783801927706
"628" 620 1.36373789365998 2.7993191961023 1.82826321604633
"629" 621 1.36390133993839 2.80052016368094 1.82868781545182
"630" 622 1.36405716182634 2.80172119670277 1.82911181929276
"631" 623 1.36421962608216 2.80291240145608 1.82953522935998
"632" 624 1.36438195833162 2.80417630307511 1.82995804743606
"633" 625 1.36454133374643 2.80550448757667 1.83038027529543
"634" 626 1.36470380773603 2.80662216166678 1.83080191470437
"635" 627 1.3648638920861 2.80780190713645 1.83122296742104
"636" 628 1.36502483150728 2.80914641189343 1.83164343519551
"637" 629 1.36519453601656 2.81037438759009 1.83206331976998
"638" 630 1.36536416085367 2.8115030788577 1.83248262287855
"639" 631 1.36553417579868 2.81267709430927 1.83290134624757
"640" 632 1.36569918165793 2.81383562709501 1.83331949159541
"641" 633 1.3658720488687 2.81491614982753 1.83373706063268
"642" 634 1.36603421110659 2.81599396923141 1.83415405506228
"643" 635 1.36619099183042 2.81712076533902 1.83457047657939
"644" 636 1.36634064681917 2.81835055767748 1.83498632687144
"645" 637 1.36650237265999 2.81958008318234 1.83540160761836
"646" 638 1.36668380839529 2.82074839075057 1.83581632049247
"647" 639 1.36684671537094 2.82185557623146 1.83623046715853
"648" 640 1.36700726963631 2.82304293805548 1.83664404927388
"649" 641 1.36717428098854 2.82437792742444 1.83705706848841
"650" 642 1.3673413846107 2.82553721820857 1.8374695264446
"651" 643 1.36751770605562 2.82677499782349 1.83788142477763
"652" 644 1.36767461449915 2.82789339998353 1.83829276511533
"653" 645 1.36782565774798 2.82897109094525 1.83870354907833
"654" 646 1.36797705598572 2.83019151948225 1.83911377828003
"655" 647 1.36817247896724 2.8315542437265 1.83952345432664
"656" 648 1.3683397344795 2.8327026563052 1.83993257881726
"657" 649 1.36850151488384 2.83379116065639 1.84034115334394
"658" 650 1.36866434678315 2.83487367449108 1.84074917949164
"659" 651 1.36883056928135 2.83595497125036 1.84115665883835
"660" 652 1.36898455899487 2.83702048618849 1.84156359295511
"661" 653 1.36913354417201 2.83813552128963 1.84196998340601
"662" 654 1.36928779723842 2.83930577997948 1.84237583174831
"663" 655 1.36944556970379 2.84053154725066 1.84278113953241
"664" 656 1.36962140728373 2.841761445694 1.84318590830193
"665" 657 1.36977420509778 2.84277278054452 1.84359013959372
"666" 658 1.36992265695794 2.8439029240427 1.84399383493794
"667" 659 1.37007280650689 2.84494657231111 1.84439699585807
"668" 660 1.37022445732632 2.84593166803742 1.84479962387092
"669" 661 1.37038620059244 2.84713541301654 1.84520172048677
"670" 662 1.37055013322329 2.8483307021629 1.84560328720929
"671" 663 1.37070005019698 2.84937791339843 1.84600432553568
"672" 664 1.3708463387719 2.8505423350076 1.84640483695658
"673" 665 1.37100001295354 2.85174316012818 1.84680482295625
"674" 666 1.3711493556958 2.85294275933942 1.84720428501257
"675" 667 1.37129676290103 2.85415180751626 1.84760322459698
"676" 668 1.37144942840063 2.85535418512682 1.84800164317464
"677" 669 1.37159928818846 2.85652253982318 1.84839954220437
"678" 670 1.37174604644223 2.8576804627893 1.84879692313879
"679" 671 1.37190660591442 2.85882215087628 1.84919378742426
"680" 672 1.37205774348834 2.85996265037701 1.84959013650096
"681" 673 1.3722065832788 2.86109480317905 1.84998597180292
"682" 674 1.37236028132777 2.86223058968876 1.85038129475805
"683" 675 1.37249851558582 2.86334443900862 1.85077610678821
"684" 676 1.37263659056831 2.8644065558119 1.85117040930918
"685" 677 1.37279207801185 2.86546752990476 1.85156420373072
"686" 678 1.37295300902797 2.86664847778837 1.85195749145667
"687" 679 1.37309518491537 2.867771243569 1.85235027388488
"688" 680 1.37324194595382 2.86878725522571 1.85274255240733
"689" 681 1.37339426123646 2.86993282729751 1.85313432841006
"690" 682 1.37354014792118 2.87115720992433 1.85352560327331
"691" 683 1.37368894878989 2.87239503113055 1.85391637837156
"692" 684 1.37384046126562 2.87352456934278 1.85430665507341
"693" 685 1.37398537542859 2.87464530901685 1.85469643474181
"694" 686 1.37413856140723 2.87576432840741 1.85508571873395
"695" 687 1.37427681031392 2.87687992534728 1.85547450840138
"696" 688 1.37444171715137 2.87793824169967 1.85586280508996
"697" 689 1.37458703645201 2.87905570738148 1.85625061013994
"698" 690 1.37472697705764 2.88019089809098 1.85663792488605
"699" 691 1.3748667072611 2.88135950479175 1.85702475065739
"700" 692 1.37501208997963 2.88248058881751 1.85741108877758
"701" 693 1.37516350787062 2.88373873243186 1.85779694056473
"702" 694 1.3753119210805 2.88499694398545 1.85818230733154
"703" 695 1.37547019533101 2.88617513041101 1.85856719038522
"704" 696 1.3756160200761 2.88734617896201 1.85895159102761
"705" 697 1.375767797432 2.888454308406 1.85933551055519
"706" 698 1.3759111643552 2.88947546953003 1.85971895025911
"707" 699 1.37606087262875 2.89054766438559 1.86010191142514
"708" 700 1.37619795835388 2.89180583480031 1.86048439533389
"709" 701 1.37633841457314 2.89282899017009 1.8608664032606
"710" 702 1.37649402058415 2.89405526636 1.86124793647539
"711" 703 1.3766419059361 2.89506032057168 1.86162899624311
"712" 704 1.37679039597804 2.89620359973109 1.86200958382348
"713" 705 1.37694755874213 2.8971936311172 1.86238970047112
"714" 706 1.37708687149405 2.89822027200005 1.86276934743545
"715" 707 1.3772321395695 2.89933103532344 1.86314852596091
"716" 708 1.37737886165087 2.90044742538838 1.86352723728684
"717" 709 1.37752644313067 2.90151752075995 1.86390548264751
"718" 710 1.37766665494505 2.90264328608649 1.86428326327233
"719" 711 1.3778052156874 2.90366392071358 1.86466058038561
"720" 712 1.37794203434946 2.90467131742772 1.86503743520674
"721" 713 1.37808446138488 2.905715122854 1.86541382895027
"722" 714 1.37823721068098 2.90677326577132 1.86578976282577
"723" 715 1.37837625629818 2.90788984226237 1.86616523803801
"724" 716 1.37851700265067 2.90899829785479 1.86654025578692
"725" 717 1.37866086408168 2.91010790292533 1.86691481726758
"726" 718 1.3788166653234 2.91124951744723 1.8672889236703
"727" 719 1.37895588695295 2.91248808202284 1.86766257618064
"728" 720 1.379087071065 2.91372554431352 1.86803577597945
"729" 721 1.37923226868878 2.91476868603396 1.86840852424288
"730" 722 1.37936883149825 2.91579270001749 1.86878082214231
"731" 723 1.37950095938311 2.91683940239789 1.86915267084456
"732" 724 1.37963855336088 2.91792735204276 1.86952407151177
"733" 725 1.37978464922187 2.91904099190869 1.8698950253015
"734" 726 1.37992370364548 2.92015057590609 1.8702655333667
"735" 727 1.38007138284763 2.92124857887644 1.87063559685578
"736" 728 1.38021215937265 2.92230614229448 1.87100521691264
"737" 729 1.38036090679792 2.92329989643416 1.87137439467661
"738" 730 1.38049265308174 2.92441908273085 1.87174313128257
"739" 731 1.38063792174499 2.92552384185685 1.87211142786097
"740" 732 1.38076739822686 2.92660148983947 1.87247928553774
"741" 733 1.38092472029655 2.92753727383686 1.87284670543449
"742" 734 1.38106321597924 2.92862628349001 1.87321368866836
"743" 735 1.38120129947847 2.92966735324721 1.87358023635218
"744" 736 1.38134309751543 2.9307775110514 1.87394634959439
"745" 737 1.38149096198741 2.93184969101276 1.87431202949912
"746" 738 1.381620905162 2.93297330974073 1.87467727716624
"747" 739 1.38175774499902 2.93408029539335 1.87504209369126
"748" 740 1.38189051137366 2.93509226234181 1.87540648016556
"749" 741 1.38202643990881 2.93617135963249 1.87577043767613
"750" 742 1.38216387688639 2.93719774154775 1.87613396730589
"751" 743 1.38229510664942 2.93815056373716 1.87649707013349
"752" 744 1.38242681930912 2.93931808998875 1.87685974723345
"753" 745 1.38255937375393 2.94048686046698 1.87722199967611
"754" 746 1.38270840945156 2.94156392958415 1.87758382852776
"755" 747 1.38284328790278 2.94263712785826 1.87794523485049
"756" 748 1.38296820377697 2.94372704297186 1.87830621970235
"757" 749 1.38309333937916 2.94487014954111 1.87866678413737
"758" 750 1.38323367030188 2.94586928586376 1.87902692920551
"759" 751 1.38337492496199 2.94694404324284 1.87938665595267
"760" 752 1.3835091666069 2.94805805028266 1.87974596542085
"761" 753 1.38363515037759 2.94923886732185 1.88010485864797
"762" 754 1.38376446326631 2.95028977377463 1.88046333666806
"763" 755 1.38389440359895 2.95128996902078 1.88082140051118
"764" 756 1.38402826781053 2.95228761674206 1.88117905120352
"765" 757 1.38415815585551 2.95334424217479 1.88153628976734
"766" 758 1.38428184759354 2.95432144467528 1.881893117221
"767" 759 1.38441058416555 2.955316534613 1.88224953457902
"768" 760 1.38455058469395 2.9564675273531 1.88260554285214
"769" 761 1.38470130872128 2.9574270052763 1.88296114304723
"770" 762 1.38484853577064 2.95839460113818 1.88331633616736
"771" 763 1.3849938010101 2.95933187798081 1.88367112321183
"772" 764 1.38513937697048 2.96035433634104 1.88402550517621
"773" 765 1.38526730666255 2.96136659071334 1.88437948305227
"774" 766 1.3854100993815 2.96234673461162 1.8847330578281
"775" 767 1.38554938895952 2.96332595195726 1.88508623048811
"776" 768 1.38567573268939 2.96435897188886 1.88543900201298
"777" 769 1.38580023211508 2.96545572346236 1.88579137337975
"778" 770 1.38592829444306 2.9665422825438 1.8861433455618
"779" 771 1.38606069006602 2.96759225357072 1.88649491952888
"780" 772 1.38619953894162 2.96860207661795 1.88684609624718
"781" 773 1.38633273904457 2.96967089973438 1.88719687667918
"782" 774 1.38646148687917 2.97074507289338 1.88754726178396
"783" 775 1.38659960748751 2.97177529180218 1.88789725251687
"784" 776 1.38673041150993 2.97276408780788 1.88824684982984
"785" 777 1.38685436035908 2.97375311819475 1.88859605467122
"786" 778 1.38698772967307 2.97480350462505 1.88894486798588
"787" 779 1.38712327542982 2.97585888577355 1.88929329071521
"788" 780 1.38726230853284 2.97695438415827 1.88964132379713
"789" 781 1.38738976489856 2.9780892600951 1.88998896816607
"790" 782 1.38752150199201 2.97920413547913 1.89033622475306
"791" 783 1.38765767119333 2.98022786544686 1.89068309448573
"792" 784 1.38780792800391 2.98129090952413 1.8910295782883
"793" 785 1.38794179032013 2.98246898814485 1.89137567708156
"794" 786 1.38806991997 2.98344084411672 1.89172139178299
"795" 787 1.3882151966283 2.98440571486707 1.89206672330671
"796" 788 1.38834195859087 2.98537514425054 1.89241167256345
"797" 789 1.38847669105563 2.98646284694029 1.89275624046075
"798" 790 1.38860274325916 2.98759152361337 1.89310042790268
"799" 791 1.38872826829073 2.98864870604661 1.89344423579017
"800" 792 1.38885135264349 2.98968515851727 1.89378766502079
"801" 793 1.38897499646565 2.99060424268825 1.89413071648893
"802" 794 1.38911011111544 2.99171171927327 1.89447339108566
"803" 795 1.38923670479292 2.9926685896703 1.8948156896989
"804" 796 1.38935876142627 2.99362458940316 1.89515761321333
"805" 797 1.38947840109006 2.99458076039953 1.89549916251047
"806" 798 1.38960123976112 2.99553542503157 1.89584033846862
"807" 799 1.38973313092927 2.99648738342996 1.89618114196294
"808" 800 1.38986525635366 2.99736930981913 1.89652157386545
"809" 801 1.38999689268232 2.9982820669603 1.89686163504507
"810" 802 1.39012311600402 2.99910097595146 1.89720132636755
"811" 803 1.39025968493509 3.00015199409394 1.8975406486956
"812" 804 1.39039220260604 3.00124146815567 1.89787960288878
"813" 805 1.39051576781898 3.00218971594876 1.89821818980365
"814" 806 1.390646707381 3.00317936262374 1.89855641029366
"815" 807 1.39077325979957 3.0043140848118 1.89889426520926
"816" 808 1.39090395440588 3.00534489173329 1.89923175539788
"817" 809 1.39103492198951 3.00630836053125 1.8995688817039
"818" 810 1.39116549727438 3.00726895072438 1.8999056449687
"819" 811 1.39128323166704 3.00830385124212 1.90024204603074
"820" 812 1.39142665593152 3.00935992148109 1.90057808572549
"821" 813 1.39155788945444 3.01041795193203 1.9009137648854
"822" 814 1.3916875485221 3.01147510628359 1.90124908434009
"823" 815 1.39181433218099 3.01252697539135 1.90158404491615
"824" 816 1.39193596229748 3.01344835635927 1.90191864743735
"825" 817 1.39206181034804 3.01430975703556 1.90225289272451
"826" 818 1.39219154777686 3.01536243236543 1.90258678159558
"827" 819 1.39232182856008 3.01630050751647 1.90292031486563
"828" 820 1.39244345017918 3.01735037297635 1.90325349334686
"829" 821 1.39256316647282 3.01842869874212 1.9035863178487
"830" 822 1.3926818329204 3.01950615549653 1.90391878917764
"831" 823 1.39280742509642 3.02040696890388 1.90425090813745
"832" 824 1.39293827283536 3.02158505982512 1.90458267552909
"833" 825 1.39305987219992 3.02275756033236 1.90491409215062
"834" 826 1.39318421088877 3.02381117828663 1.90524515879747
"835" 827 1.39330418568412 3.02486992732005 1.9055758762622
"836" 828 1.39343324976069 3.02589493304056 1.90590624533469
"837" 829 1.39356269066821 3.02684523048587 1.90623626680203
"838" 830 1.39368672730669 3.02782647056274 1.90656594144862
"839" 831 1.3938084368948 3.0288376441875 1.90689527005613
"840" 832 1.39392943945459 3.02976965696091 1.90722425340352
"841" 833 1.39404708353661 3.03075712476356 1.90755289226709
"842" 834 1.39417634858934 3.03175072837096 1.90788118742045
"843" 835 1.39429662567196 3.03272920854426 1.90820913963453
"844" 836 1.394412618962 3.0337559820641 1.90853674967768
"845" 837 1.39453255511382 3.03493819266772 1.90886401831551
"846" 838 1.39465115237767 3.03599673631892 1.90919094631105
"847" 839 1.39477195527799 3.03704153540207 1.90951753442478
"848" 840 1.39489118524484 3.0380835606675 1.90984378341449
"849" 841 1.39500613513073 3.03895384045612 1.91016969403541
"850" 842 1.39512654154263 3.03982064377326 1.9104952670402
"851" 843 1.39525311589467 3.04069320959919 1.91082050317894
"852" 844 1.39537855982391 3.04162787804886 1.91114540319915
"853" 845 1.39550714998774 3.04255603453397 1.91146996784587
"854" 846 1.3956334530832 3.04349500992784 1.9117941978615
"855" 847 1.39575249560067 3.04442884903389 1.91211809398605
"856" 848 1.39587502627884 3.04545680594798 1.91244165695693
"857" 849 1.39601191188241 3.04655368724612 1.91276488750905
"858" 850 1.39612850530154 3.04760324481267 1.91308778637489
"859" 851 1.39625601824118 3.0486745193724 1.91341035428446
"860" 852 1.39638495231862 3.04960937830997 1.91373259196524
"861" 853 1.39650767091348 3.05060238506773 1.91405450014232
"862" 854 1.39664274714058 3.05167407816617 1.91437607953831
"863" 855 1.3967628867297 3.05269353005398 1.91469733087345
"864" 856 1.396880598777 3.05375076543531 1.91501825486547
"865" 857 1.39699527957008 3.05480680053478 1.91533885222977
"866" 858 1.39712802693752 3.05582067647811 1.91565912367936
"867" 859 1.3972408585187 3.05681113007496 1.9159790699248
"868" 860 1.39735134643678 3.05776720781701 1.91629869167431
"869" 861 1.39746160233209 3.0586036479953 1.91661798963376
"870" 862 1.39758350489791 3.05954056041041 1.91693696450669
"871" 863 1.39770488876688 3.0605991665563 1.91725561699418
"872" 864 1.39782486913011 3.06152867589761 1.91757394779514
"873" 865 1.39794902609036 3.06248330341864 1.91789195760601
"874" 866 1.39805506428668 3.06348876296603 1.91820964712105
"875" 867 1.39817458075501 3.06450952165184 1.91852701703211
"876" 868 1.39829429332016 3.06556109428038 1.91884406802883
"877" 869 1.39840927047819 3.06661187236598 1.91916080079855
"878" 870 1.39853493455396 3.06759235934869 1.91947721602626
"879" 871 1.39864438713287 3.06862928483479 1.91979331439481
"880" 872 1.39875252160566 3.06966542322076 1.9201090965847
"881" 873 1.39886769867964 3.07062654229699 1.9204245632743
"882" 874 1.3989907389716 3.07148099213807 1.92073971513961
"883" 875 1.39910570557281 3.07240603149432 1.92105455285458
"884" 876 1.39922475365809 3.07344808779823 1.92136907709076
"885" 877 1.39934351259257 3.07433611584703 1.92168328851765
"886" 878 1.39946227665097 3.07532329780272 1.92199718780247
"887" 879 1.39958077694087 3.07634139627505 1.92231077561031
"888" 880 1.39969168084244 3.07745867605802 1.92262405260409
"889" 881 1.39979766937093 3.07857549725717 1.92293701944454
"890" 882 1.39990155684586 3.07957455802401 1.9232496767902
"891" 883 1.4000231713712 3.08051731163677 1.92356202529755
"892" 884 1.40013892314099 3.08149549588119 1.92387406562091
"893" 885 1.40026276841846 3.08249462535093 1.92418579841245
"894" 886 1.4003798328099 3.0834080531948 1.92449722432223
"895" 887 1.40049523999353 3.08438390634941 1.92480834399821
"896" 888 1.40061096140492 3.08531249475023 1.92511915808629
"897" 889 1.40072207805896 3.08622377541133 1.92542966723021
"898" 890 1.40083494393188 3.08719624381528 1.92573987207169
"899" 891 1.40094783091627 3.08804582955833 1.92604977325034
"900" 892 1.40105546636175 3.08886085136547 1.92635937140375
"901" 893 1.40116986508815 3.08978200063824 1.92666866716745
"902" 894 1.40128379100033 3.09074345896596 1.92697766117488
"903" 895 1.40139081443803 3.0917834397868 1.92728635405751
"904" 896 1.40150798011241 3.09264587323729 1.92759474644476
"905" 897 1.40161740943797 3.09349182360925 1.92790283896401
"906" 898 1.40172997049946 3.0944490102953 1.92821063224063
"907" 899 1.401847173311 3.09544887702572 1.9285181268981
"908" 900 1.40196377803735 3.09645197137624 1.92882532355774
"909" 901 1.40209542005528 3.09745455885766 1.929132222839
"910" 902 1.40220544277719 3.09845746107056 1.92943882535936
"911" 903 1.40230977638781 3.09930742771843 1.92974513173425
"912" 904 1.40242208764685 3.10026864513328 1.93005114257722
"913" 905 1.40253729325576 3.10129349444524 1.93035685849989
"914" 906 1.40264916428974 3.1023178037449 1.93066228011183
"915" 907 1.40276783382155 3.10331017213437 1.93096740802078
"916" 908 1.40287605288808 3.10421387054152 1.93127224283253
"917" 909 1.40298942167188 3.10505410480879 1.93157678515097
"918" 910 1.40310582423079 3.10585969224776 1.93188103557803
"919" 911 1.40321249829355 3.10671595042349 1.93218499471378
"920" 912 1.40331681482587 3.10767326803718 1.9324886631564
"921" 913 1.40343094044981 3.10862986957571 1.93279204150217
"922" 914 1.40354809367904 3.10949715189765 1.93309513034553
"923" 915 1.40365790958314 3.11032313542616 1.93339793027903
"924" 916 1.40376399644315 3.11113926411626 1.93370044189334
"925" 917 1.40388069479315 3.11195338653081 1.93400266577729
"926" 918 1.40400205405397 3.11276684460784 1.93430460251794
"927" 919 1.40411635248786 3.11357963961221 1.9346062527004
"928" 920 1.40423104738295 3.11439918540284 1.93490761690801
"929" 921 1.40434056785521 3.11530258584039 1.93520869572228
"930" 922 1.40444443906297 3.1162318733874 1.93550948972292
"931" 923 1.40455532576508 3.1172492910458 1.93580999948786
"932" 924 1.40465930542219 3.11820569242992 1.93611022559315
"933" 925 1.40476927449432 3.11920074053534 1.93641016861315
"934" 926 1.40486935081956 3.12004652219117 1.93670982912035
"935" 927 1.40497638725402 3.12090091400012 1.93700920768549
"936" 928 1.4050899385443 3.12175463742565 1.93730830487762
"937" 929 1.4052012362226 3.12261147499974 1.9376071212639
"938" 930 1.40530764212643 3.12355151583995 1.93790565740985
"939" 931 1.40542874380647 3.1244907470992 1.9382039138792
"940" 932 1.40553040959512 3.12542928803183 1.93850189123388
"941" 933 1.40564139869718 3.12636713988555 1.93879959003424
"942" 934 1.40575303583417 3.12724582946077 1.93909701083875
"943" 935 1.40586400273502 3.12807920065617 1.93939415420426
"944" 936 1.40597712410344 3.12891186306378 1.93969102068587
"945" 937 1.40609180428908 3.12975226939655 1.93998761083702
"946" 938 1.40619852134741 3.13059913210394 1.94028392520935
"947" 939 1.40629867511476 3.13147484381046 1.94057996435295
"948" 940 1.40640877638419 3.13244218346116 1.94087572881615
"949" 941 1.40650961422769 3.1332884074052 1.94117121914564
"950" 942 1.40661437390338 3.1341339791931 1.94146643588636
"951" 943 1.40671392083304 3.13505686400746 1.94176137958171
"952" 944 1.40682124080466 3.13608853066841 1.94205605077334
"953" 945 1.40693094744894 3.13712134240522 1.94235045000132
"954" 946 1.40704439614902 3.13815774246192 1.94264457780404
"955" 947 1.4071574773629 3.1391207940693 1.94293843471825
"956" 948 1.40726410896069 3.14000280142885 1.94323202127911
"957" 949 1.40737552598312 3.14088047017431 1.94352533802013
"958" 950 1.40748122526235 3.14175656608497 1.94381838547322
"959" 951 1.40759149823659 3.14263070894694 1.94411116416866
"960" 952 1.40770622630588 3.14350420029381 1.94440367463519
"961" 953 1.40782028288045 3.14437862422336 1.94469591739987
"962" 954 1.40793213527765 3.14531181198459 1.94498789298827
"963" 955 1.40804169695686 3.14619814802018 1.94527960192426
"964" 956 1.40815236811495 3.14711280772914 1.94557104473024
"965" 957 1.40825890565064 3.14801280534784 1.94586222192699
"966" 958 1.40836914616807 3.1489936397947 1.94615313403373
"967" 959 1.40847213303463 3.1499388135753 1.94644378156818
"968" 960 1.40857213674651 3.1507965119319 1.94673416504639
"969" 961 1.40867893428584 3.15167988519078 1.94702428498302
"970" 962 1.40877739458966 3.15266436505414 1.94731414189105
"971" 963 1.40887574909866 3.15367876039695 1.94760373628206
"972" 964 1.40897399803617 3.15464690062221 1.94789306866596
"973" 965 1.40907214162488 3.15548225266456 1.9481821395513
"974" 966 1.40917022895379 3.15638301812383 1.94847094944498
"975" 967 1.40927416050947 3.15731871202797 1.94875949885248
"976" 968 1.40937396448004 3.15825058873815 1.94904778827776
"977" 969 1.40946968753493 3.15906243507779 1.94933581822322
"978" 970 1.40958087887814 3.15989375952257 1.94962358918992
"979" 971 1.40967881664293 3.16088662206485 1.94991110167727
"980" 972 1.40977737465898 3.16187859528969 1.95019835618332
"981" 973 1.40988524873002 3.16275756414378 1.95048535320458
"982" 974 1.40998091383065 3.16352128229162 1.95077209323614
"983" 975 1.41007998690749 3.16445878260852 1.95105857677163
"984" 976 1.41018722498445 3.16527750536968 1.95134480430319
"985" 977 1.41028229964837 3.16608807509963 1.95163077632158
"986" 978 1.41037683021969 3.16691430736322 1.95191649331601
"987" 979 1.41048465633809 3.16779504589514 1.95220195577432
"988" 980 1.41059742238506 3.16869061081268 1.952487164183
"989" 981 1.41070755504745 3.16964260689333 1.95277211902694
"990" 982 1.4108134508076 3.17047756366278 1.95305682078974
"991" 983 1.41093142945572 3.1713971802866 1.95334126995355
"992" 984 1.41104661090114 3.17223100816686 1.95362546699908
"993" 985 1.41115839857055 3.1730515083066 1.95390941240574
"994" 986 1.41125643230568 3.17393623943393 1.9541931066514
"995" 987 1.41135436383876 3.17474011397077 1.95447655021266
"996" 988 1.41145219337972 3.1755444035773 1.95475974356468
"997" 989 1.41155028507761 3.17642368375328 1.95504268718121
"998" 990 1.41165278961752 3.17730256902981 1.9553253815347
"999" 991 1.41176146946448 3.17821694984992 1.95560782709618
"1000" 992 1.41186184998416 3.17902789636984 1.95589002433529
"1001" 993 1.41197192263138 3.17999756852287 1.95617197372039
"1002" 994 1.41207137125947 3.18080141210752 1.95645367571844
"1003" 995 1.41216988026842 3.18172036451779 1.95673513079504
"1004" 996 1.41226854977285 3.18257798733909 1.95701633941445
"1005" 997 1.41236881835848 3.18355421349308 1.95729730203961
"1006" 998 1.41247844281698 3.18453890834304 1.95757801913215
"1007" 999 1.41258305742012 3.18544134285375 1.95785849115231
"1008" 1000 1.41267401895459 3.18629978054769 1.95813871855907
