"T" "IC_low" "IC_up" "x_ML"
"1" 1.1 0.527801407996024 0.545061613603892 0.535195335057023
"2" 1.2 0.535151347766164 0.556478450779238 0.544272415277382
"3" 1.3 0.542048542118147 0.567072874089325 0.552740596727934
"4" 1.4 0.548567065114132 0.576990050048554 0.560683158703849
"5" 1.5 0.554750876065497 0.586294475509658 0.56816698822625
"6" 1.6 0.560626565231929 0.595071579524618 0.57524666392062
"7" 1.7 0.566225842414777 0.603407654107014 0.581967334828774
"8" 1.8 0.571564889849205 0.61131668159845 0.588366798764476
"9" 1.9 0.576681082605638 0.618867550160786 0.594477034298156
"10" 2 0.581555160132144 0.626124599441616 0.600325350827358
"11" 3 0.621946675290782 0.685992020908895 0.648374084111632
"12" 4 0.652082327164387 0.732381708159516 0.684507171097287
"13" 5 0.676171741937989 0.771388852249989 0.713762775839293
"14" 6 0.69624202449144 0.805551520083684 0.738494654255131
"15" 7 0.713488165721483 0.836387557684302 0.76000481622579
"16" 8 0.728541025885386 0.864474186725684 0.779093735474145
"17" 9 0.74192396157914 0.890523033486129 0.796290776353663
"18" 10 0.753994528572379 0.914842016470295 0.811965288173299
"19" 11 0.764936871139458 0.937787448473805 0.826385794958824
"20" 12 0.774962815691161 0.959651575532238 0.839753988897984
"21" 13 0.784270982370701 0.980432217826287 0.852225432269064
"22" 14 0.792882401030615 1.00005560394804 0.863922773957164
"23" 15 0.800916055470669 1.01910713465408 0.87494452126294
"24" 16 0.80834585605483 1.03750351813874 0.885371054400372
"25" 17 0.815390897096335 1.05513637073623 0.89526886624299
"26" 18 0.82208906703995 1.0720291599335 0.904693623204732
"27" 19 0.828387938041205 1.08846344805653 0.913692421457608
"28" 20 0.834395077556447 1.10435007329442 0.92230548068833
"29" 21 0.840089425080203 1.11994135666854 0.930567436365636
"30" 22 0.845546030094007 1.13492789095995 0.938508340035424
"31" 23 0.850808953851477 1.14964641191315 0.946154443721871
"32" 24 0.855845252482596 1.16390226070074 0.953528822279384
"33" 25 0.860666494938369 1.17785079196147 0.960651872451133
"34" 26 0.865314967815032 1.19132831278062 0.967541716957932
"35" 27 0.869767098024385 1.20455649354788 0.974214534606609
"36" 28 0.874040051981367 1.21729087247974 0.980684832170597
"37" 29 0.878201341237462 1.22990701039578 0.986965670003998
"38" 30 0.882187949454291 1.24225153195529 0.993068850569587
"39" 31 0.886070318040339 1.25454564370211 0.999005076997235
"40" 32 0.889806417676556 1.26652727434026 1.00478408724027
"41" 33 0.893410559586475 1.27834073799587 1.01041476822298
"42" 34 0.896907350351362 1.28983286693503 1.01590525347355
"43" 35 0.900395573645852 1.30117012359 1.02126300704258
"44" 36 0.90377159497388 1.31239197436392 1.0264948959669
"45" 37 0.906993947307989 1.32323720611822 1.03160725311396
"46" 38 0.91013879747975 1.33372061306265 1.03660593190709
"47" 39 0.913197504132414 1.34424446769771 1.04149635416467
"48" 40 0.916184107922939 1.35472395257945 1.04628355207254
"49" 41 0.919090782731718 1.36484267876879 1.05097220513663
"50" 42 0.921915316328896 1.37510977943924 1.05556667282289
"51" 43 0.924682590277566 1.38479338742557 1.0600710234778
"52" 44 0.92739761008847 1.39468766621042 1.06448906002911
"53" 45 0.93008294879383 1.40462401393123 1.06882434288997
"54" 46 0.932702014168499 1.41413711991662 1.07308021042538
"55" 47 0.935240571515414 1.42353001856794 1.07725979728764
"56" 48 0.937763898473613 1.43284774444811 1.08136605088277
"57" 49 0.940208712929131 1.44199334452937 1.08540174619319
"58" 50 0.942618917569613 1.45094863216965 1.08936949915069
"59" 51 0.94496568602317 1.45973767981713 1.09327177872745
"60" 52 0.947281290464829 1.46875380982765 1.0971109178905
"61" 53 0.949580585875945 1.47754386280331 1.10088912354617
"62" 54 0.951790866497669 1.48636288439191 1.10460848558478
"63" 55 0.953948228970526 1.49482633872207 1.10827098512209
"64" 56 0.956107833201774 1.50347485052483 1.11187850202196
"65" 57 0.958210700462438 1.51177156679212 1.11543282177459
"66" 58 0.960270400599934 1.5199622907115 1.11893564179589
"67" 59 0.962272146574401 1.52809005301251 1.12238857720565
"68" 60 0.964269826214545 1.53628227837811 1.12579316613571
"69" 61 0.966244912319077 1.54430128251696 1.12915087461356
"70" 62 0.968176111686398 1.55220398907834 1.13246310106173
"71" 63 0.970076232687769 1.56027614596748 1.13573118044866
"72" 64 0.971948508942278 1.5680684520062 1.13895638812341
"73" 65 0.973774581465073 1.57572988749987 1.14213994336258
"74" 66 0.975567788658539 1.58344607529367 1.14528301265527
"75" 67 0.977383070261408 1.59119171561933 1.14838671274897
"76" 68 0.97913357144678 1.59856957649869 1.15145211347713
"77" 69 0.980850778275776 1.60601563997917 1.15448024038707
"78" 70 0.982543904779321 1.61348134368598 1.15747207718483
"79" 71 0.984206748637522 1.62068153349069 1.16042856801233
"80" 72 0.985890839972027 1.62792057357204 1.16335061957041
"81" 73 0.987539403480713 1.63508120856209 1.1662391031002
"82" 74 0.989159246415746 1.64225183145423 1.16909485623407
"83" 75 0.990776898156335 1.64936215403335 1.17191868472636
"84" 76 0.992350932466247 1.65645394895241 1.17471136407329
"85" 77 0.993902380751022 1.66337527937629 1.17747364103032
"86" 78 0.995414692292147 1.67040901965726 1.1802062350349
"87" 79 0.996901197544735 1.67728651357512 1.18290983954145
"88" 80 0.998383227676806 1.68411657122279 1.1855851232752
"89" 81 0.999875450325119 1.69077445218599 1.18823273141062
"90" 82 1.00131181048859 1.69751859270538 1.1908532866799
"91" 83 1.00275513827813 1.7041902292745 1.19344739041653
"92" 84 1.00419749527642 1.71079252051444 1.19601562353827
"93" 85 1.00559113168983 1.71728362272334 1.19855854747404
"94" 86 1.00697832511649 1.7240019505033 1.20107670503817
"95" 87 1.00836547147782 1.73046597251506 1.20357062125596
"96" 88 1.00970460538429 1.73688984807529 1.20604080414343
"97" 89 1.01104510286926 1.74326383052677 1.20848774544458
"98" 90 1.01236072292992 1.74967310608409 1.21091192132877
"99" 91 1.01362894731446 1.75567432251935 1.21331379305077
"100" 92 1.01498218868751 1.76193255967154 1.21569380757602
"101" 93 1.01628535504539 1.76822118179916 1.21805239817312
"102" 94 1.01756450626824 1.77445205762447 1.22038998497571
"103" 95 1.01881258063995 1.78048194970336 1.22270697551556
"104" 96 1.02003890630493 1.78655665502863 1.22500376522871
"105" 97 1.0212633014217 1.79263254461157 1.22728073793622
"106" 98 1.02245944386606 1.79873867596639 1.22953826630104
"107" 99 1.02365490886454 1.8048634286171 1.23177671226249
"108" 100 1.02484896575112 1.81088349553525 1.23399642744964
"109" 101 1.02602505762494 1.81677858625444 1.23619775357473
"110" 102 1.02722340866015 1.82263334637257 1.23838102280788
"111" 103 1.02837778551396 1.82838052271094 1.24054655813417
"112" 104 1.02951432870886 1.83414939114866 1.24269467369394
"113" 105 1.03067489656332 1.83979149591252 1.24482567510741
"114" 106 1.03178023419211 1.84565067309676 1.24693985978439
"115" 107 1.03289679549604 1.85136110751672 1.24903751721996
"116" 108 1.03398963872474 1.85693027209767 1.25111892927681
"117" 109 1.03507091006273 1.86249912698513 1.25318437045499
"118" 110 1.03619173826631 1.8681187077414 1.25523410814982
"119" 111 1.03726474389566 1.87378548238203 1.2572684028984
"120" 112 1.03832473433983 1.87941953356338 1.25928750861556
"121" 113 1.03936339400384 1.88498063953116 1.26129167281953
"122" 114 1.04040414691558 1.8905438053463 1.26328113684812
"123" 115 1.04143323926462 1.89613913266392 1.26525613606567
"124" 116 1.04247615084109 1.90179708420706 1.26721690006141
"125" 117 1.04348788151735 1.90730530313744 1.26916365283955
"126" 118 1.04446781947003 1.91274679798629 1.27109661300153
"127" 119 1.04545482370136 1.9179646650714 1.27301599392091
"128" 120 1.04643639334768 1.92320102731192 1.27492200391107
"129" 121 1.04742358264335 1.92853506068477 1.27681484638628
"130" 122 1.04835906395017 1.93401177951642 1.2786947200163
"131" 123 1.04933410348402 1.93923639723551 1.2805618188749
"132" 124 1.05032980786597 1.94439966995736 1.28241633258259
"133" 125 1.0512947393911 1.94954751472537 1.28425844644373
"134" 126 1.05223407764515 1.95480256423576 1.28608834157847
"135" 127 1.05319326679844 1.95978614265367 1.28790619504951
"136" 128 1.05406915672387 1.96480752819051 1.28971217998418
"137" 129 1.05499803536147 1.96988772329082 1.29150646569186
"138" 130 1.05592491721835 1.97508125088358 1.29328921777704
"139" 131 1.05682263262073 1.98012194085065 1.29506059824814
"140" 132 1.05771611465131 1.98518547084311 1.29682076562241
"141" 133 1.05861666342059 1.99003509639468 1.29856987502695
"142" 134 1.05949210616892 1.99516797817773 1.30030807829607
"143" 135 1.06033362835948 2.00012050121987 1.30203552406516
"144" 136 1.06122422832609 2.00489246637699 1.30375235786125
"145" 137 1.0620913884638 2.00974009496476 1.30545872219027
"146" 138 1.06295769563233 2.01459564473408 1.30715475662134
"147" 139 1.06384586075163 2.01944021092348 1.30884059786804
"148" 140 1.06467434750022 2.02425747196284 1.31051637986694
"149" 141 1.06552520293286 2.0290072731252 1.31218223385333
"150" 142 1.06637363627055 2.03388086137444 1.31383828843446
"151" 143 1.06724428013176 2.0387678602825 1.31548466966026
"152" 144 1.06806571238431 2.04359857968086 1.3171215010916
"153" 145 1.06888138014843 2.04847021423155 1.31874890386642
"154" 146 1.06968892037708 2.05323874994459 1.32036699676354
"155" 147 1.07051226221339 2.05775457991922 1.32197589626438
"156" 148 1.07129888305798 2.06230183074515 1.32357571661273
"157" 149 1.07210818693178 2.06695610659178 1.32516656987247
"158" 150 1.07290517495378 2.0718259046424 1.32674856598352
"159" 151 1.07369126623299 2.076335566571 1.32832181281593
"160" 152 1.07444407180246 2.08098006462387 1.32988641622227
"161" 153 1.07525426956753 2.08571085325477 1.33144248008832
"162" 154 1.07603830454505 2.09036140334676 1.33299010638227
"163" 155 1.07677603225074 2.09494577251041 1.33452939520222
"164" 156 1.07752045070599 2.09953805863107 1.33606044482234
"165" 157 1.0782836194815 2.10416221960346 1.33758335173754
"166" 158 1.0790385111614 2.10868109384763 1.3390982107068
"167" 159 1.07978591344168 2.11326092583193 1.34060511479514
"168" 160 1.08054750849428 2.11781178528747 1.34210415541432
"169" 161 1.08126320175085 2.12240990194791 1.34359542236237
"170" 162 1.08198624761995 2.12689353034715 1.3450790038619
"171" 163 1.08273165567444 2.1311789510045 1.34655498659724
"172" 164 1.08347557433239 2.13566763659402 1.34802345575053
"173" 165 1.08417086583937 2.14016125438461 1.34948449503671
"174" 166 1.08489152976842 2.14462814449363 1.35093818673755
"175" 167 1.08563122697998 2.14896688666209 1.35238461173461
"176" 168 1.08631248471978 2.15324788910734 1.3538238495413
"177" 169 1.08701684715471 2.15752242179342 1.35525597833403
"178" 170 1.08769959780782 2.16188471585056 1.35668107498242
"179" 171 1.08839542705009 2.16614516528905 1.35809921507872
"180" 172 1.08910877808206 2.17064123389251 1.35951047296631
"181" 173 1.0898175743742 2.17493202205327 1.3609149217675
"182" 174 1.09050911438472 2.1790953656965 1.36231263341054
"183" 175 1.09119234676046 2.18326760533699 1.36370367865576
"184" 176 1.09185923487223 2.18746722932734 1.36508812712116
"185" 177 1.09254100036621 2.19161264553334 1.36646604730722
"186" 178 1.09321985677051 2.19568410909604 1.36783750662099
"187" 179 1.09393096345599 2.19977768680667 1.36920257139961
"188" 180 1.09461087042534 2.20408912837903 1.37056130693316
"189" 181 1.09526462855325 2.20826322566441 1.37191377748688
"190" 182 1.09588857562977 2.21231597338163 1.37326004632285
"191" 183 1.09655240543783 2.21643957407107 1.37460017572101
"192" 184 1.09721164123202 2.22059199277796 1.37593422699973
"193" 185 1.09788019907938 2.22491903669186 1.37726226053577
"194" 186 1.0985385287596 2.22909956797945 1.37858433578374
"195" 187 1.09918490966084 2.23311639126695 1.37990051129505
"196" 188 1.09981100643583 2.23712589889186 1.38121084473638
"197" 189 1.10044504510716 2.24118481621101 1.3825153929077
"198" 190 1.1010777827314 2.24514989381607 1.38381421175975
"199" 191 1.10171636124345 2.24904928236617 1.38510735641119
"200" 192 1.10234578619511 2.25309666332256 1.38639488116518
"201" 193 1.10295070781156 2.25704514064441 1.38767683952572
"202" 194 1.10357971798533 2.26101341244082 1.3889532842134
"203" 195 1.10422370587145 2.264970517621 1.39022426718088
"204" 196 1.10483933281376 2.26905736840682 1.39148983962794
"205" 197 1.10543658873523 2.27308332734886 1.39275005201616
"206" 198 1.1060357569307 2.27705370575281 1.39400495408327
"207" 199 1.10663637819858 2.2810380166416 1.39525459485711
"208" 200 1.10723514234133 2.28489954950869 1.39649902266927
"209" 201 1.10783607661357 2.28884011138633 1.39773828516842
"210" 202 1.10844248442022 2.29259378466765 1.39897242933329
"211" 203 1.10903288947886 2.2963532851392 1.40020150148534
"212" 204 1.1096330770387 2.30016863993884 1.40142554730118
"213" 205 1.1102614353142 2.30385479773845 1.40264461182461
"214" 206 1.11085737917324 2.30782915605656 1.40385873947847
"215" 207 1.11140244870443 2.31166605042175 1.40506797407612
"216" 208 1.11198056754872 2.31558401594533 1.40627235883276
"217" 209 1.11254457321826 2.31940432284348 1.40747193637636
"218" 210 1.11311850592429 2.32314233583296 1.40866674875846
"219" 211 1.11366441721593 2.32678578131247 1.40985683746465
"220" 212 1.11422824130572 2.33051867374574 1.4110422434248
"221" 213 1.11480676864253 2.33439401336642 1.41222300702314
"222" 214 1.11538219853499 2.33820936896188 1.413399168108
"223" 215 1.11595644428699 2.34199683988728 1.41457076600143
"224" 216 1.11653373310536 2.34576582514345 1.41573783950853
"225" 217 1.1170627022156 2.34954217673273 1.41690042692663
"226" 218 1.11759073371851 2.35329632599672 1.41805856605424
"227" 219 1.11812988175709 2.35696110137725 1.41921229419976
"228" 220 1.11866227617864 2.36066960651435 1.4203616481901
"229" 221 1.11919747589687 2.36428231833244 1.42150666437897
"230" 222 1.11975174011979 2.36811741112654 1.4226473786552
"231" 223 1.12028627413676 2.37190928905892 1.42378382645057
"232" 224 1.12081645492604 2.37557277940977 1.42491604274784
"233" 225 1.12133891475248 2.37928616543495 1.42604406208825
"234" 226 1.12183665682919 2.38300511744407 1.42716791857914
"235" 227 1.12235374902643 2.38674443448434 1.42828764590124
"236" 228 1.12288440709532 2.39045406799237 1.42940327731588
"237" 229 1.12342796671897 2.39432623544252 1.43051484567201
"238" 230 1.12396957632122 2.3978990769344 1.43162238341309
"239" 231 1.12445146540043 2.40159233396964 1.43272592258385
"240" 232 1.12494905000553 2.4053449704589 1.43382549483687
"241" 233 1.12545009201347 2.40903410255118 1.43492113143906
"242" 234 1.12594866907986 2.41270378664438 1.43601286327799
"243" 235 1.12641604401585 2.41610202273094 1.43710072086809
"244" 236 1.12691359908998 2.41962352009657 1.43818473435672
"245" 237 1.12740965437356 2.4230813626199 1.43926493353013
"246" 238 1.12790544175644 2.42666708630933 1.44034134781926
"247" 239 1.12841136028647 2.43009805835334 1.44141400630549
"248" 240 1.12891509825261 2.43368573884508 1.44248293772619
"249" 241 1.12940437974105 2.43710847987499 1.44354817048027
"250" 242 1.12987731301316 2.44073640633032 1.44460973263348
"251" 243 1.13034860761188 2.44434825089525 1.44566765192371
"252" 244 1.13081256061404 2.44780331130501 1.44672195576617
"253" 245 1.13129286703296 2.45135262363301 1.4477726712584
"254" 246 1.13175118701723 2.45478221395063 1.44881982518526
"255" 247 1.13223593948421 2.45821358838937 1.4498634440238
"256" 248 1.13272564870932 2.46174968876265 1.45090355394804
"257" 249 1.13320701699389 2.46538791902426 1.45194018083357
"258" 250 1.13364450083714 2.46889488492545 1.45297335026223
"259" 251 1.13413178171605 2.47225899397799 1.45400308752655
"260" 252 1.13458409146631 2.47555878861607 1.45502941763413
"261" 253 1.13506611000201 2.47895287235656 1.45605236531208
"262" 254 1.13555048211752 2.48232248074628 1.45707195501114
"263" 255 1.13602393870371 2.48573697202273 1.4580882109099
"264" 256 1.13650629563763 2.48914599121364 1.45910115691886
"265" 257 1.13697509390682 2.49250289568887 1.46011081668448
"266" 258 1.13744476219734 2.49591810637038 1.46111721359305
"267" 259 1.13791262961579 2.49929748354914 1.46212037077459
"268" 260 1.13834996912725 2.50264897554607 1.46312031110665
"269" 261 1.13880634115239 2.50606512292533 1.46411705721793
"270" 262 1.13925398015061 2.50939441816996 1.46511063149207
"271" 263 1.13972447665461 2.51267499689424 1.46610105607112
"272" 264 1.1401657752264 2.51587773707482 1.46708835285907
"273" 265 1.14059556260067 2.51907002249636 1.46807254352536
"274" 266 1.14105737126176 2.52232148826081 1.4690536495082
"275" 267 1.14148318897642 2.52554913964881 1.47003169201793
"276" 268 1.14190800144109 2.52882939664859 1.47100669204027
"277" 269 1.14232806744273 2.53193154587622 1.47197867033954
"278" 270 1.14276805261156 2.53518501935229 1.47294764746179
"279" 271 1.14322465690049 2.53847917231062 1.47391364373791
"280" 272 1.14364482352443 2.54183231914093 1.47487667928668
"281" 273 1.14408961962243 2.54508575145167 1.47583677401771
"282" 274 1.14455908978761 2.54833168814927 1.47679394763441
"283" 275 1.1449938683434 2.5514922111166 1.47774821963685
"284" 276 1.14539627962814 2.55477067269527 1.47869960932461
"285" 277 1.14579707334123 2.55787765799269 1.47964813579952
"286" 278 1.14623213162031 2.56077281738061 1.48059381796846
"287" 279 1.14665703667431 2.56406115796575 1.48153667454595
"288" 280 1.14708699967731 2.56744911089242 1.48247672405687
"289" 281 1.14751567327295 2.57082538006729 1.48341398483901
"290" 282 1.14791837641755 2.57418850186191 1.48434847504564
"291" 283 1.14833357053583 2.57736711393847 1.48528021264797
"292" 284 1.14874603993707 2.58036546188602 1.48620921543766
"293" 285 1.14917264459645 2.58342694722232 1.48713550102923
"294" 286 1.14957972512128 2.58670159820855 1.48805908686243
"295" 287 1.14997516826629 2.58977242376487 1.48897999020455
"296" 288 1.15039273986214 2.59286062091736 1.48989822815277
"297" 289 1.15078756322095 2.59576360935278 1.4908138176364
"298" 290 1.15119419700554 2.59874014936212 1.49172677541909
"299" 291 1.15160791733863 2.60176124086085 1.49263711810102
"300" 292 1.15203020298513 2.60508488743997 1.49354486212107
"301" 293 1.15243986428264 2.60824792237402 1.49445002375889
"302" 294 1.15286359596895 2.61141607204941 1.49535261913706
"303" 295 1.15327300906493 2.6145735632063 1.49625266422303
"304" 296 1.15364763404069 2.61760974895544 1.49715017483121
"305" 297 1.15404300736015 2.62068340110014 1.49804516662492
"306" 298 1.15445159557759 2.62371926083353 1.49893765511833
"307" 299 1.1548469232668 2.62671136003285 1.49982765567841
"308" 300 1.15525242970113 2.62970951567739 1.50071518352675
"309" 301 1.1556354222008 2.63270345524706 1.50160025374148
"310" 302 1.15603478257949 2.63578246900519 1.50248288125908
"311" 303 1.1564203499712 2.63897794912753 1.50336308087612
"312" 304 1.15681597755437 2.64208766103631 1.5042408672511
"313" 305 1.15719958284519 2.64523617557329 1.50511625490615
"314" 306 1.15757539749942 2.64843153717372 1.50598925822874
"315" 307 1.1579690824812 2.65148948428633 1.50685989147339
"316" 308 1.15833832294925 2.65458351581809 1.50772816876327
"317" 309 1.15872922211316 2.65749509643421 1.50859410409192
"318" 310 1.15908647280699 2.66037966587588 1.50945771132478
"319" 311 1.159464870866 2.66345859951339 1.5103190042008
"320" 312 1.15984763482843 2.66666405711999 1.51117799633399
"321" 313 1.16019072682773 2.66970316081498 1.51203470121495
"322" 314 1.16056335733543 2.67278853049452 1.51288913221242
"323" 315 1.16094594896771 2.67575828710419 1.51374130257469
"324" 316 1.16130494689258 2.67875626054647 1.5145912254311
"325" 317 1.16169980710674 2.68171143667177 1.51543891379354
"326" 318 1.1620572922764 2.68471220987805 1.51628438055776
"327" 319 1.16241961985804 2.68758642245902 1.51712763850482
"328" 320 1.16275499400613 2.69053105547387 1.5179687003025
"329" 321 1.16315827744705 2.69370446744607 1.51880757850659
"330" 322 1.16353918686111 2.69671739299749 1.51964428556228
"331" 323 1.16390032794425 2.69956833291048 1.52047883380542
"332" 324 1.16424848828245 2.7025551596277 1.52131123546386
"333" 325 1.16460822997781 2.7055497048016 1.52214150265872
"334" 326 1.16496274373225 2.70839340602979 1.52296964740563
"335" 327 1.16530191716806 2.71145602015467 1.52379568161596
"336" 328 1.16567197318366 2.71456348760515 1.52461961709809
"337" 329 1.16602979875287 2.71742046646207 1.52544146555856
"338" 330 1.16638165664948 2.72045310786971 1.52626123860326
"339" 331 1.16674261323439 2.72342549952243 1.52707894773864
"340" 332 1.16708476241681 2.72632910073322 1.52789460437279
"341" 333 1.16743650143987 2.72897517879721 1.52870821981665
"342" 334 1.16777464625256 2.73190767240638 1.52951980528508
"343" 335 1.16811246885959 2.73463655589962 1.53032937189794
"344" 336 1.16846527811356 2.73767149504081 1.53113693068127
"345" 337 1.16879076082814 2.74063788055959 1.53194249256823
"346" 338 1.16913495113432 2.74341012232569 1.53274606840026
"347" 339 1.16950581259698 2.74623759432283 1.53354766892806
"348" 340 1.1698508512396 2.74910525571273 1.53434730481265
"349" 341 1.17018058215112 2.75198044964824 1.53514498662632
"350" 342 1.17050568554483 2.75471636934066 1.53594072485374
"351" 343 1.17085320896065 2.75760242551765 1.53673452989279
"352" 344 1.17119364131202 2.76046116310238 1.53752641205565
"353" 345 1.17154990345374 2.76336787364291 1.53831638156972
"354" 346 1.17188324888709 2.76640798394188 1.53910444857855
"355" 347 1.17222340855711 2.76930634913412 1.5398906231427
"356" 348 1.17256771590831 2.77214808709999 1.54067491524083
"357" 349 1.17292139493488 2.77481060518993 1.5414573347704
"358" 350 1.17327207906324 2.77775243873685 1.54223789154872
"359" 351 1.17362055606383 2.78045993570481 1.54301659531375
"360" 352 1.17398173538616 2.78324448055647 1.54379345572492
"361" 353 1.17432556117967 2.78591580872808 1.54456848236414
"362" 354 1.17465185339643 2.78874954235908 1.54534168473645
"363" 355 1.17502032294658 2.79147575744318 1.54611307227099
"364" 356 1.17535306237016 2.79439282902513 1.54688265432175
"365" 357 1.17570033606623 2.79715054308229 1.54765044016843
"366" 358 1.17603876855657 2.79999176924806 1.54841643901717
"367" 359 1.17635153415374 2.80274971484108 1.54918066000138
"368" 360 1.17669197296099 2.80561680956384 1.5499431121825
"369" 361 1.17699998335908 2.80822867974261 1.5507038045508
"370" 362 1.17729365636552 2.81100351089123 1.5514627460261
"371" 363 1.17763468384645 2.81380293819065 1.55221994545849
"372" 364 1.17796039866206 2.81653485334649 1.55297541162911
"373" 365 1.17829492697982 2.81935547090898 1.55372915325088
"374" 366 1.17861812322616 2.82213575638783 1.55448117896921
"375" 367 1.17895724269427 2.82470613989226 1.55523149736263
"376" 368 1.17925385665637 2.82730479873929 1.55598011694361
"377" 369 1.17957607697791 2.82984183875344 1.55672704615915
"378" 370 1.17988894206656 2.83240068634077 1.55747229339154
"379" 371 1.18021623081807 2.83515882578204 1.55821586695895
"380" 372 1.1805206311895 2.83784209714613 1.55895777511612
"381" 373 1.18083380526173 2.84044425282119 1.55969802605508
"382" 374 1.1811316265243 2.84317069455958 1.56043662790563
"383" 375 1.18145661280343 2.84588666114305 1.56117358873619
"384" 376 1.18178881958186 2.84847776291487 1.56190891655426
"385" 377 1.18210438625517 2.85115891811905 1.56264261930711
"386" 378 1.18240048994345 2.85386268854399 1.56337470488235
"387" 379 1.18272492254753 2.85630487782533 1.56410518110863
"388" 380 1.18305437555045 2.85893879376954 1.56483405575609
"389" 381 1.18336624440476 2.86165519893014 1.56556133653709
"390" 382 1.18368030295313 2.86420442599096 1.56628703110669
"391" 383 1.18398098195233 2.86697477577961 1.56701114706329
"392" 384 1.18428414526429 2.86960573904984 1.56773369194914
"393" 385 1.18458675313174 2.87233119830656 1.56845467325095
"394" 386 1.18489248506798 2.87495911588073 1.56917409840041
"395" 387 1.18521523016736 2.87749585332688 1.56989197477478
"396" 388 1.18553255859635 2.88019923269447 1.57060830969732
"397" 389 1.18584332153291 2.8826874974293 1.57132311043797
"398" 390 1.18613571870505 2.88535758386773 1.57203638421377
"399" 391 1.18645464817164 2.88786222400102 1.5727481381894
"400" 392 1.18675512857446 2.8905828299094 1.57345837947775
"401" 393 1.18706132199372 2.89322011068905 1.57416711514032
"402" 394 1.18736713082645 2.89595615141686 1.57487435218784
"403" 395 1.18767851148758 2.89865327809345 1.57558009758063
"404" 396 1.18798697610672 2.9011900440868 1.57628435822923
"405" 397 1.1882645426501 2.9038344819807 1.57698714099481
"406" 398 1.18854433360399 2.90643208584808 1.57768845268958
"407" 399 1.18883354381554 2.90901606396855 1.57838830007741
"408" 400 1.18912194424415 2.9115505859751 1.57908668987417
"409" 401 1.18940828113284 2.91408659416816 1.57978362874824
"410" 402 1.18970325221957 2.91659559250721 1.58047912332096
"411" 403 1.19001975046886 2.91914287606018 1.58117318016708
"412" 404 1.19032943373484 2.9216243367592 1.58186580581519
"413" 405 1.19061681558443 2.92398611432407 1.58255700674816
"414" 406 1.19090135103358 2.92660755516075 1.58324678940359
"415" 407 1.19120056162924 2.92911075076628 1.58393516017419
"416" 408 1.19150428429818 2.93163500557948 1.58462212540831
"417" 409 1.19178436393319 2.93409829389089 1.58530769141018
"418" 410 1.1920906894953 2.93657147490528 1.58599186444049
"419" 411 1.19237064073519 2.93898253451538 1.58667465071675
"420" 412 1.19264815860829 2.94140240558511 1.5873560564136
"421" 413 1.19295509741782 2.94384145127182 1.58803608766334
"422" 414 1.19326027195317 2.94647450588291 1.58871475055624
"423" 415 1.19353699269829 2.94917362901354 1.58939205114097
"424" 416 1.19382421174464 2.95165007322254 1.59006799542495
"425" 417 1.19411188386953 2.95412405475865 1.59074258937473
"426" 418 1.19440116291088 2.95664397413341 1.59141583891643
"427" 419 1.1946539109328 2.95920833917398 1.59208774993604
"428" 420 1.19496781634176 2.96176218953266 1.59275832827976
"429" 421 1.19527156830139 2.96431239671725 1.5934275797545
"430" 422 1.19554123526598 2.96677256623664 1.59409551012806
"431" 423 1.19582985713052 2.96930375349521 1.59476212512965
"432" 424 1.196130792895 2.97173923884639 1.5954274304501
"433" 425 1.19640219303457 2.97432471502678 1.59609143174228
"434" 426 1.19669431429305 2.97659360810047 1.59675413462149
"435" 427 1.19696349182341 2.97901950869902 1.59741554466565
"436" 428 1.1972549359356 2.98161646107372 1.59807566741579
"437" 429 1.19752780896201 2.98391292782399 1.59873450837627
"438" 430 1.19780852792614 2.98638421330925 1.59939207301518
"439" 431 1.19807283594026 2.98886182260012 1.60004836676462
"440" 432 1.198336264726 2.99133832437162 1.60070339502103
"441" 433 1.19863079110514 2.99382180812093 1.60135716314551
"442" 434 1.1989198503464 2.99628334372572 1.60200967646414
"443" 435 1.19919432478217 2.99867282996102 1.60266094026828
"444" 436 1.19947398984251 3.0010817124252 1.60331095981487
"445" 437 1.19974446245852 3.00349528093206 1.60395974032673
"446" 438 1.20001469303172 3.00590544992345 1.60460728699286
"447" 439 1.20028926254033 3.00840158755926 1.6052536049688
"448" 440 1.20055059234357 3.01070240457671 1.6058986993768
"449" 441 1.20080821435676 3.01303046578447 1.60654257530619
"450" 442 1.20106224906992 3.01541029299262 1.60718523781367
"451" 443 1.20134242307087 3.01776618653978 1.60782669192354
"452" 444 1.20162038975783 3.02006712555187 1.60846694262803
"453" 445 1.20189247198516 3.02250213992889 1.60910599488759
"454" 446 1.20215489449049 3.0248966637752 1.60974385363109
"455" 447 1.20242252731778 3.02726420454175 1.61038052375612
"456" 448 1.20268982059326 3.02964748358919 1.61101601012931
"457" 449 1.20297448152569 3.0321068436831 1.61165031758655
"458" 450 1.20323094569584 3.0344065031505 1.61228345093325
"459" 451 1.20350504103354 3.03677419186729 1.6129154149446
"460" 452 1.2037818083006 3.03925418996176 1.61354621436585
"461" 453 1.20406430305374 3.04164511589779 1.61417585391253
"462" 454 1.20433063854129 3.04410183053391 1.61480433827071
"463" 455 1.20457728516374 3.04640450047943 1.6154316720973
"464" 456 1.20484805802146 3.04883510818167 1.61605786002022
"465" 457 1.20509598877518 3.05118896424417 1.61668290663868
"466" 458 1.2053880727102 3.05346835581247 1.61730681652342
"467" 459 1.20564188648873 3.05585896825616 1.61792959421691
"468" 460 1.20589155015725 3.05833092231453 1.61855124423369
"469" 461 1.20616390194667 3.06074599088159 1.61917177106049
"470" 462 1.20641757070343 3.0632389034127 1.61979117915648
"471" 463 1.20668468581241 3.06548831754696 1.62040947295358
"472" 464 1.2069572810858 3.06782444563841 1.62102665685658
"473" 465 1.20720993480321 3.07015127426231 1.62164273524343
"474" 466 1.20744016216083 3.07251796013165 1.62225771246545
"475" 467 1.20771454608718 3.07492243287295 1.6228715928475
"476" 468 1.20795351693364 3.07722718564652 1.62348438068828
"477" 469 1.20818491670797 3.07957450422736 1.6240960802605
"478" 470 1.20845065233063 3.08191143290094 1.62470669581107
"479" 471 1.20871507057619 3.08423714245035 1.62531623156134
"480" 472 1.20897331284913 3.08629118581804 1.62592469170732
"481" 473 1.20922634071871 3.0884678859599 1.62653208041984
"482" 474 1.209464710647 3.09081511599514 1.62713840184482
"483" 475 1.20971112962519 3.09322183988824 1.62774366010338
"484" 476 1.20995310734445 3.0956592405178 1.62834785929214
"485" 477 1.21018546389458 3.09806567075911 1.62895100348334
"486" 478 1.21045242645868 3.10040100246154 1.62955309672508
"487" 479 1.2106809131491 3.10266019061945 1.63015414304146
"488" 480 1.21095585258968 3.10508568979698 1.6307541464329
"489" 481 1.21120194535986 3.10742982523406 1.63135311087613
"490" 482 1.21144895475491 3.1096206812042 1.63195104032456
"491" 483 1.21171166814146 3.11188534690217 1.63254793870836
"492" 484 1.21194194404786 3.1139728450587 1.63314380993471
"493" 485 1.21217683688922 3.11614524651799 1.6337386578879
"494" 486 1.21241719101407 3.11849567559798 1.63433248642958
"495" 487 1.21263939890462 3.12087900861843 1.63492529939896
"496" 488 1.21286828580864 3.12318713605422 1.63551710061288
"497" 489 1.2131143324172 3.12559771563842 1.63610789386607
"498" 490 1.21334086376404 3.12787509129709 1.63669768293135
"499" 491 1.21358682926446 3.13006886819911 1.63728647155966
"500" 492 1.21386647214527 3.13226728544471 1.63787426348042
"501" 493 1.21411001885815 3.13455048235343 1.63846106240154
"502" 494 1.2143595111633 3.13688712639613 1.63904687200969
"503" 495 1.21458429188538 3.13905853106309 1.63963169597037
"504" 496 1.21482787045406 3.14140201770541 1.6402155379282
"505" 497 1.21507676355162 3.14348115840683 1.64079840150693
"506" 498 1.21532790294452 3.14571243530807 1.64138029030975
"507" 499 1.21554601527222 3.14792098567681 1.64196120791935
"508" 500 1.21577255129452 3.15015591139437 1.64254115789807
"509" 501 1.21600107871901 3.15234386925582 1.64312014378814
"510" 502 1.21622274390512 3.15455659138931 1.64369816911176
"511" 503 1.21644427999269 3.15686578131663 1.6442752373713
"512" 504 1.21667016879464 3.15907250717338 1.6448513520494
"513" 505 1.21690909648125 3.16109055195162 1.64542651660915
"514" 506 1.21715140137389 3.16320340040264 1.64600073449426
"515" 507 1.21736581511963 3.16536536493149 1.64657400912916
"516" 508 1.21756810903309 3.16753020001869 1.64714634391917
"517" 509 1.21780807178812 3.16970305600523 1.64771774225066
"518" 510 1.21802890316272 3.17196079105232 1.64828820749115
"519" 511 1.21828413264058 3.17417269135952 1.64885774298952
"520" 512 1.21853049839755 3.17637951068221 1.64942635207606
"521" 513 1.21874164542797 3.17862302361363 1.64999403806266
"522" 514 1.21896852464165 3.18067701733523 1.65056080424296
"523" 515 1.21919574217911 3.18282693773614 1.65112665389246
"524" 516 1.21943856936359 3.18500718414651 1.65169159026868
"525" 517 1.21966391247512 3.18729991513873 1.65225561661126
"526" 518 1.21989067816961 3.18948846382257 1.65281873614209
"527" 519 1.22011902390385 3.1916263485192 1.6533809520655
"528" 520 1.22033220671033 3.19367948209261 1.65394226756831
"529" 521 1.22055093468152 3.195882518612 1.65450268582005
"530" 522 1.22078833725507 3.19812347363575 1.65506220997298
"531" 523 1.2210119131046 3.20038191976885 1.65562084316232
"532" 524 1.22122057108309 3.20260756088939 1.65617858850631
"533" 525 1.22143738625555 3.20483910095788 1.6567354491063
"534" 526 1.22167391953596 3.20694197833503 1.65729142804701
"535" 527 1.22188863946167 3.20914876201412 1.65784652839653
"536" 528 1.22211151398326 3.21133181828093 1.65840075320647
"537" 529 1.22234254872437 3.21347969188491 1.65895410551205
"538" 530 1.22256386737758 3.21570743009569 1.65950658833235
"539" 531 1.22278867431729 3.21794430455953 1.66005820467024
"540" 532 1.22299786098982 3.22016820001734 1.66060895751265
"541" 533 1.22320702774541 3.22239116600028 1.66115884983058
"542" 534 1.22344118496537 3.22459895318443 1.66170788457924
"543" 535 1.22366045179504 3.22677944022374 1.66225606469826
"544" 536 1.22389191940624 3.22884647215178 1.66280339311168
"545" 537 1.22409556957168 3.23107401110373 1.66334987272803
"546" 538 1.22431590309661 3.23323754682284 1.66389550644067
"547" 539 1.22453481880832 3.23533290969478 1.66444029712761
"548" 540 1.22476632452441 3.2374348121007 1.66498424765178
"549" 541 1.22500156349732 3.23959317917758 1.66552736086113
"550" 542 1.22521837915489 3.24176172958926 1.66606963958874
"551" 543 1.22544372807418 3.24393594928476 1.66661108665282
"552" 544 1.22564825291276 3.24608379739593 1.66715170485696
"553" 545 1.22588510215591 3.24827092320371 1.66769149699014
"554" 546 1.22610110961608 3.25050088458858 1.66823046582689
"555" 547 1.22631049529194 3.25272655575325 1.6687686141273
"556" 548 1.22653799311563 3.25486463547685 1.66930594463721
"557" 549 1.22676408140559 3.25706427408656 1.66984246008832
"558" 550 1.22698756664862 3.25925447687775 1.6703781631982
"559" 551 1.22720484035115 3.26144325850991 1.67091305667047
"560" 552 1.22740527705071 3.26352973152547 1.67144714319483
"561" 553 1.22760867441949 3.26571812246383 1.67198042544723
"562" 554 1.22781901476229 3.26785751208547 1.6725129060899
"563" 555 1.22802738868709 3.26994038388266 1.67304458777149
"564" 556 1.22823771797824 3.2720728057792 1.67357547312712
"565" 557 1.22843035247195 3.27420247862437 1.67410556477854
"566" 558 1.22862776055205 3.2763010092617 1.67463486533412
"567" 559 1.2288360951064 3.27835335163539 1.67516337738909
"568" 560 1.229044260564 3.28033540108999 1.67569110352543
"569" 561 1.22926775837127 3.28246175973834 1.67621804631218
"570" 562 1.22948032254806 3.28469042767088 1.67674420830535
"571" 563 1.229693755685 3.28664829140903 1.67726959204811
"572" 564 1.22990078112597 3.28877455067404 1.67779420007083
"573" 565 1.23011032380073 3.29076963305439 1.67831803489123
"574" 566 1.23031974027838 3.29298123841932 1.67884109901437
"575" 567 1.23053185428713 3.29512352663931 1.6793633949328
"576" 568 1.23074469076214 3.29708703206526 1.67988492512661
"577" 569 1.23095616613722 3.29934253989735 1.68040569206359
"578" 570 1.2311664310657 3.30155667775325 1.68092569819921
"579" 571 1.23133665980364 3.3035736680633 1.68144494597675
"580" 572 1.23154736449901 3.30557991155867 1.68196343782742
"581" 573 1.23174364426612 3.30768619576458 1.68248117617036
"582" 574 1.23194656279082 3.3099493140851 1.68299816341278
"583" 575 1.23216531244041 3.31208829085552 1.68351440195001
"584" 576 1.2323796385667 3.31420215273612 1.68402989416562
"585" 577 1.23258040657655 3.31629150984289 1.68454464243143
"586" 578 1.23281970829804 3.31840029522909 1.68505864910769
"587" 579 1.23303133040339 3.32056048429448 1.68557191654303
"588" 580 1.23322722036642 3.32250227357758 1.68608444707462
"589" 581 1.2334343969253 3.32451775065586 1.68659624302825
"590" 582 1.2336356348317 3.3264936983554 1.68710730671835
"591" 583 1.23382743527728 3.3284584172498 1.6876176404481
"592" 584 1.23402262720794 3.33065017841911 1.68812724650956
"593" 585 1.2342329761506 3.33281007244674 1.68863612718357
"594" 586 1.23443332055895 3.33498438285978 1.68914428474007
"595" 587 1.23463481748104 3.33705176061797 1.68965172143792
"596" 588 1.23485013722665 3.3391164000561 1.69015843952513
"597" 589 1.23507893217318 3.34108819258292 1.69066444123895
"598" 590 1.23526202668122 3.34315036116154 1.69116972880579
"599" 591 1.2354732942662 3.34523281525502 1.69167430444148
"600" 592 1.23565882632864 3.34724306545355 1.69217817035112
"601" 593 1.23584982268893 3.34930102409037 1.69268132872936
"602" 594 1.23604374439448 3.35146727221244 1.69318378176033
"603" 595 1.23623793313588 3.35344179470439 1.6936855316178
"604" 596 1.23645484527612 3.35557892848979 1.69418658046517
"605" 597 1.23666040149687 3.35764382698677 1.69468693045557
"606" 598 1.23686358495874 3.35975731167402 1.69518658373191
"607" 599 1.23707104385974 3.36169295917805 1.695685542427
"608" 600 1.23725284341505 3.3636408162209 1.69618380866354
"609" 601 1.23744178359453 3.36551265805893 1.69668138455423
"610" 602 1.23763617500351 3.36746669457151 1.69717827220183
"611" 603 1.23783748758077 3.36941308652278 1.69767447369918
"612" 604 1.23802442690127 3.37135634262726 1.69816999112933
"613" 605 1.23822932479486 3.37332207090903 1.69866482656558
"614" 606 1.23843721257219 3.37530637791991 1.69915898207149
"615" 607 1.23862870132108 3.37728188230482 1.69965245970103
"616" 608 1.23882338729008 3.37918554723306 1.70014526149859
"617" 609 1.23900826980549 3.38108799767123 1.70063738949898
"618" 610 1.23919760478642 3.38323035914919 1.70112884572763
"619" 611 1.2393856812 3.38523982959606 1.70161963220053
"620" 612 1.23958121230053 3.38728984561863 1.70210975092435
"621" 613 1.23977629300598 3.38936727987845 1.7025992038965
"622" 614 1.23997382124485 3.39137066678505 1.70308799310512
"623" 615 1.24014989407532 3.39329646580678 1.70357612052925
"624" 616 1.24035412357475 3.39515865570895 1.70406358813877
"625" 617 1.24056246762222 3.39721916339377 1.70455039789451
"626" 618 1.24076442881697 3.39923641385125 1.70503655174834
"627" 619 1.2409511869539 3.401212374875 1.70552205164316
"628" 620 1.24114336996688 3.403276910541 1.70600689951303
"629" 621 1.24132725196967 3.40519741164193 1.70649109728313
"630" 622 1.24151799348239 3.40713171469362 1.70697464686993
"631" 623 1.24173019448126 3.40903874614674 1.7074575501811
"632" 624 1.24194033853171 3.41098411649708 1.70793980911569
"633" 625 1.24212446831697 3.41295804004048 1.70842142556417
"634" 626 1.24232063537033 3.41499784174529 1.70890240140837
"635" 627 1.2425059483381 3.41690784600365 1.7093827385217
"636" 628 1.24270960199608 3.4187654058719 1.70986243876903
"637" 629 1.24290821888777 3.42070543621026 1.71034150400688
"638" 630 1.24310024845294 3.42276198956568 1.71081993608344
"639" 631 1.24329788759724 3.42470793279925 1.71129773683851
"640" 632 1.24349443359682 3.42659762054242 1.71177490810371
"641" 633 1.2437105846751 3.42845121784178 1.71225145170247
"642" 634 1.24390994340049 3.43038078919785 1.71272736944999
"643" 635 1.2440852751638 3.43231043482733 1.71320266315344
"644" 636 1.24427763269995 3.43418854833803 1.71367733461187
"645" 637 1.24445546258125 3.43608331475847 1.71415138561644
"646" 638 1.24463162650617 3.43801016521434 1.71462481795021
"647" 639 1.24481104005054 3.43993787731467 1.71509763338844
"648" 640 1.24499229394439 3.44186374346075 1.71556983369848
"649" 641 1.24518547557099 3.44384759583057 1.71604142063983
"650" 642 1.2453696381955 3.44580920311355 1.7165123959643
"651" 643 1.24554393642236 3.44779963003804 1.71698276141594
"652" 644 1.24571614367898 3.44983723053887 1.71745251873111
"653" 645 1.2458770354517 3.45178458613337 1.71792166963856
"654" 646 1.24605202215798 3.4537103136782 1.71839021585944
"655" 647 1.24622612195457 3.45565444503455 1.71885815910738
"656" 648 1.24637946651794 3.457723584214 1.7193255010885
"657" 649 1.2465831035219 3.45971817745667 1.71979224350146
"658" 650 1.24678749056044 3.46155428908313 1.72025838803753
"659" 651 1.24697032893834 3.46347404489355 1.72072393638063
"660" 652 1.24715686108673 3.46540439299714 1.7211888902073
"661" 653 1.24734450010208 3.46745204661487 1.7216532511869
"662" 654 1.24750828641198 3.46926243150507 1.72211702098143
"663" 655 1.24768605817419 3.47112462840136 1.7225802012458
"664" 656 1.24785281113189 3.47305625828269 1.72304279362773
"665" 657 1.2480419249382 3.4749382759145 1.72350479976786
"666" 658 1.2482136728079 3.47684113433979 1.72396622129972
"667" 659 1.24838535401884 3.47887117668885 1.72442705984982
"668" 660 1.24856572923501 3.48085203476408 1.72488731703771
"669" 661 1.24876407039693 3.48300089766308 1.725346994476
"670" 662 1.24895974558135 3.48479883269746 1.72580609377036
"671" 663 1.24912907833273 3.48668143101219 1.72626461651958
"672" 664 1.24931122647835 3.48866433959838 1.72672256431575
"673" 665 1.24949659774285 3.4904958962362 1.72717993874401
"674" 666 1.24970446281683 3.4925161264066 1.72763674138285
"675" 667 1.24990801284063 3.49439393923476 1.72809297380406
"676" 668 1.25007166908014 3.49624672162721 1.72854863757268
"677" 669 1.25023326058914 3.49805539164963 1.7290037342472
"678" 670 1.25040390513963 3.49999746453436 1.7294582653795
"679" 671 1.2505879363139 3.50196474835573 1.72991223251485
"680" 672 1.25077158972043 3.50391861872609 1.73036563719211
"681" 673 1.2509428509594 3.50565343592333 1.73081848094353
"682" 674 1.25111783189064 3.50754236930849 1.73127076529503
"683" 675 1.251289122754 3.50944403082667 1.73172249176602
"684" 676 1.25147134247441 3.51117914626968 1.73217366186966
"685" 677 1.25166029073966 3.51303952602338 1.73262427711266
"686" 678 1.25183214894222 3.51489357463602 1.73307433899547
"687" 679 1.25200928048036 3.51673837559193 1.73352384901233
"688" 680 1.25218225198172 3.5184381383017 1.73397280865117
"689" 681 1.25235321555917 3.52000276063223 1.7344212193938
"690" 682 1.2525262590465 3.52156426514054 1.73486908271581
"691" 683 1.25268072931652 3.52325969674261 1.73531640008673
"692" 684 1.25284459932404 3.52514190958058 1.7357631729699
"693" 685 1.25304995783411 3.527105242764 1.73620940282271
"694" 686 1.25321801459094 3.52887215289143 1.7366550910965
"695" 687 1.25338517453405 3.53067613911056 1.73710023923658
"696" 688 1.25354917176802 3.53262831455397 1.73754484868237
"697" 689 1.2537177252686 3.53469756534563 1.73798892086731
"698" 690 1.25388442932802 3.53655066645162 1.73843245721898
"699" 691 1.25406496668028 3.53824238237696 1.7388754591591
"700" 692 1.25424622557844 3.54006296774837 1.73931792810357
"701" 693 1.25442097015716 3.54184882158501 1.73975986546253
"702" 694 1.25457506624308 3.54390061856865 1.74020127264027
"703" 695 1.25476365781607 3.54594354352526 1.74064215103546
"704" 696 1.25494301089734 3.54766823912917 1.741082502041
"705" 697 1.25507328811141 3.54959850989807 1.74152232704418
"706" 698 1.25526271704015 3.55145911210169 1.74196162742659
"707" 699 1.25542889520227 3.55315359484787 1.74240040456429
"708" 700 1.2556113709027 3.55500530695743 1.74283865982773
"709" 701 1.25575381022893 3.55670662949412 1.7432763945818
"710" 702 1.25590516465581 3.55839993368214 1.74371361018594
"711" 703 1.25607606893705 3.56025771772549 1.74415030799403
"712" 704 1.25625890694936 3.56223156152643 1.74458648935462
"713" 705 1.25642795950698 3.56410997472462 1.74502215561066
"714" 706 1.25658820006843 3.56598350803737 1.74545730809988
"715" 707 1.2567711400995 3.56775641124674 1.74589194815458
"716" 708 1.25692847524127 3.56965387263153 1.74632607710168
"717" 709 1.25710847502873 3.5715483825146 1.74675969626286
"718" 710 1.25728498673821 3.57336863289813 1.74719280695452
"719" 711 1.25744918949042 3.57508041606922 1.74762541048781
"720" 712 1.25761284378001 3.57661961017151 1.74805750816858
"721" 713 1.25778131598969 3.57829793316922 1.74848910129762
"722" 714 1.25796121355035 3.58014888184987 1.74892019117047
"723" 715 1.25811693565611 3.58179448037058 1.74935077907754
"724" 716 1.25829925052047 3.58359873736088 1.7497808663042
"725" 717 1.25846912199307 3.58548558859609 1.75021045413063
"726" 718 1.25863711068832 3.58738981508164 1.75063954383207
"727" 719 1.25880844293536 3.58923202395749 1.75106813667864
"728" 720 1.25896196735264 3.59108994467686 1.75149623393549
"729" 721 1.25910505949905 3.59296122771902 1.75192383686287
"730" 722 1.25924422432901 3.59476606248896 1.75235094671594
"731" 723 1.2594069214039 3.59666241315039 1.75277756474507
"732" 724 1.25959192154166 3.59846264535585 1.75320369219567
"733" 725 1.25974275541402 3.60044265417706 1.75362933030829
"734" 726 1.25990835362861 3.60230728577941 1.75405448031866
"735" 727 1.2600608283088 3.60411229660461 1.75447914345766
"736" 728 1.26021109503027 3.60586884348126 1.75490332095141
"737" 729 1.26036471395024 3.60774732107022 1.75532701402122
"738" 730 1.2605244594873 3.60943002616401 1.75575022388368
"739" 731 1.2606995643889 3.61126071912438 1.75617295175072
"740" 732 1.26085724616843 3.61311871643235 1.75659519882948
"741" 733 1.26104094906088 3.61497516491053 1.75701696632249
"742" 734 1.26120675531361 3.61687921078699 1.75743825542763
"743" 735 1.26134960440276 3.61855782445869 1.75785906733815
"744" 736 1.26149199965027 3.62030737041098 1.7582794032427
"745" 737 1.26163658215039 3.62209454092918 1.75869926432542
"746" 738 1.26177622599726 3.62383238627943 1.75911865176578
"747" 739 1.26192226040015 3.62565592018608 1.75953756673888
"748" 740 1.26207582582318 3.62745597581159 1.75995601041515
"749" 741 1.262248400677 3.62922021575624 1.76037398396072
"750" 742 1.26240237029377 3.63097317340306 1.76079148853712
"751" 743 1.26256181208399 3.63272125281516 1.76120852530152
"752" 744 1.26270549013729 3.63445551275774 1.76162509540671
"753" 745 1.26286837638662 3.63621688426991 1.76204120000098
"754" 746 1.26303252085714 3.63798359827298 1.76245684022839
"755" 747 1.26318703738008 3.63974421910105 1.7628720172286
"756" 748 1.26333663722548 3.64146572522173 1.76328673213695
"757" 749 1.26349428837582 3.64321164305623 1.76370098608444
"758" 750 1.26366150610772 3.64503160774977 1.76411478019789
"759" 751 1.26382879294957 3.64684347926155 1.76452811559984
"760" 752 1.2639699758072 3.64849252463924 1.76494099340854
"761" 753 1.26412752171158 3.65014750916575 1.76535341473807
"762" 754 1.26428108844131 3.65191559204134 1.76576538069836
"763" 755 1.26442489647889 3.65368502798279 1.76617689239512
"764" 756 1.26457413863533 3.65539074873331 1.76658795092991
"765" 757 1.26473571577373 3.65712656545853 1.76699855740023
"766" 758 1.26489572569907 3.65885530604775 1.76740871289943
"767" 759 1.26507359616524 3.66064776220726 1.76781841851677
"768" 760 1.26523551651077 3.66253053779478 1.76822767533744
"769" 761 1.26537792053483 3.6644079042497 1.76863648444267
"770" 762 1.2655301581465 3.66631564035213 1.76904484690954
"771" 763 1.26567514135276 3.66804488225079 1.76945276381123
"772" 764 1.26584115568762 3.66975616554726 1.76986023621694
"773" 765 1.26600088813052 3.67145648756901 1.77026726519185
"774" 766 1.26616638773217 3.6731186858311 1.77067385179718
"775" 767 1.26632970404351 3.67477951711845 1.77107999709035
"776" 768 1.26648205540582 3.67643922909543 1.77148570212475
"777" 769 1.2666396564439 3.67814545221861 1.77189096794997
"778" 770 1.26679477753619 3.67989656058561 1.77229579561166
"779" 771 1.26695187775659 3.6815948064447 1.77270018615176
"780" 772 1.26709351028938 3.6833124741657 1.77310414060821
"781" 773 1.2672336887549 3.68503737909331 1.7735076600153
"782" 774 1.26738902382268 3.68680391438071 1.77391074540342
"783" 775 1.26752771184136 3.68851651093919 1.77431339779925
"784" 776 1.26767372924171 3.69026520494765 1.77471561822572
"785" 777 1.2678059286253 3.69197868421897 1.77511740770199
"786" 778 1.26796264260711 3.69378485930411 1.77551876724357
"787" 779 1.26812535999183 3.69559729833745 1.77591969786222
"788" 780 1.26826820924723 3.6974264680513 1.77632020056608
"789" 781 1.26842002903958 3.69918972082753 1.77672027635953
"790" 782 1.26855810521254 3.70073046110136 1.77711992624342
"791" 783 1.26871260933479 3.7023818765395 1.77751915121495
"792" 784 1.26886861331161 3.70410935492466 1.77791795226767
"793" 785 1.26900757191058 3.70579091422952 1.77831633039158
"794" 786 1.26916185037199 3.70766003169503 1.77871428657309
"795" 787 1.2693209667994 3.7093888671441 1.77911182179509
"796" 788 1.26947525575293 3.71135013737313 1.77950893703691
"797" 789 1.26963958528349 3.71308945171131 1.77990563327439
"798" 790 1.26978037634248 3.71489342919457 1.78030191147979
"799" 791 1.26991784114008 3.71663735618512 1.78069777262202
"800" 792 1.27006463546 3.71837466716149 1.78109321766641
"801" 793 1.27023174662634 3.72018666557507 1.78148824757484
"802" 794 1.27038154823346 3.72175709331428 1.78188286330586
"803" 795 1.27053016037744 3.72350186705919 1.78227706581451
"804" 796 1.27067919010542 3.72516835437468 1.78267085605244
"805" 797 1.27082550959008 3.72680988572357 1.78306423496794
"806" 798 1.2709641580618 3.72843609780584 1.78345720350596
"807" 799 1.27110575779721 3.73000918620309 1.78384976260803
"808" 800 1.27123924960207 3.7316734715541 1.7842419132124
"809" 801 1.2713965476212 3.73334365134039 1.78463365625396
"810" 802 1.27154077239647 3.73501358076273 1.78502499266433
"811" 803 1.2716995469514 3.73668580963808 1.78541592337181
"812" 804 1.27185795950085 3.73859552064279 1.78580644930147
"813" 805 1.27200639561922 3.74026386207735 1.7861965713751
"814" 806 1.27215030489385 3.74182910724246 1.7865862905112
"815" 807 1.27229238308172 3.74354355030309 1.78697560762516
"816" 808 1.27244389572183 3.74507279736823 1.78736452362904
"817" 809 1.27259279239533 3.74662394387864 1.78775303943177
"818" 810 1.27275189297616 3.74827282366609 1.78814115593912
"819" 811 1.27290449595896 3.74992044634788 1.78852887405363
"820" 812 1.2730421374652 3.75163526003904 1.78891619467474
"821" 813 1.27319307822569 3.75337532149008 1.78930311869871
"822" 814 1.27334221594319 3.75513386772 1.78968964701873
"823" 815 1.2735063339149 3.75683883812996 1.79007578052485
"824" 816 1.27362212092172 3.75841826851214 1.79046152010407
"825" 817 1.27376720138157 3.76016460454558 1.79084686664023
"826" 818 1.27389651703548 3.76190778432625 1.79123182101419
"827" 819 1.27403916031979 3.76356779168539 1.79161638410374
"828" 820 1.27418285427862 3.76520226211662 1.79200055678362
"829" 821 1.27434134174989 3.76689554312246 1.79238433992559
"830" 822 1.27447125081651 3.76874691182453 1.79276773439831
"831" 823 1.27460304952162 3.77052223608731 1.79315074106755
"832" 824 1.27474426028206 3.77213046601339 1.79353336079608
"833" 825 1.27489930023798 3.77373747697513 1.79391559444369
"834" 826 1.27504521144681 3.77527924308051 1.79429744286721
"835" 827 1.27519501244496 3.77694785159675 1.79467890692052
"836" 828 1.27531213985587 3.77855668161182 1.79505998745468
"837" 829 1.27546067721464 3.78021494433744 1.79544068531768
"838" 830 1.27560984772227 3.78180779745871 1.79582100135475
"839" 831 1.27575897607455 3.7833657978992 1.79620093640817
"840" 832 1.27590804664415 3.78495262332865 1.79658049131739
"841" 833 1.27606015270246 3.78654996833084 1.79695966691894
"842" 834 1.27620442896532 3.78824845587619 1.79733846404659
"843" 835 1.27635011815426 3.78989765670615 1.79771688353123
"844" 836 1.27650259918044 3.79162749124576 1.79809492620096
"845" 837 1.27665077906169 3.79334937508288 1.79847259288101
"846" 838 1.27678972848533 3.79501755694587 1.79884988439389
"847" 839 1.27692705880893 3.79678514117866 1.79922680155936
"848" 840 1.27706389780803 3.79842419177336 1.79960334519429
"849" 841 1.27719669511373 3.80019092867184 1.79997951611294
"850" 842 1.27733080719908 3.801906132635 1.80035531512671
"851" 843 1.27745947192199 3.80362879623624 1.80073074304437
"852" 844 1.27761524372467 3.80535792129458 1.80110580067187
"853" 845 1.27775371721944 3.80695482292028 1.80148048881259
"854" 846 1.27789761496059 3.80855055184071 1.8018548082671
"855" 847 1.27804337207406 3.81013510178155 1.80222875983336
"856" 848 1.27818117474476 3.81171565446873 1.80260234430659
"857" 849 1.27831628681164 3.8133137278753 1.80297556247947
"858" 850 1.27845695486825 3.81489747737847 1.80334841514195
"859" 851 1.27859454091781 3.81647520109532 1.80372090308136
"860" 852 1.27874096362733 3.81817075241115 1.80409302708246
"861" 853 1.27887049044161 3.81988086908217 1.80446478792732
"862" 854 1.2790100719247 3.82158981409202 1.80483618639551
"863" 855 1.27914502837216 3.82328972596967 1.80520722326389
"864" 856 1.2792889773159 3.82498505540767 1.80557789930695
"865" 857 1.27941890564976 3.82667922078844 1.80594821529637
"866" 858 1.27955138542593 3.82838790556147 1.80631817200149
"867" 859 1.27967996447665 3.8300816936017 1.80668777018899
"868" 860 1.27981535357372 3.83185463269206 1.80705701062305
"869" 861 1.27994894120656 3.833553639988 1.80742589406539
"870" 862 1.28010077589623 3.83516276378279 1.80779442127518
"871" 863 1.28022948336003 3.83689420443824 1.80816259300904
"872" 864 1.28035428086538 3.83854566030495 1.80853041002123
"873" 865 1.28050404882187 3.84033933410398 1.80889787306349
"874" 866 1.28064441190156 3.8421019049702 1.80926498288503
"875" 867 1.28077270474708 3.84367392389218 1.8096317402327
"876" 868 1.28088243322278 3.8453153054948 1.80999814585086
"877" 869 1.28100038385955 3.8470028165291 1.81036420048153
"878" 870 1.2811325088412 3.84866798050457 1.81072990486413
"879" 871 1.28125908974664 3.85026367917878 1.81109525973591
"880" 872 1.28139671641314 3.85197476143602 1.81146026583153
"881" 873 1.28152893584587 3.85362444799876 1.81182492388339
"882" 874 1.28166789697884 3.85529941075251 1.8121892346214
"883" 875 1.28180456966761 3.85695251986184 1.81255319877325
"884" 876 1.28194467560197 3.85843111500615 1.81291681706413
"885" 877 1.28208456069529 3.86007841003829 1.813280090217
"886" 878 1.282229879958 3.86176022146341 1.8136430189524
"887" 879 1.28238112778505 3.86351369451653 1.81400560398864
"888" 880 1.28251082459679 3.8652815780116 1.81436784604163
"889" 881 1.28264321588806 3.86700707927266 1.81472974582499
"890" 882 1.28277234459716 3.868678605076 1.81509130405015
"891" 883 1.28289513988816 3.87034602851151 1.8154525214261
"892" 884 1.28301226022435 3.8720220527642 1.81581339865966
"893" 885 1.28313971545632 3.87373635757158 1.81617393645537
"894" 886 1.28327495468093 3.87534129415753 1.81653413551546
"895" 887 1.28340324380194 3.87708526525226 1.81689399654003
"896" 888 1.28354236144979 3.87878406771925 1.81725352022687
"897" 889 1.28369422130667 3.88029397788431 1.81761270727149
"898" 890 1.28384275449769 3.88177514034274 1.81797155836735
"899" 891 1.28397714366686 3.88326448542401 1.81833007420552
"900" 892 1.28409798444077 3.88480064637539 1.81868825547497
"901" 893 1.28421437990062 3.8864613835676 1.81904610286253
"902" 894 1.2843347886005 3.88812103162681 1.81940361705276
"903" 895 1.28446753224566 3.88977562009619 1.81976079872808
"904" 896 1.28459296798662 3.89136226933633 1.82011764856878
"905" 897 1.28471570134821 3.89291952875097 1.82047416725297
"906" 898 1.28486324187484 3.89448146890133 1.82083035545667
"907" 899 1.28498953799964 3.8961150083666 1.82118621385366
"908" 900 1.28511678645696 3.89768010759782 1.82154174311572
"909" 901 1.28525774773712 3.89929561013201 1.82189694391242
"910" 902 1.28538081390808 3.9008190637175 1.82225181691134
"911" 903 1.28549419087297 3.90238351927971 1.82260636277788
"912" 904 1.28563262311815 3.903964831333 1.82296058217535
"913" 905 1.2857735160064 3.90564155713501 1.82331447576498
"914" 906 1.28588600308191 3.90723860602909 1.82366804420601
"915" 907 1.28601590480729 3.90889445018674 1.82402128815557
"916" 908 1.28614319622334 3.91046597541233 1.82437420826872
"917" 909 1.28625365419959 3.91203644897482 1.82472680519848
"918" 910 1.28640661862917 3.91360112043343 1.82507907959586
"919" 911 1.2865476804245 3.91515652974294 1.82543103210984
"920" 912 1.28668053109519 3.91670404307507 1.82578266338737
"921" 913 1.28680638745117 3.91829478895693 1.82613397407343
"922" 914 1.28693738981895 3.91987873201846 1.82648496481096
"923" 915 1.28707378213923 3.92139732134683 1.82683563624089
"924" 916 1.2871958535235 3.92305936921149 1.82718598900225
"925" 917 1.28734236377269 3.92473764498613 1.82753602373203
"926" 918 1.28748661642449 3.92639330559405 1.82788574106524
"927" 919 1.28761627482446 3.92804051151225 1.82823514163499
"928" 920 1.28774297411296 3.92965091921828 1.82858422607238
"929" 921 1.28786699166099 3.93126358004319 1.82893299500664
"930" 922 1.28797544524901 3.9328696298901 1.82928144906498
"931" 923 1.28809190835207 3.93442215261471 1.82962958887272
"932" 924 1.28821990101408 3.93602152742241 1.82997741505336
"933" 925 1.28834655946837 3.9376377450312 1.83032492822828
"934" 926 1.28846279135072 3.9390843611495 1.83067212901718
"935" 927 1.28859264068752 3.94070661326981 1.8310190180377
"936" 928 1.28869414538438 3.94232783956782 1.83136559590573
"937" 929 1.28881542740065 3.9439431260634 1.83171186323511
"938" 930 1.28894989634034 3.94543534964129 1.83205782063799
"939" 931 1.28907254963506 3.94693991237235 1.83240346872454
"940" 932 1.28917837821213 3.94852338907349 1.83274880810312
"941" 933 1.28932000280895 3.94993908402709 1.83309383938026
"942" 934 1.2894540097845 3.9514121061546 1.83343856316058
"943" 935 1.2895931130253 3.95280801468437 1.83378298004695
"944" 936 1.28973240961376 3.95423507954774 1.83412709064037
"945" 937 1.28985767186439 3.95572696845178 1.83447089553999
"946" 938 1.29000227919828 3.95742147747994 1.83481439534321
"947" 939 1.29014266339547 3.95902643086338 1.8351575906456
"948" 940 1.29026695543495 3.96061981705167 1.83550048204098
"949" 941 1.29039111713686 3.9621817039529 1.83584307012131
"950" 942 1.29051695991796 3.96371946159265 1.83618535547684
"951" 943 1.29064619116363 3.96525426303569 1.83652733869594
"952" 944 1.29077194328527 3.96678807477947 1.83686902036534
"953" 945 1.29089353299942 3.96831549505883 1.83721040106991
"954" 946 1.29101559097804 3.96983894058959 1.83755148139286
"955" 947 1.29113933786338 3.97131431423353 1.83789226191553
"956" 948 1.29126493214675 3.97289396923117 1.83823274321768
"957" 949 1.29139705251397 3.97442824208109 1.83857292587722
"958" 950 1.29151126483802 3.97596153488068 1.83891281047041
"959" 951 1.29163238589757 3.9774938492864 1.83925239757167
"960" 952 1.29174215518677 3.97901592483413 1.83959168775391
"961" 953 1.2918500558006 3.98053630445578 1.8399306815881
"962" 954 1.29197964319576 3.98205571162428 1.84026937964375
"963" 955 1.29209918388282 3.98360097033393 1.8406077824885
"964" 956 1.2922410244772 3.98522080327133 1.84094589068837
"965" 957 1.29237145603122 3.98666787323437 1.84128370480773
"966" 958 1.29250157340124 3.98823693763904 1.84162122540929
"967" 959 1.29261853775169 3.98984807385273 1.84195845305403
"968" 960 1.29274046348452 3.99143465371328 1.84229538830131
"969" 961 1.29286043880866 3.99293774627647 1.84263203170887
"970" 962 1.29299852779841 3.9945076584849 1.84296838383278
"971" 963 1.29312248249759 3.99606649666778 1.8433044452274
"972" 964 1.29324652170837 3.99762132114258 1.84364021644559
"973" 965 1.29337013921126 3.99917685595244 1.84397569803857
"974" 966 1.29348796974503 4.00055837644363 1.84431089055585
"975" 967 1.29360817046759 4.0021460061732 1.84464579454537
"976" 968 1.29372828605417 4.00363077811384 1.84498041055348
"977" 969 1.29384199449758 4.00506591003378 1.84531473912498
"978" 970 1.29396787449914 4.00656774758523 1.84564878080302
"979" 971 1.29409443551095 4.00813732366508 1.84598253612913
"980" 972 1.2942162557829 4.00975409497507 1.84631600564336
"981" 973 1.29433939537655 4.01136991218105 1.84664918988405
"982" 974 1.29447203624067 4.0129825136623 1.84698208938814
"983" 975 1.29460225393568 4.01444520853898 1.84731470469094
"984" 976 1.29470613570655 4.01588856600562 1.84764703632609
"985" 977 1.29482667823595 4.01734014215923 1.84797908482589
"986" 978 1.29494925498688 4.01883098816948 1.8483108507209
"987" 979 1.29508420478302 4.02048460679665 1.84864233454031
"988" 980 1.29521287134145 4.02203374182073 1.84897353681169
"989" 981 1.29533626937237 4.0234630121675 1.8493044580611
"990" 982 1.29545361048999 4.02489136422704 1.84963509881308
"991" 983 1.29556983467469 4.02631879952367 1.84996545959064
"992" 984 1.29568585550477 4.02774531957791 1.85029554091538
"993" 985 1.29581592353597 4.02916852526531 1.85062534330723
"994" 986 1.2959352254549 4.0305889231802 1.85095486728476
"995" 987 1.29604551037244 4.03200819222447 1.85128411336508
"996" 988 1.29618291034837 4.03352379794047 1.85161308206366
"997" 989 1.29631880421515 4.03514296451847 1.85194177389458
"998" 990 1.29642632164247 4.03676120230781 1.85227018937052
"999" 991 1.29653247382046 4.03837851277865 1.85259832900258
"1000" 992 1.29667436960766 4.03992747489183 1.85292619330052
"1001" 993 1.29678817722535 4.04137998037015 1.85325378277246
"1002" 994 1.29689707711446 4.04282657424663 1.85358109792525
"1003" 995 1.29701456150283 4.0442722643032 1.8539081392642
"1004" 996 1.29712240875544 4.04571705201218 1.85423490729326
"1005" 997 1.2972421071706 4.04729760434975 1.85456140251484
"1006" 998 1.29737329702473 4.04892007528346 1.85488762543001
"1007" 999 1.29749099731615 4.05039834447892 1.85521357653841
"1008" 1000 1.29760056523286 4.05187571267679 1.85553925633823
