"T" "IC_low" "IC_up" "x_ML"
"1" 1.1 0.775573841104757 0.808810375905021 0.789080671606727
"2" 1.2 0.787228700976477 0.830136050412163 0.804645632893326
"3" 1.3 0.798587166878178 0.85045715039833 0.819578112793711
"4" 1.4 0.809575949944212 0.869915221217627 0.833949717346653
"5" 1.5 0.820244938110593 0.888639191779671 0.847819473565419
"6" 1.6 0.830659008193403 0.906696788921818 0.861236722286781
"7" 1.7 0.840755313529448 0.924262811611446 0.874243207909241
"8" 1.8 0.850622285524885 0.941351794772124 0.886874621819677
"9" 1.9 0.860263227747825 0.95806303091803 0.899161764557629
"10" 2 0.869646022108427 0.97429819443977 0.911131435882966
"11" 3 0.952459160348892 1.12365500646532 1.01744691972067
"12" 4 1.02074397455652 1.26023782984813 1.1071647910864
"13" 5 1.07905179082317 1.39098897270588 1.18626642253104
"14" 6 1.12999063822075 1.51816099123089 1.25782192686266
"15" 7 1.17556954660404 1.64257263207037 1.32365623116873
"16" 8 1.21657094394057 1.7636662426319 1.38495898197436
"17" 9 1.25422377125939 1.88355904562908 1.44255686674382
"18" 10 1.28877029017083 2.00258834410614 1.49705201676572
"19" 11 1.32104447992586 2.11831116388799 1.54889914286159
"20" 12 1.35126232271349 2.23386270555087 1.59845161485326
"21" 13 1.37960460509261 2.3475422724944 1.64599052474229
"22" 14 1.40644264109546 2.46025765465953 1.69174383687537
"23" 15 1.43155528341092 2.57364114700395 1.7358994691257
"24" 16 1.45568717115312 2.6847918886518 1.77861450254136
"25" 17 1.47872285244076 2.79388534201561 1.82002183421727
"26" 18 1.50061828964267 2.90338689527629 1.86023509093452
"27" 19 1.52158010617553 3.01082172846749 1.89935232901619
"28" 20 1.54167784549699 3.118145045444 1.9374588679389
"29" 21 1.56128268474873 3.22467395040651 1.97462949341559
"30" 22 1.58000909323307 3.33225063537727 2.01093019341167
"31" 23 1.59826993654251 3.43826634709422 2.04641954271428
"32" 24 1.61569732705764 3.54503891731498 2.08114981929697
"33" 25 1.63262777951324 3.65046518283172 2.11516791337684
"34" 26 1.6489349980437 3.75461046008904 2.1485160743642
"35" 27 1.66489874159018 3.85685025238043 2.18123252969887
"36" 28 1.68063366150961 3.95961988208849 2.2133520014505
"37" 29 1.69550967985698 4.06159767816821 2.24490614060014
"38" 30 1.71016653310681 4.16363220466143 2.27592389449083
"39" 31 1.7245998050747 4.26654349881149 2.30643181960438
"40" 32 1.73867660199873 4.36835252757349 2.33645434929094
"41" 33 1.75240080118256 4.46970909307758 2.36601402413699
"42" 34 1.76563877094085 4.56977616447007 2.39513169115352
"43" 35 1.77873611065547 4.66884815076883 2.42382667679299
"44" 36 1.79145829991923 4.76983405768222 2.45211693787924
"45" 37 1.80402898883204 4.86939538411615 2.48001919380224
"46" 38 1.81620479775366 4.96840908435516 2.50754904274423
"47" 39 1.82808498079096 5.06569564072114 2.53472106423371
"48" 40 1.83979983599968 5.16431418852225 2.5615489099433
"49" 41 1.85117235858696 5.26249421220091 2.58804538433782
"50" 42 1.86256147452102 5.35942857464984 2.61422251652612
"51" 43 1.87341308888533 5.45536269053506 2.64009162446156
"52" 44 1.88434803542848 5.55073417363879 2.66566337246421
"53" 45 1.89467500035257 5.64675836204283 2.69094782289477
"54" 46 1.90543549715607 5.74399250281135 2.71595448269098
"55" 47 1.91560792447651 5.83979477543699 2.74069234537742
"56" 48 1.92600391794301 5.93461957381599 2.76516992907555
"57" 49 1.93603477973968 6.02999617878682 2.78939531096988
"58" 50 1.94566608951672 6.12619815010647 2.81337615862594
"59" 51 1.95533333302821 6.22195485318511 2.83711975850459
"60" 52 1.964821837826 6.31694433266173 2.86063304197353
"61" 53 1.97387174978532 6.41223190654292 2.88392260907932
"62" 54 1.98308711617125 6.50775725266474 2.90699475031131
"63" 55 1.99258407394066 6.6027656772786 2.9298554665609
"64" 56 2.00180171702909 6.69622485316946 2.9525104874558
"65" 57 2.01049834175969 6.7875183952373 2.97496528822812
"66" 58 2.01919315010389 6.88037920688547 2.99722510525715
"67" 59 2.02805445804649 6.97353882529477 3.01929495041188
"68" 60 2.03658290127176 7.06729936084877 3.04117962430463
"69" 61 2.04483276294451 7.16042708828663 3.06288372855532
"70" 62 2.05310836986553 7.25383760040702 3.08441167715499
"71" 63 2.06132767618182 7.34783577760177 3.10576770700821
"72" 64 2.06964812668996 7.43980587659647 3.12695588772586
"73" 65 2.0775995361217 7.53195156872365 3.14798013073226
"74" 66 2.08561474668124 7.62297000649409 3.16884419774456
"75" 67 2.0932222407708 7.71370023114699 3.18955170867643
"76" 68 2.1009149604642 7.8059553991559 3.21010614901305
"77" 69 2.10850557552212 7.89851756147269 3.23051087670026
"78" 70 2.11608679512774 7.98993549005813 3.25076912858602
"79" 71 2.12328069726883 8.08240800355259 3.27088402644961
"80" 72 2.13067141462324 8.17395907986418 3.29085858265016
"81" 73 2.13794424718608 8.26664784648276 3.31069570542354
"82" 74 2.14519182587924 8.35706129475546 3.33039820385408
"83" 75 2.15232433529643 8.44729968821167 3.34996879254499
"84" 76 2.15939864188898 8.53807956877808 3.36941009600973
"85" 77 2.16633440267899 8.62833100978448 3.38872465280434
"86" 78 2.1733340538984 8.71729295319888 3.40791491941914
"87" 79 2.18029802196442 8.80673800838932 3.42698327394672
"88" 80 2.18705055857237 8.89675926464358 3.44593201954187
"89" 81 2.1937993444785 8.98867695770296 3.46476338768742
"90" 82 2.20031885864815 9.07803535821956 3.48347954127954
"91" 83 2.20698952803795 9.16768445709522 3.50208257754403
"92" 84 2.21342498445716 9.25798245811844 3.52057453079533
"93" 85 2.21983283183078 9.34645069406804 3.53895737504807
"94" 86 2.22619892697464 9.4351841886333 3.55723302649092
"95" 87 2.23247154207283 9.52374811623619 3.57540334583141
"96" 88 2.23878421403524 9.61260914145685 3.59347014051988
"97" 89 2.2452951777631 9.70080506881342 3.6114351668601
"98" 90 2.25165548783217 9.78721080668001 3.62930013201351
"99" 91 2.25788093955086 9.87754957431914 3.6470666959036
"100" 92 2.2639526750281 9.96707808722542 3.66473647302644
"101" 93 2.27000808620929 10.0566263804137 3.68231103417291
"102" 94 2.27589578609041 10.1467123023214 3.69979190806783
"103" 95 2.28163498536901 10.2346186281653 3.71718058293099
"104" 96 2.28764044595371 10.3222002668273 3.73447850796434
"105" 97 2.29349473934624 10.4080698708238 3.75168709476983
"106" 98 2.29916281433124 10.4964678477133 3.76880771870149
"107" 99 2.3049188143364 10.5854818532127 3.78584172015579
"108" 100 2.31081363503618 10.6726489817421 3.80279040580342
"109" 101 2.31634508966083 10.7566645427421 3.81965504976598
"110" 102 2.32204299061628 10.8447692228376 3.83643689474004
"111" 103 2.32771339478745 10.9311637628528 3.85313715307223
"112" 104 2.33323094635021 11.0187588131623 3.8697570077871
"113" 105 2.33867833478949 11.1060908782868 3.88629761357089
"114" 106 2.34423668702893 11.1923652005968 3.90276009771315
"115" 107 2.34966343520099 11.2804865647514 3.91914556100849
"116" 108 2.35504179424901 11.3673321046333 3.93545507862057
"117" 109 2.36058501614272 11.4534728131533 3.95168970091023
"118" 110 2.36571021249684 11.5398238978659 3.96785045422939
"119" 111 2.37083076593509 11.6281216066962 3.98393834168271
"120" 112 2.37607957853106 11.7139115687098 3.99995434385837
"121" 113 2.38128461494254 11.8001966540203 4.01589941952957
"122" 114 2.38642205070309 11.8863782416435 4.0317745063283
"123" 115 2.39139089264454 11.9729679816172 4.04758052139236
"124" 116 2.39655640267095 12.0603814083849 4.06331836198733
"125" 117 2.40157478040042 12.1447921946105 4.07898890610446
"126" 118 2.40658907680239 12.2332808964639 4.09459301303545
"127" 119 2.41146005514474 12.3205780786301 4.11013152392557
"128" 120 2.41663769701882 12.4065612519589 4.12560526230587
"129" 121 2.42178165518777 12.4946235940902 4.14101503460535
"130" 122 2.42651125421465 12.5777705405212 4.15636163064435
"131" 123 2.43141215740086 12.6618049897843 4.17164582410968
"132" 124 2.43638074236405 12.7458255671159 4.18686837301233
"133" 125 2.44109934972029 12.8289695579846 4.20203002012876
"134" 126 2.44578657939427 12.9118568060487 4.21713149342619
"135" 127 2.45076888621652 12.9958262180395 4.23217350647305
"136" 128 2.45530151810129 13.0811316113314 4.24715675883443
"137" 129 2.46002509044258 13.1668869883915 4.26208193645411
"138" 130 2.46457524910253 13.2520775827185 4.27694971202312
"139" 131 2.46901208620929 13.3412536378863 4.29176074533547
"140" 132 2.47350958519199 13.4243062986024 4.30651568363187
"141" 133 2.47819390751237 13.5097871975154 4.32121516193179
"142" 134 2.48277356079954 13.5910791426746 4.33585980335399
"143" 135 2.48756363498881 13.6749840131653 4.35045021942677
"144" 136 2.491959248419 13.758392082856 4.36498701038744
"145" 137 2.49638757434712 13.8420244670081 4.37947076547235
"146" 138 2.50091814484408 13.9261056892868 4.39390206319709
"147" 139 2.5054124238109 14.0083387419906 4.40828147162763
"148" 140 2.50997949181386 14.091573461151 4.42260954864298
"149" 141 2.5143013899867 14.1738630906453 4.43688684218884
"150" 142 2.518732623532 14.257310235922 4.45111389052403
"151" 143 2.52303268219081 14.341411891391 4.46529122245812
"152" 144 2.52731509290365 14.4248137023446 4.47941935758251
"153" 145 2.53173322880939 14.5063534842059 4.49349880649376
"154" 146 2.53595468106022 14.5891335911119 4.50753007101012
"155" 147 2.5400798163546 14.6734778002432 4.52151364438158
"156" 148 2.54424351009848 14.7571225869839 4.53545001149322
"157" 149 2.54850643031118 14.8386183917417 4.54933964906265
"158" 150 2.55260886182053 14.9206629580767 4.56318302583126
"159" 151 2.55690707305119 15.0036929236795 4.57698060275009
"160" 152 2.56108070290214 15.0852432279436 4.59073283315966
"161" 153 2.56516954692375 15.1682035000904 4.60444016296515
"162" 154 2.56923833007321 15.2508051360732 4.61810303080567
"163" 155 2.5733918145536 15.3333922718386 4.63172186821929
"164" 156 2.5773960460531 15.4172469316339 4.64529709980298
"165" 157 2.58160040181231 15.4981799851036 4.65882914336781
"166" 158 2.5853922882401 15.5794484145735 4.67231841009001
"167" 159 2.58951689959831 15.6627561001935 4.68576530465744
"168" 160 2.59337293913051 15.7446003870563 4.69917022541233
"169" 161 2.5972865368633 15.8283353157255 4.71253356448952
"170" 162 2.60116803528753 15.9107568995696 4.72585570795117
"171" 163 2.60497752198489 15.9911572408491 4.73913703591769
"172" 164 2.60887050993991 16.0717638277398 4.75237792269499
"173" 165 2.61295468527315 16.1547736294236 4.76557873689827
"174" 166 2.6168513015428 16.2331301907232 4.77873984157248
"175" 167 2.6206276065674 16.3179357974165 4.79186159430948
"176" 168 2.62454530015614 16.4008830869859 4.80494434736205
"177" 169 2.62842514120593 16.4828287140083 4.81798844775498
"178" 170 2.63209255105369 16.5638537980435 4.83099423739284
"179" 171 2.635798386892 16.6457913941164 4.84396205316538
"180" 172 2.63964187728472 16.7268916329689 4.85689222705
"181" 173 2.64342107976808 16.8088000110036 4.86978508621115
"182" 174 2.64693640219468 16.8898795800493 4.8826409530978
"183" 175 2.65067443926306 16.9711900625367 4.89546014553804
"184" 176 2.65424020619651 17.052186491171 4.90824297683103
"185" 177 2.65804062440606 17.1346499562326 4.92098975583726
"186" 178 2.6616466740356 17.2154542410052 4.93370078706585
"187" 179 2.66532852882342 17.2959672766412 4.94637637075991
"188" 180 2.66900869620252 17.3763301925417 4.95901680297999
"189" 181 2.67238708715781 17.4580691440121 4.97162237568496
"190" 182 2.67596552807248 17.541487000591 4.98419337681147
"191" 183 2.67944530490151 17.6187016714244 4.99673009035069
"192" 184 2.68303591481873 17.6980839119142 5.00923279642411
"193" 185 2.68675860047455 17.7785703595129 5.02170177135654
"194" 186 2.69020630710678 17.8591450024107 5.03413728774816
"195" 187 2.69381159768324 17.9403516716255 5.04653961454412
"196" 188 2.69740345749307 18.0200424161855 5.05890901710314
"197" 189 2.7009765621699 18.0994046531536 5.07124575726384
"198" 190 2.70439705711574 18.1782701755295 5.08355009340983
"199" 191 2.70785253941292 18.2597324210884 5.09582228053351
"200" 192 2.71139288474799 18.3385929841431 5.10806257029779
"201" 193 2.71471664154585 18.421470022331 5.12027121109658
"202" 194 2.7180282198003 18.5015445071465 5.13244844811429
"203" 195 2.7214696765877 18.5815273322066 5.14459452338337
"204" 196 2.72466884894848 18.6644300864212 5.15670967584083
"205" 197 2.72800950227592 18.7422205745278 5.16879414138341
"206" 198 2.73142640413011 18.8212688400728 5.1808481529213
"207" 199 2.73484186901449 18.901168775223 5.19287194043123
"208" 200 2.73815279743261 18.9789322971138 5.20486573100754
"209" 201 2.74146453227474 19.0587523717872 5.21682974891279
"210" 202 2.74482768579159 19.1403631969251 5.22876421562674
"211" 203 2.74813163021539 19.219980009797 5.24066934989487
"212" 204 2.75143655155896 19.3002335335931 5.25254536777477
"213" 205 2.75456727875615 19.3821977422222 5.26439248268288
"214" 206 2.75789408320709 19.4618010797217 5.27621090543896
"215" 207 2.76121981279122 19.541965065942 5.28800084431048
"216" 208 2.76440926503063 19.6233717920119 5.29976250505531
"217" 209 2.76755051681415 19.702423026623 5.31149609096425
"218" 210 2.77069872113762 19.7836181118569 5.32320180290203
"219" 211 2.77398597974047 19.8627036437101 5.33487983934774
"220" 212 2.7771946588641 19.9410441400465 5.34653039643429
"221" 213 2.78040370985605 20.0225645264425 5.35815366798708
"222" 214 2.78359690644869 20.1021100294027 5.36974984556185
"223" 215 2.78683877030324 20.1814394560239 5.38131911848174
"224" 216 2.78998406802474 20.2634581384068 5.39286167387352
"225" 217 2.79312832557908 20.3424492952704 5.40437769670318
"226" 218 2.79605953679788 20.4207406416154 5.41586736981059
"227" 219 2.7994359820685 20.5001056901679 5.42733087394369
"228" 220 2.80260779348917 20.5802659645417 5.43876838779183
"229" 221 2.80567845520732 20.6610602585627 5.45018008801837
"230" 222 2.80877847094858 20.739280485965 5.46156614929295
"231" 223 2.81169529050915 20.816799609147 5.47292674432239
"232" 224 2.81481706217579 20.8960350694832 5.48426204388203
"233" 225 2.81796560781006 20.9760058425283 5.49557221684539
"234" 226 2.82102235128607 21.0526208544676 5.50685743021381
"235" 227 2.82403351575809 21.1305134989205 5.51811784914554
"236" 228 2.82694306425217 21.2065819160136 5.52935363698409
"237" 229 2.82978940490939 21.2853911037749 5.54056495528567
"238" 230 2.83280797107355 21.3653639656957 5.55175196384694
"239" 231 2.83557378484335 21.443090025061 5.56291482073155
"240" 232 2.83844130113547 21.5214906603304 5.57405368229622
"241" 233 2.84153250343526 21.6004001189611 5.58516870321652
"242" 234 2.84439900053177 21.6792534594041 5.59626003651218
"243" 235 2.84731943384474 21.7577659257931 5.60732783357171
"244" 236 2.85011338826223 21.8364000049975 5.61837224417667
"245" 237 2.85312559990436 21.91579142952 5.62939341652539
"246" 238 2.85608669794147 21.9954492497229 5.64039149725655
"247" 239 2.85893464337104 22.07210161954 5.65136663147174
"248" 240 2.86187458965088 22.1505485872547 5.66231896275805
"249" 241 2.8648246302995 22.2297813983667 5.67324863321033
"250" 242 2.86776923351115 22.3086869257726 5.68415578345248
"251" 243 2.87070359875165 22.3872355184263 5.69504055265894
"252" 244 2.87354960329996 22.465423542171 5.70590307857537
"253" 245 2.87627848392846 22.5435705061795 5.71674349753924
"254" 246 2.87908947750648 22.6209768195584 5.72756194449989
"255" 247 2.88208145378078 22.6996120304736 5.73835855303795
"256" 248 2.88495959199817 22.7776099097443 5.7491334553852
"257" 249 2.88787125645607 22.8556049059361 5.75988678244323
"258" 250 2.89062159537778 22.9335561491393 5.77061866380219
"259" 251 2.89330410633331 23.011228799973 5.78132922775913
"260" 252 2.89606181874272 23.0884847961033 5.79201860133594
"261" 253 2.89887499110601 23.1663901754944 5.80268691029716
"262" 254 2.90170976836891 23.2402996755091 5.81333427916711
"263" 255 2.90444685400911 23.3181122068693 5.82396083124724
"264" 256 2.90727404803287 23.3975781755425 5.83456668863274
"265" 257 2.91009022463164 23.4762442083063 5.8451519722289
"266" 258 2.91287572766702 23.5551923725434 5.85571680176744
"267" 259 2.91560976777937 23.6330081957824 5.86626129582231
"268" 260 2.91838131046958 23.7106457216768 5.87678557182542
"269" 261 2.92102047391819 23.7882620735267 5.88728974608195
"270" 262 2.92390993520856 23.865845478506 5.8977739337853
"271" 263 2.92678608116333 23.9442666660808 5.90823824903203
"272" 264 2.92960288554988 24.0218010641769 5.91868280483639
"273" 265 2.93231656217599 24.099259528347 5.92910771314475
"274" 266 2.9350752785992 24.1761175898233 5.93951308484957
"275" 267 2.93788570176908 24.2533740494522 5.94989902980312
"276" 268 2.94052194418788 24.3290393449599 5.96026565683154
"277" 269 2.94321330513999 24.4049662631478 5.9706130737476
"278" 270 2.94580353657706 24.4811079760649 5.98094138736443
"279" 271 2.94853330408577 24.5564716575783 5.99125070350804
"280" 272 2.95113865450603 24.6334062113494 6.0015411270304
"281" 273 2.95373714260824 24.7104487786099 6.01181276182139
"282" 274 2.95658758591302 24.7868302188384 6.022065710822
"283" 275 2.95921437239077 24.8659221918609 6.03230007603556
"284" 276 2.96186105901276 24.943559963397 6.04251595853999
"285" 277 2.96437346957093 25.0222261065003 6.0527134584998
"286" 278 2.96711060707709 25.0980488147648 6.06289267517719
"287" 279 2.96967774093905 25.1717552197367 6.07305370694354
"288" 280 2.9723210394578 25.2460602801851 6.08319665129048
"289" 281 2.97491903687838 25.3214574286208 6.09332160484114
"290" 282 2.97750276737833 25.3961402345473 6.10342866336071
"291" 283 2.98014108932637 25.4721683014347 6.11351792176714
"292" 284 2.98256492328324 25.5515392019767 6.12358947414153
"293" 285 2.98500457618899 25.629339472076 6.13364341373861
"294" 286 2.98753094493738 25.7077228735225 6.14367983299651
"295" 287 2.99012565679083 25.7875585406914 6.15369882354724
"296" 288 2.99266393193133 25.8633794704154 6.16370047622614
"297" 289 2.99511593886025 25.9378597863703 6.17368488108169
"298" 290 2.99741434131936 26.0140853830206 6.18365212738469
"299" 291 3.0000453307824 26.0897268257416 6.19360230363827
"300" 292 3.00246559002629 26.1662912473731 6.20353549758679
"301" 293 3.00478102690056 26.2429107935343 6.21345179622444
"302" 294 3.00728817481845 26.3196722092287 6.22335128580515
"303" 295 3.00985065860763 26.3964554830461 6.23323405185043
"304" 296 3.01239813710971 26.4727125595741 6.24310017915888
"305" 297 3.01460051662919 26.5486914044071 6.25294975181402
"306" 298 3.01715548071425 26.6216310764306 6.26278285319315
"307" 299 3.01977048894822 26.6975561592921 6.27259956597549
"308" 300 3.02224062636763 26.771832939609 6.28239997215036
"309" 301 3.02473524950185 26.8488698321906 6.29218415302504
"310" 302 3.02723951045894 26.9243337926712 6.30195218923302
"311" 303 3.02973008184153 26.9941113870241 6.31170416074155
"312" 304 3.03225233414712 27.0681440268395 6.32144014685926
"313" 305 3.0347273918316 27.1440968285888 6.33116022624415
"314" 306 3.03716287121723 27.2217722763428 6.34086447691056
"315" 307 3.03942865270713 27.2980366448753 6.35055297623682
"316" 308 3.04194653851058 27.3736557538762 6.36022580097217
"317" 309 3.0444674938336 27.4494543344176 6.36988302724435
"318" 310 3.04686458251476 27.5268262805323 6.37952473056627
"319" 311 3.04932032813306 27.6046890672913 6.38915098584299
"320" 312 3.05174509662725 27.6798510030776 6.398761867379
"321" 313 3.05410640455009 27.7565582177813 6.40835744888391
"322" 314 3.05643174822999 27.8301145325414 6.41793780348054
"323" 315 3.05861114983302 27.9051860478598 6.42750300370982
"324" 316 3.06097992708297 27.9798784475006 6.43705312153881
"325" 317 3.0632866433232 28.0582386170683 6.44658822836587
"326" 318 3.06573230938659 28.1326672856009 6.45610839502759
"327" 319 3.06810546327565 28.2059184978819 6.46561369180463
"328" 320 3.07038002612479 28.2806400526882 6.47510418842795
"329" 321 3.0728548797866 28.3563277321834 6.48457995408487
"330" 322 3.0752356509918 28.4337904542824 6.49404105742492
"331" 323 3.07752039858935 28.5082145645105 6.50348756656545
"332" 324 3.07977075956512 28.5823219294851 6.51291954909784
"333" 325 3.08196587250872 28.6563945757122 6.52233707209281
"334" 326 3.08428945087575 28.732129003388 6.53174020210627
"335" 327 3.0864817437988 28.8066926381215 6.5411290051847
"336" 328 3.08877226413376 28.88260958489 6.55050354687034
"337" 329 3.09084050471182 28.956475372057 6.55986389220719
"338" 330 3.09298025671708 29.0298558053015 6.56921010574571
"339" 331 3.09547995989273 29.106818970754 6.57854225154857
"340" 332 3.09784237377285 29.1837829818692 6.58786039319485
"341" 333 3.10023699218395 29.2586349416135 6.59716459378662
"342" 334 3.10248508422771 29.333546223968 6.60645491595266
"343" 335 3.10481435448945 29.4072237848729 6.61573142185381
"344" 336 3.10702734268858 29.4808967312729 6.6249941731881
"345" 337 3.10923377108443 29.5544498996119 6.63424323119516
"346" 338 3.11143565943165 29.6287440868012 6.64347865666147
"347" 339 3.113814793984 29.699220639593 6.65270050992458
"348" 340 3.11611861356085 29.7721034793877 6.66190885087794
"349" 341 3.1182402104523 29.8467875235463 6.67110373897542
"350" 342 3.12028602288329 29.9218697302323 6.68028523323598
"351" 343 3.12257157670061 29.9976752619616 6.68945339224755
"352" 344 3.12479155888726 30.0727721736606 6.69860827417243
"353" 345 3.1270662470674 30.1452076111347 6.70774993675054
"354" 346 3.12915920088251 30.2179322557485 6.71687843730456
"355" 347 3.1312723055253 30.2947092042918 6.72599383274346
"356" 348 3.13360152347522 30.3738306807213 6.73509617956702
"357" 349 3.13559861949444 30.4466389236501 6.7441855338701
"358" 350 3.13760751770038 30.5230651464904 6.7532619513464
"359" 351 3.13970919871782 30.5928629462505 6.76232548729239
"360" 352 3.14175271013889 30.6695162835494 6.7713761966115
"361" 353 3.14404978728396 30.7419943528194 6.78041413381807
"362" 354 3.14608910556776 30.8170466898252 6.7894393530412
"363" 355 3.14827301028692 30.8898921248171 6.7984519080279
"364" 356 3.15042857233643 30.9632024512435 6.80745185214788
"365" 357 3.15263717691746 31.0322570447657 6.81643923839656
"366" 358 3.15454664671985 31.1084295952925 6.82541411939922
"367" 359 3.15668722368129 31.1859647635336 6.83437654741374
"368" 360 3.15878416468032 31.2646133535332 6.84332657433523
"369" 361 3.16100600372164 31.3419187013037 6.85226425169908
"370" 362 3.16312468251009 31.4183405011426 6.86118963068417
"371" 363 3.16525984473312 31.4902460773904 6.87010276211681
"372" 364 3.16724275814323 31.5616481704804 6.87900369647391
"373" 365 3.16941512513173 31.6362872386123 6.88789248388609
"374" 366 3.17158040896536 31.7043158963993 6.89676917414168
"375" 367 3.17367534602068 31.7755317872003 6.90563381668919
"376" 368 3.17586549839091 31.851718610642 6.91448646064114
"377" 369 3.1777448374512 31.9329768829361 6.92332715477661
"378" 370 3.17980448032385 32.0033773240046 6.93215594754529
"379" 371 3.18179579288125 32.0778987027569 6.94097288706992
"380" 372 3.18384643112411 32.1535108526218 6.94977802114953
"381" 373 3.18603008494283 32.228137396494 6.95857139726262
"382" 374 3.18812966432543 32.3028775420396 6.96735306256968
"383" 375 3.19025770807444 32.3753145318465 6.97612306391709
"384" 376 3.19240682508714 32.4522536265178 6.98488144783902
"385" 377 3.19449245439814 32.5255744136725 6.99362826056119
"386" 378 3.19659571277594 32.6012945281031 7.00236354800295
"387" 379 3.19862424729952 32.6781301219599 7.01108735578078
"388" 380 3.20072534684225 32.7524496197584 7.0197997292107
"389" 381 3.20278310428083 32.8250155714344 7.0285007133113
"390" 382 3.20482375213132 32.8974629907775 7.03719035280591
"391" 383 3.20691252984051 32.9726848115659 7.0458686921262
"392" 384 3.20903361047888 33.045233722616 7.05453577541399
"393" 385 3.21119236242988 33.1177233699936 7.06319164652449
"394" 386 3.21318432370901 33.1921296589126 7.07183634902832
"395" 387 3.21507211805415 33.266803521662 7.0804699262146
"396" 388 3.21706755751979 33.3415382487095 7.08909242109358
"397" 389 3.21906298970146 33.4142380755406 7.09770387639847
"398" 390 3.22099289112354 33.4873640514434 7.10630433458838
"399" 391 3.2227714261146 33.5632429265693 7.11489383785083
"400" 392 3.22471452721669 33.6378330138868 7.12347242810445
"401" 393 3.22680444470584 33.715298902432 7.13204014700029
"402" 394 3.22888614769093 33.7886965124341 7.14059703592547
"403" 395 3.23085887092651 33.8606129357548 7.14914313600473
"404" 396 3.2327273773459 33.9305987781554 7.15767848810299
"405" 397 3.23462649053283 34.0014446569669 7.16620313282797
"406" 398 3.23652337746983 34.0724430055975 7.17471711053162
"407" 399 3.23854942971156 34.1452245050159 7.18322046131326
"408" 400 3.24043006408915 34.2162158085512 7.19171322502126
"409" 401 3.24246830571434 34.289480839642 7.20019544125553
"410" 402 3.24447771928506 34.3593293107374 7.20866714936911
"411" 403 3.24643157456841 34.4351646082233 7.21712838847125
"412" 404 3.24834968614919 34.5051851713299 7.22557919742879
"413" 405 3.2505383057223 34.5783533069841 7.23401961486837
"414" 406 3.25254421380884 34.653020397509 7.24244967917909
"415" 407 3.25447749693512 34.7271346194908 7.25086942851333
"416" 408 3.25646124345551 34.801161838223 7.25927890079036
"417" 409 3.25846330364864 34.8741507962007 7.26767813369685
"418" 410 3.26027239114431 34.9468819635494 7.27606716468983
"419" 411 3.26218394905776 35.0225639470415 7.28444603099823
"420" 412 3.26408988572197 35.0938614227089 7.29281476962518
"421" 413 3.26601169760741 35.1649348996211 7.30117341734934
"422" 414 3.26778628755298 35.2388379069813 7.30952201072725
"423" 415 3.2696412293802 35.3116311899433 7.3178605860951
"424" 416 3.27138661248195 35.3853470305481 7.32618917957063
"425" 417 3.27327162082846 35.4576466266631 7.33450782705473
"426" 418 3.27515440413053 35.5279257294344 7.34281656423385
"427" 419 3.27706793633849 35.6000856427176 7.35111542658078
"428" 420 3.27893568678693 35.6715172051166 7.35940444935762
"429" 421 3.28070957317722 35.7435622864577 7.36768366761621
"430" 422 3.28262061937245 35.8146524009216 7.37595311620163
"431" 423 3.28459962286285 35.8856861385031 7.38421282975196
"432" 424 3.28643845889493 35.9601707903809 7.39246284270137
"433" 425 3.2882151051153 36.0350685965004 7.40070318928136
"434" 426 3.29006350094341 36.1048453891235 7.40893390352235
"435" 427 3.29188174234344 36.176038385018 7.41715501925529
"436" 428 3.29376375878403 36.2429005716229 7.42536657011327
"437" 429 3.29570686819421 36.3184328762913 7.43356858953394
"438" 430 3.29759031768594 36.389471949752 7.44176111075973
"439" 431 3.2993843430934 36.4624761395613 7.44994416684058
"440" 432 3.30126936471143 36.5339247187371 7.45811779063459
"441" 433 3.30309208706148 36.6070921421969 7.46628201481049
"442" 434 3.3048543841616 36.6768088741855 7.47443687184857
"443" 435 3.30655100000775 36.7505639295821 7.48258239404214
"444" 436 3.3084440109772 36.8265710258782 7.49071861349977
"445" 437 3.31037596607678 36.8987959275163 7.49884556214559
"446" 438 3.31220019261914 36.9706384349145 7.50696327172167
"447" 439 3.31393118602355 37.0423419561445 7.51507177378964
"448" 440 3.31601829920767 37.1140676267304 7.52317109973103
"449" 441 3.3178339026003 37.1900769594686 7.53126128074962
"450" 442 3.31977185422775 37.2586879284953 7.53934234787307
"451" 443 3.32148877606594 37.3302844910937 7.54741433195297
"452" 444 3.32328337879054 37.406376855767 7.55547726366762
"453" 445 3.32502140430978 37.4754046636565 7.56353117352309
"454" 446 3.32703322346801 37.5476938316587 7.57157609185415
"455" 447 3.32872118391614 37.6207172704233 7.5796120488253
"456" 448 3.33053112683583 37.6944953541842 7.5876390744336
"457" 449 3.3322695415825 37.7662522478827 7.59565719850822
"458" 450 3.33397832863389 37.8355961724913 7.603666450713
"459" 451 3.33598970164426 37.9068650021601 7.61166686054682
"460" 452 3.33771095042259 37.9788359287212 7.61965845734588
"461" 453 3.33939746850003 38.049039863995 7.62764127028386
"462" 454 3.34138232754614 38.1236677979437 7.63561532837404
"463" 455 3.34329306956851 38.1932952231331 7.64358066047009
"464" 456 3.34508559247212 38.2652686399679 7.65153729526768
"465" 457 3.34683509133523 38.3347936843998 7.6594852613049
"466" 458 3.34855384613825 38.4043387377817 7.66742458696426
"467" 459 3.35020752465358 38.4735413925179 7.67535530047382
"468" 460 3.35198731621656 38.544981564717 7.6832774299078
"469" 461 3.35365551709773 38.6193429867518 7.69119100318847
"470" 462 3.35540122173839 38.6903475384226 7.69909604808653
"471" 463 3.35711717321687 38.7619783702228 7.70699259222294
"472" 464 3.35885662020781 38.8336444731576 7.71488066306982
"473" 465 3.36069419958877 38.9041404006024 7.72276028795114
"474" 466 3.36237524457611 38.9747299694277 7.73063149404487
"475" 467 3.36414129243593 39.045409221508 7.73849430838254
"476" 468 3.36578333708702 39.1214720519434 7.74634875785193
"477" 469 3.3674147437617 39.1976697846875 7.7541948691973
"478" 470 3.36911223994528 39.2701246828395 7.7620326690205
"479" 471 3.37074764097362 39.3427951158182 7.76986218378173
"480" 472 3.37242617530118 39.4134984217038 7.77768343980198
"481" 473 3.37409937994333 39.4815466552566 7.78549646326198
"482" 474 3.37585917628521 39.5517705204552 7.79330128020509
"483" 475 3.37761920975212 39.6222718901072 7.80109791653714
"484" 476 3.37935272440115 39.6972320275076 7.80888639802795
"485" 477 3.3809384853057 39.7646740400795 7.81666675031206
"486" 478 3.38270581643387 39.8318491271148 7.82443899889022
"487" 479 3.38433764079431 39.90388964359 7.83220316912986
"488" 480 3.38601784130529 39.9716135799431 7.83995928626599
"489" 481 3.38782034174704 40.041641786483 7.84770737540317
"490" 482 3.38946260490566 40.1168042026234 7.8554474615146
"491" 483 3.39121087124752 40.192331547183 7.86317956944519
"492" 484 3.39296379941108 40.2679164970214 7.87090372391069
"493" 485 3.39464928232601 40.3374756537806 7.87861994950012
"494" 486 3.3963741751836 40.40690139604 7.88632827067506
"495" 487 3.39808683968007 40.4756244238068 7.89402871177253
"496" 488 3.39963047892293 40.5419540458225 7.9017212970039
"497" 489 3.40141960887696 40.6084694877471 7.90940605045718
"498" 490 3.4030917452756 40.6809272114628 7.91708299609757
"499" 491 3.40465390789504 40.7533680555727 7.92475215776789
"500" 492 3.40636050956639 40.825822269395 7.93241355918951
"501" 493 3.4080963270271 40.8965146743531 7.9400672239644
"502" 494 3.40985792374769 40.9703574482841 7.94771317557419
"503" 495 3.41169936580696 41.0436362808466 7.95535143738182
"504" 496 3.41351785720771 41.1124132051838 7.96298203263347
"505" 497 3.41512942187633 41.1847106943205 7.97060498445683
"506" 498 3.4168498659614 41.2540592296284 7.97822031586511
"507" 499 3.41853536623362 41.3297608487105 7.98582804975464
"508" 500 3.42032548596193 41.3994019450637 7.99342820890824
"509" 501 3.42196922684711 41.4720153838942 8.0010208159944
"510" 502 3.42365518413529 41.5445246461305 8.00860589356952
"511" 503 3.42523256108671 41.6145882167124 8.01618346407659
"512" 504 3.42676319864318 41.6840969904526 8.02375354984854
"513" 505 3.42837438644131 41.7544309426974 8.03131617310677
"514" 506 3.42994092365197 41.8243226357379 8.03887135596347
"515" 507 3.43158423974253 41.8941542477413 8.04641912042131
"516" 508 3.43312500973931 41.9642208369595 8.05395948837476
"517" 509 3.4347810047876 42.0338795700751 8.06149248161083
"518" 510 3.43630113604059 42.1036465636458 8.0690181218097
"519" 511 3.43800197075965 42.1734594303444 8.07653643054524
"520" 512 3.43955153011889 42.2443023082531 8.08404742928644
"521" 513 3.44095974934958 42.3162263936393 8.09155113939695
"522" 514 3.44255417441541 42.3847952298334 8.0990475821373
"523" 515 3.44422278837022 42.4536284624085 8.10653677866392
"524" 516 3.44597536212063 42.5264579075372 8.11401875003092
"525" 517 3.44739962229281 42.6024333769977 8.12149351719121
"526" 518 3.44899317300967 42.6771869595799 8.12896110099592
"527" 519 3.45062805241691 42.7477677986862 8.13642152219604
"528" 520 3.45225843140482 42.817143059517 8.14387480144238
"529" 521 3.45382655671191 42.8840360292735 8.15132095928671
"530" 522 3.45550723800941 42.9509062618168 8.15876001618307
"531" 523 3.45710247967883 43.0228926460228 8.16619199248642
"532" 524 3.45864323993443 43.0958348855874 8.17361690845591
"533" 525 3.46025167752278 43.1687594240245 8.18103478425323
"534" 526 3.461884514305 43.2393649356345 8.18844563994471
"535" 527 3.46347334621504 43.3109270939524 8.19584949550112
"536" 528 3.46506888085269 43.3789001968064 8.20324637079915
"537" 529 3.46652601625213 43.4518294142676 8.21063628562088
"538" 530 3.46807675961915 43.5223427725424 8.21801925965586
"539" 531 3.46960312767552 43.5964160635579 8.22539531249967
"540" 532 3.47106000432754 43.6645465558687 8.23276446365737
"541" 533 3.47247533315047 43.7339979852761 8.24012673254144
"542" 534 3.47397669083152 43.806433364004 8.24748213847353
"543" 535 3.47542871036575 43.8788545684467 8.25483070068549
"544" 536 3.47693904184225 43.9482733473861 8.26217243831872
"545" 537 3.47834596012846 44.0174598839974 8.26950737042607
"546" 538 3.47978048199201 44.0883874387305 8.27683551597199
"547" 539 3.48139993531935 44.1594469403028 8.28415689383234
"548" 540 3.48306004213171 44.2303828575787 8.29147152279566
"549" 541 3.48465653870427 44.30139989605 8.29877942156402
"550" 542 3.48620671660911 44.3701596177841 8.3060806087534
"551" 543 3.48775462733851 44.4385391029864 8.31337510289303
"552" 544 3.48925669788314 44.5085933425264 8.320662922428
"553" 545 3.49076997483268 44.57962135618 8.3279440857182
"554" 546 3.49225925661712 44.650738661269 8.33521861103976
"555" 547 3.49375127258458 44.7221224279038 8.34248651658532
"556" 548 3.49532020665353 44.7932635949432 8.3497478204639
"557" 549 3.4970043649262 44.86437704053 8.35700254070264
"558" 550 3.49858531051264 44.9361781050854 8.36425069524648
"559" 551 3.50000920330642 45.0087113622007 8.37149230195896
"560" 552 3.50151269646457 45.0809438896972 8.37872737862304
"561" 553 3.50310542720475 45.14867814274 8.38595594294082
"562" 554 3.50468827359358 45.2200486526129 8.39317801253432
"563" 555 3.50615375631302 45.2907375182307 8.40039360494657
"564" 556 3.50764969345014 45.361744519366 8.40760273764197
"565" 557 3.50916913229286 45.4327364366534 8.41480542800582
"566" 558 3.5107567769803 45.5036926839997 8.42200169334602
"567" 559 3.51235466154314 45.5746655817572 8.42919155089309
"568" 560 3.51393642233065 45.6449433642985 8.43637501779968
"569" 561 3.51542319705973 45.7140010421813 8.44355211114346
"570" 562 3.51688624688155 45.7844569112243 8.4507228479253
"571" 563 3.51845766454282 45.8540468506389 8.45788724507023
"572" 564 3.52013856526986 45.9232289111495 8.46504531942914
"573" 565 3.52155650752471 45.9948931695546 8.47219708777744
"574" 566 3.52292335277286 46.064501262711 8.47934256681728
"575" 567 3.52443281277201 46.1344113981133 8.48648177317641
"576" 568 3.52589320679671 46.2029103806726 8.49361472340986
"577" 569 3.52743471951748 46.2721741229563 8.50074143399965
"578" 570 3.5288282049945 46.3437392841422 8.50786192135573
"579" 571 3.53032178694846 46.4134306459364 8.51497620181612
"580" 572 3.53181670393116 46.4834349551205 8.5220842916474
"581" 573 3.53335101245806 46.5533314769674 8.52918620704469
"582" 574 3.53491314488369 46.6273492383498 8.53628196413363
"583" 575 3.53629527906676 46.7016388025725 8.54337157896852
"584" 576 3.53766049072075 46.7677310079587 8.55045506753515
"585" 577 3.53905086805244 46.8425528761943 8.55753244574913
"586" 578 3.5404112439808 46.9097465668961 8.56460372945785
"587" 579 3.54189105277166 46.9768330778522 8.57166893443964
"588" 580 3.54341408237554 47.0439006504553 8.57872807640491
"589" 581 3.54489913279461 47.116783443663 8.58578117099743
"590" 582 3.54632491236194 47.1856329497269 8.59282823379268
"591" 583 3.54784577258934 47.2543285352247 8.59986928029923
"592" 584 3.54924392929721 47.3225807279584 8.6069043259606
"593" 585 3.55059737872905 47.3944336341457 8.6139333861525
"594" 586 3.55219706091711 47.4661108129412 8.62095647618673
"595" 587 3.55368963948818 47.5367120020921 8.62797361130866
"596" 588 3.55512986558592 47.6087710712295 8.63498480669927
"597" 589 3.55657771745871 47.6776317338956 8.64199007747506
"598" 590 3.55796598662267 47.7458228324859 8.6489894386889
"599" 591 3.5594492927736 47.8207040113826 8.65598290532913
"600" 592 3.56089551417773 47.8902647819193 8.66297049232119
"601" 593 3.56234976268993 47.9626346171313 8.66995221452815
"602" 594 3.56390480914321 48.0264862016545 8.67692808674955
"603" 595 3.56522749554547 48.0945115387939 8.68389812372332
"604" 596 3.56674112106584 48.1644400603921 8.69086234012546
"605" 597 3.56834839077008 48.2347469254669 8.69782075057046
"606" 598 3.56981917861354 48.3023157114184 8.70477336961168
"607" 599 3.57129281166333 48.3716643691952 8.71172021174196
"608" 600 3.57274839666316 48.4447063154999 8.7186612913938
"609" 601 3.57431562126326 48.5175449817634 8.72559662293873
"610" 602 3.57572255833995 48.5855086363535 8.73252622068996
"611" 603 3.57707227805092 48.655649182264 8.73945009890019
"612" 604 3.57856707812899 48.7206832938644 8.74636827176375
"613" 605 3.57997289743214 48.7863933463973 8.75328075341684
"614" 606 3.58141823970619 48.8553068200488 8.76018755793573
"615" 607 3.58291167667934 48.9266647847897 8.76708869934021
"616" 608 3.58434821166006 48.9980105738441 8.77398419159156
"617" 609 3.58578680023282 49.0693442093134 8.78087404859435
"618" 610 3.5872011419937 49.1401065965638 8.78775828419598
"619" 611 3.58869984195323 49.2040750241767 8.79463691218647
"620" 612 3.59018262520744 49.2680228209897 8.8015099463009
"621" 613 3.59165131091126 49.3352297317248 8.80837740021688
"622" 614 3.59317591770962 49.4070591068203 8.8152392875571
"623" 615 3.59453475820217 49.4761200993553 8.82209562188936
"624" 616 3.59583657528095 49.5439696761617 8.82894641672501
"625" 617 3.59734383204194 49.6148127268968 8.83579168552195
"626" 618 3.59890064918487 49.6873779276963 8.84263144168273
"627" 619 3.60029217796582 49.7615983108484 8.84946569855632
"628" 620 3.60153974712833 49.835655226267 8.85629446943777
"629" 621 3.60297763173224 49.9035990721615 8.86311776756854
"630" 622 3.60441095153769 49.9698442873074 8.86993560613705
"631" 623 3.60584456905156 50.0360717824936 8.87674799827808
"632" 624 3.60712009567406 50.1074558361252 8.88355495707441
"633" 625 3.60860791296051 50.1795144619947 8.89035649555674
"634" 626 3.61016451711623 50.2516330067505 8.89715262670326
"635" 627 3.61167683235112 50.3237961851408 8.90394336344038
"636" 628 3.61298858480435 50.3947976089927 8.91072871864348
"637" 629 3.61440526048283 50.463446716545 8.91750870513594
"638" 630 3.61570593690499 50.5318857866776 8.92428333569144
"639" 631 3.61691094915305 50.6004733684134 8.93105262303162
"640" 632 3.61811758317929 50.6690402291056 8.93781657982959
"641" 633 3.61940039452213 50.7374021167312 8.94457521870654
"642" 634 3.62089200850193 50.8059515660159 8.95132855223503
"643" 635 3.62223479351342 50.8733617341049 8.95807659293788
"644" 636 3.62363792080367 50.9428150796342 8.9648193532886
"645" 637 3.62479399898653 51.0115699967896 8.97155684571145
"646" 638 3.62609583592864 51.0836440619115 8.97828908258313
"647" 639 3.62752718403682 51.1553400798953 8.9850160762307
"648" 640 3.6288381688715 51.222052849662 8.9917378389333
"649" 641 3.63009267904087 51.2886016426564 8.99845438292242
"650" 642 3.63138264849365 51.3586419049916 9.00516572038223
"651" 643 3.63274609885681 51.4218076561152 9.01187186344882
"652" 644 3.6339900619928 51.4900689981279 9.01857282421135
"653" 645 3.63528042007005 51.5583158647946 9.02526861471285
"654" 646 3.63657035002939 51.6260903805158 9.03195924694889
"655" 647 3.63791020654611 51.6928786991245 9.03864473286915
"656" 648 3.63913635481689 51.7596510191508 9.04532508437657
"657" 649 3.64032485623205 51.831443604058 9.05200031332942
"658" 650 3.64166342702899 51.8999517735386 9.05867043153895
"659" 651 3.64299668183798 51.9684460226092 9.06533545077233
"660" 652 3.64443829939416 52.0369263755032 9.0719953827504
"661" 653 3.64571507801123 52.1057533028981 9.0786502391503
"662" 654 3.64700637476008 52.1781468589079 9.08530003160402
"663" 655 3.6484179019758 52.2546135957952 9.09194477169887
"664" 656 3.64982321729793 52.3234561846625 9.09858447097835
"665" 657 3.65119371361614 52.3963131773463 9.1052191409416
"666" 658 3.65246538476468 52.4688994231329 9.1118487930451
"667" 659 3.65363366123566 52.5413200742384 9.118473438701
"668" 660 3.65492089621643 52.6137318763162 9.12509308927778
"669" 661 3.656242792443 52.6861348438884 9.1317077561025
"670" 662 3.65756002762501 52.7543317830058 9.13831745045766
"671" 663 3.65888048579657 52.8213258971664 9.14492218358472
"672" 664 3.66018806293815 52.890448648192 9.15152196668175
"673" 665 3.66151752535276 52.9587266789086 9.1581168109055
"674" 666 3.66307536217591 53.0269910554186 9.16470672736989
"675" 667 3.66449139840623 53.0952418009814 9.17129172714856
"676" 668 3.66584880535199 53.1634789387632 9.17787182127183
"677" 669 3.66712251916548 53.2317024918774 9.18444702073093
"678" 670 3.66833789140059 53.3001832293524 9.19101733647459
"679" 671 3.66966021728101 53.3705801078925 9.1975827794114
"680" 672 3.67085853346561 53.4409660267956 9.20414336040881
"681" 673 3.67220703954315 53.5113410041181 9.21069909029479
"682" 674 3.67356454957116 53.5780620933647 9.2172499798561
"683" 675 3.67473781797566 53.6435552264483 9.22379603983997
"684" 676 3.67599542246678 53.713723784013 9.23033728095452
"685" 677 3.67731072551738 53.7792019363888 9.23687371386761
"686" 678 3.6785252014674 53.850259561372 9.24340534920778
"687" 679 3.67979650165409 53.9202137447504 9.24993219756476
"688" 680 3.68121403245267 53.9853198054655 9.25645426948925
"689" 681 3.68261350549593 54.059810044937 9.26297157549311
"690" 682 3.68399303892885 54.1364987575858 9.2694841260496
"691" 683 3.68539338427199 54.2072396607541 9.27599193159401
"692" 684 3.6868207348953 54.2774940921077 9.28249500252318
"693" 685 3.68815616774554 54.3472467322699 9.2889933491958
"694" 686 3.68953805815382 54.4130121150359 9.29548698193357
"695" 687 3.69091456228555 54.4787619203207 9.30197591101994
"696" 688 3.6922226051372 54.547821701377 9.30846014670095
"697" 689 3.69352589486298 54.6158852613765 9.31493969918648
"698" 690 3.69489958209836 54.6845029766896 9.32141457864781
"699" 691 3.69637969521864 54.7562782486379 9.32788479522106
"700" 692 3.69762428808668 54.8279672499162 9.33435035900392
"701" 693 3.69895587275233 54.8967353674073 9.34081128006002
"702" 694 3.70018609271937 54.9620840960728 9.34726756841447
"703" 695 3.70147053892054 55.034740514993 9.35371923405738
"704" 696 3.70280661729423 55.1042175405003 9.3601662869433
"705" 697 3.70408144315734 55.1714558991848 9.36660873699018
"706" 698 3.70544068781229 55.2386389547405 9.37304659408133
"707" 699 3.7066415209442 55.3058083200928 9.37947986806404
"708" 700 3.70792268956577 55.3751738832673 9.38590856875076
"709" 701 3.70922532866985 55.4441425556836 9.39233270591863
"710" 702 3.71047253335041 55.5129812578176 9.39875228931069
"711" 703 3.71176093893535 55.5806184027829 9.40516732863458
"712" 704 3.71318756091763 55.6480814799765 9.41157783356432
"713" 705 3.71458473868481 55.7153632148969 9.41798381373813
"714" 706 3.71578952482261 55.7856194374266 9.42438527876155
"715" 707 3.71701706545485 55.8557108341205 9.43078223820535
"716" 708 3.71851656683522 55.9220625707382 9.43717470160741
"717" 709 3.71992097937273 55.9912907365077 9.44356267847106
"718" 710 3.72128097843001 56.0645633990322 9.44994617826661
"719" 711 3.72258092594026 56.1343813209701 9.45632521043062
"720" 712 3.72373929548841 56.2059395835172 9.46269978436701
"721" 713 3.72490122584132 56.2774723952729 9.46906990944687
"722" 714 3.72617582606981 56.3474887066732 9.47543559500824
"723" 715 3.72756084289866 56.4142143877712 9.48179685035599
"724" 716 3.72876631353215 56.4784485603988 9.48815368476301
"725" 717 3.72989771947173 56.543964795094 9.49450610747009
"726" 718 3.73107657036151 56.6150245569472 9.50085412768538
"727" 719 3.73233696327422 56.6884462081627 9.5071977545857
"728" 720 3.73356944294929 56.7566704718948 9.51353699731511
"729" 721 3.73488868591676 56.824607117595 9.51987186498628
"730" 722 3.73614826982544 56.8923745444719 9.5262023666809
"731" 723 3.7373823467506 56.9574229365428 9.53252851144885
"732" 724 3.73874247511415 57.0217001110319 9.53885030830776
"733" 725 3.73998262904206 57.0888063580854 9.54516776624626
"734" 726 3.74121909640113 57.162387480887 9.55148089422046
"735" 727 3.74250818524802 57.2319970867434 9.55778970115586
"736" 728 3.7437095631596 57.294756355686 9.56409419594794
"737" 729 3.74491680352735 57.3652655220312 9.57039438746144
"738" 730 3.74624966004231 57.4315946533596 9.57669028453004
"739" 731 3.74744596729886 57.4978132751388 9.5829818959584
"740" 732 3.74859084340824 57.5640183247695 9.58926923052013
"741" 733 3.74981738650907 57.6302098235727 9.59555229695934
"742" 734 3.75118825098233 57.6963877928033 9.60183110399007
"743" 735 3.75249388507014 57.7625522536616 9.6081056602974
"744" 736 3.75367202984503 57.8287032272806 9.61437597453648
"745" 737 3.75482102466235 57.8950820592246 9.6206420553332
"746" 738 3.75611243764732 57.9667948954007 9.62690391128374
"747" 739 3.75722262510789 58.038500268177 9.63316155095526
"748" 740 3.75842629179647 58.1088508367661 9.63941498288735
"749" 741 3.75975664873598 58.1709462261913 9.64566421558908
"750" 742 3.76097629156481 58.2328405506552 9.65190925754184
"751" 743 3.76218299456982 58.3043409135459 9.65815011719832
"752" 744 3.76338149997255 58.3762501148899 9.66438680298207
"753" 745 3.76445893145852 58.4453246529991 9.6706193232894
"754" 746 3.76571078563587 58.5179178708537 9.67684768648799
"755" 747 3.76682705207748 58.5855314457284 9.68307190091744
"756" 748 3.76803213161843 58.6541690918566 9.68929197489028
"757" 749 3.76923598655715 58.7228079316009 9.69550791669017
"758" 750 3.77052247670738 58.7903452701417 9.70171973457341
"759" 751 3.77168911840957 58.8580228369446 9.70792743677007
"760" 752 3.77287931530621 58.9257060144783 9.71413103148076
"761" 753 3.77406283099026 58.9917771916271 9.72033052688016
"762" 754 3.77523699254114 59.0560336934591 9.72652593111625
"763" 755 3.77632700869115 59.124810884257 9.73271725230905
"764" 756 3.77758766479503 59.1940354070036 9.73890449855184
"765" 757 3.77872087657251 59.2615841314524 9.74508767791233
"766" 758 3.78000577116012 59.3299909635097 9.75126679843002
"767" 759 3.78111628816266 59.393768823139 9.75744186811891
"768" 760 3.78222955462602 59.4588561363134 9.76361289496633
"769" 761 3.78346534014056 59.5295480426158 9.76977988693372
"770" 762 3.78477595667667 59.6010040682227 9.77594285195554
"771" 763 3.7859629645186 59.671671722527 9.78210179794148
"772" 764 3.78711867413717 59.740691775852 9.78825673277498
"773" 765 3.78817280582896 59.8077717915021 9.7944076643125
"774" 766 3.78933826685363 59.8746726013948 9.80055460038647
"775" 767 3.79044696835767 59.9384296927444 9.80669754880273
"776" 768 3.79150669053543 60.0058283752557 9.81283651734287
"777" 769 3.79260304222704 60.0732157450913 9.81897151376177
"778" 770 3.79379131477148 60.1405918188598 9.82510254579006
"779" 771 3.7949431819745 60.2079566131211 9.83122962113302
"780" 772 3.79613925411721 60.275310144391 9.83735274747118
"781" 773 3.79734160988429 60.3432184353963 9.84347193246026
"782" 774 3.79844459420589 60.4121008343753 9.84958718373073
"783" 775 3.79970460298262 60.4848507102798 9.85569850888885
"784" 776 3.80088783327576 60.5543050614597 9.86180591551673
"785" 777 3.80207017203637 60.6216295258395 9.86790941117141
"786" 778 3.80322760682464 60.6886668350547 9.87400900338542
"787" 779 3.80438946380804 60.7542428321098 9.88010469966842
"788" 780 3.80555018401316 60.823949402987 9.88619650750532
"789" 781 3.80670977000753 60.8914212835467 9.89228443435638
"790" 782 3.80786822434974 60.9586507966162 9.89836848765889
"791" 783 3.80906314467353 61.0258692041436 9.90444867482581
"792" 784 3.81017259966216 61.092278311757 9.91052500324747
"793" 785 3.8113222526505 61.1569119071969 9.91659748028926
"794" 786 3.81261022923198 61.2256677905042 9.92266611329431
"795" 787 3.8138467790287 61.2950847505397 9.92873090958224
"796" 788 3.81508009739972 61.3625345690903 9.93479187644835
"797" 789 3.81625097751597 61.4299736580449 9.94084902116643
"798" 790 3.81741400956707 61.4974020327167 9.94690235098648
"799" 791 3.81862266669031 61.5648197083711 9.95295187313496
"800" 792 3.81977025004578 61.6320043170584 9.95899759481716
"801" 793 3.82106291809631 61.699146472347 9.96503952321387
"802" 794 3.82225599010343 61.7692201048068 9.97107766548435
"803" 795 3.82339139978762 61.8399559002051 9.977112028765
"804" 796 3.82456182185872 61.9080454154748 9.98314262016983
"805" 797 3.82576069945114 61.9736008208841 9.98916944679127
"806" 798 3.82686436788442 62.0391439503469 9.99519251569792
"807" 799 3.8280665291886 62.1046748215511 10.0012118339382
"808" 800 3.82917538672018 62.1700266668708 10.0072274085368
"809" 801 3.83047592886617 62.236001983479 10.0132392464971
"810" 802 3.83175893709941 62.3055665273505 10.0192473548017
"811" 803 3.83295415687597 62.3771093649271 10.0252517404096
"812" 804 3.83414827228505 62.4457920984798 10.0312524102598
"813" 805 3.83528578485347 62.5107824898342 10.0372493712687
"814" 806 3.83633050431348 62.5725015962702 10.0432426303316
"815" 807 3.8375664261683 62.6388159262308 10.0492321943225
"816" 808 3.8387237262789 62.7058443589912 10.0552180700939
"817" 809 3.83985188964386 62.7728621591324 10.0612002644782
"818" 810 3.84108104111376 62.8414010548642 10.0671787842849
"819" 811 3.84210298551427 62.9105265619233 10.0731536363034
"820" 812 3.84323043946789 62.9789933448548 10.0791248273032
"821" 813 3.84437286569664 63.0476801345216 10.0850923640313
"822" 814 3.84548546689579 63.1146087938815 10.0910562532147
"823" 815 3.84677626123226 63.1801113236927 10.0970165015603
"824" 816 3.84805293571703 63.2466668670274 10.1029731157538
"825" 817 3.84928074668878 63.3153496482126 10.1089261024599
"826" 818 3.85047127791445 63.3840235891859 10.1148754683247
"827" 819 3.85168670800848 63.4526887018813 10.1208212199721
"828" 820 3.85285542098903 63.5213388462752 10.1267633640076
"829" 821 3.85387392140902 63.5897356749845 10.1327019070147
"830" 822 3.85489908283811 63.6582890790167 10.1386368555588
"831" 823 3.85600793683527 63.7271029894098 10.1445682161835
"832" 824 3.85717774643526 63.7958822571213 10.1504959954136
"833" 825 3.85840239528704 63.8644946492675 10.1564201997548
"834" 826 3.85962965237313 63.933033688234 10.1623408356911
"835" 827 3.86085366545623 64.001491173499 10.1682579096889
"836" 828 3.8620173296022 64.0699398093125 10.1741714281942
"837" 829 3.86305528383685 64.1372818735657 10.1800813976339
"838" 830 3.86418785877242 64.2032843473717 10.1859878244147
"839" 831 3.865337106845 64.2692757676648 10.1918907149247
"840" 832 3.8663319017036 64.3352561496068 10.1977900755332
"841" 833 3.86739272918927 64.4012255083111 10.2036859125898
"842" 834 3.86832929509396 64.4671753888769 10.2095782324254
"843" 835 3.86927789943327 64.5348404896425 10.2154670413509
"844" 836 3.87047047285984 64.6036760532121 10.22135234566
"845" 837 3.87169309492877 64.6725033333612 10.2272341516267
"846" 838 3.87288103526301 64.7413223409829 10.2331124655057
"847" 839 3.8739215385161 64.8074880211878 10.2389872935345
"848" 840 3.87497393361589 64.8708439815836 10.2448586419311
"849" 841 3.87617606527773 64.9312540175418 10.2507265168955
"850" 842 3.87729386178815 64.992920178668 10.2565909246082
"851" 843 3.8782667000463 65.0585989451742 10.2624518712331
"852" 844 3.87941123221914 65.131556112942 10.268309362914
"853" 845 3.88055286367794 65.1988402187505 10.2741634057785
"854" 846 3.88163229764717 65.2642698308331 10.2800140059343
"855" 847 3.88279561682066 65.3291894348357 10.2858611694719
"856" 848 3.88397614285722 65.3940274195662 10.2917049024645
"857" 849 3.88513667474487 65.4538036440096 10.2975452109654
"858" 850 3.88630568606147 65.5184193313501 10.3033821010127
"859" 851 3.88740845360819 65.5857230022599 10.3092155786248
"860" 852 3.88861340393835 65.6544609859408 10.315045649803
"861" 853 3.88966869598295 65.7197457628171 10.3208723205317
"862" 854 3.89071956783974 65.785031942902 10.3266955967772
"863" 855 3.8918332007489 65.8545724331109 10.3325154844874
"864" 856 3.89291594927906 65.9238790038456 10.3383319895952
"865" 857 3.89412179840547 65.9890231159494 10.3441451180136
"866" 858 3.89522266612588 66.0539951117996 10.3499548756402
"867" 859 3.89624078801473 66.1228625660637 10.3557612683548
"868" 860 3.89745857674262 66.1919254212729 10.3615643020202
"869" 861 3.8985340903293 66.2609807076072 10.3673639824818
"870" 862 3.89963155962419 66.3299697689074 10.3731603155688
"871" 863 3.9007665550158 66.3986469830343 10.3789533070933
"872" 864 3.90178846175025 66.4643917449127 10.384742962849
"873" 865 3.90291694042796 66.5278120821448 10.3905292886158
"874" 866 3.90396439466696 66.5955331984055 10.3963122901546
"875" 867 3.90503325932755 66.6632456095825 10.402091973211
"876" 868 3.90601807268486 66.7313816180113 10.4078683435131
"877" 869 3.90704086612285 66.7996120120252 10.4136414067725
"878" 870 3.90816100296651 66.8678037987365 10.419411168686
"879" 871 3.90938234598556 66.9358682783234 10.4251776349316
"880" 872 3.91066649459988 67.0039244612033 10.4309408111729
"881" 873 3.91181554533629 67.07197235791 10.4367007030573
"882" 874 3.91285314358881 67.1400119789347 10.4424573162145
"883" 875 3.91389898010824 67.2080433347618 10.4482106562596
"884" 876 3.91508062530409 67.2764145190696 10.4539607287904
"885" 877 3.9162777104232 67.3443583671131 10.4597075393903
"886" 878 3.91733471702305 67.4099575128033 10.465451093626
"887" 879 3.91848568435846 67.4741064904608 10.4711913970482
"888" 880 3.91956852578668 67.5416233037005 10.4769284551918
"889" 881 3.92059686450841 67.6087924162443 10.4826622735765
"890" 882 3.92167430013939 67.6763109152928 10.4883928577059
"891" 883 3.92268152193178 67.7438208272271 10.4941202130686
"892" 884 3.92376635703727 67.8113221628479 10.4998443451361
"893" 885 3.92482336744604 67.8788149329619 10.505565259367
"894" 886 3.92585558555729 67.9458267035185 10.5112829612026
"895" 887 3.92709928707348 68.0108900363964 10.5169974560691
"896" 888 3.92825285649328 68.0793818049792 10.5227087493782
"897" 889 3.9292544343713 68.1471703039718 10.5284168465251
"898" 890 3.93019760877043 68.2146809812653 10.5341217528919
"899" 891 3.93119102159593 68.2835754898664 10.5398234738434
"900" 892 3.93221852621827 68.351025390281 10.5455220147311
"901" 893 3.93328729233123 68.4151878565123 10.5512173808897
"902" 894 3.93441508309363 68.4849150806964 10.5569095776409
"903" 895 3.93551648442254 68.5497886673291 10.5625986102908
"904" 896 3.93658209669416 68.6146516779744 10.5682844841296
"905" 897 3.93765998958174 68.6795041261674 10.5739672044343
"906" 898 3.93865287053127 68.7443460254132 10.5796467764672
"907" 899 3.93973992099152 68.809177389168 10.5853232054748
"908" 900 3.94074511170554 68.8739982308628 10.5909964966894
"909" 901 3.94182365665655 68.9388085639056 10.5966666553297
"910" 902 3.94290719530338 69.0035844540162 10.6023336865997
"911" 903 3.9439919013063 69.068267231264 10.607997595687
"912" 904 3.94507571181624 69.1329218798614 10.6136583877677
"913" 905 3.94616867138752 69.1975212379402 10.6193160680015
"914" 906 3.94729582313202 69.2621100154643 10.624970641536
"915" 907 3.94829589510598 69.3293449648372 10.6306221135021
"916" 908 3.94939965298778 69.3969575632377 10.6362704890187
"917" 909 3.9505016264954 69.4645621626763 10.6419157731887
"918" 910 3.95167213845894 69.5321587729174 10.6475579711029
"919" 911 3.95282335167804 69.5997474036891 10.653197087837
"920" 912 3.9538898705871 69.6656706199719 10.6588331284524
"921" 913 3.95490372800243 69.7315880436796 10.6644660979987
"922" 914 3.95598736025011 69.7997589691858 10.670096001509
"923" 915 3.95708853101632 69.8679224794956 10.675722844005
"924" 916 3.95819402290179 69.9349551094812 10.6813466304926
"925" 917 3.95930201543071 69.9966047548508 10.6869673659659
"926" 918 3.96039643082526 70.0652578079775 10.6925850554035
"927" 919 3.96142775109795 70.1317071542906 10.6981997037733
"928" 920 3.96245233288328 70.1970601280601 10.7038113160263
"929" 921 3.96350007058613 70.2622697291918 10.709419897103
"930" 922 3.96455318771426 70.3274349171397 10.7150254519281
"931" 923 3.96551445299268 70.3924940313641 10.7206279854151
"932" 924 3.96658253489572 70.4590035329186 10.7262275024627
"933" 925 3.9675798653448 70.526907867984 10.7318240079568
"934" 926 3.96856792720262 70.5962605977846 10.7374175067705
"935" 927 3.96957676712707 70.6596930322395 10.7430080037629
"936" 928 3.9705875795483 70.725986462182 10.7485955037814
"937" 929 3.97160566873537 70.7902661189829 10.754180011659
"938" 930 3.97261435289725 70.8596776569447 10.7597615322164
"939" 931 3.97360806282938 70.926704291742 10.7653400702615
"940" 932 3.97464713335133 70.9944878152462 10.7709156305883
"941" 933 3.97565567686267 71.0628045394199 10.776488217979
"942" 934 3.9766687890689 71.1273126176486 10.7820578372026
"943" 935 3.97780204231247 71.1942463944083 10.7876244930162
"944" 936 3.97904166984891 71.2611720496062 10.7931881901626
"945" 937 3.98009409822208 71.3280895928977 10.7987489333723
"946" 938 3.98104146048426 71.3949990339377 10.8043067273647
"947" 939 3.98198802858772 71.4615750601793 10.8098615768456
"948" 940 3.98304126258655 71.5273572710787 10.8154134865076
"949" 941 3.98412319856571 71.5858701824315 10.8209624610322
"950" 942 3.98496530989545 71.6442237865515 10.8265085050873
"951" 943 3.98596349036001 71.7025097643785 10.8320516233291
"952" 944 3.98706449742935 71.7636727544012 10.8375918204017
"953" 945 3.98813423565643 71.8306116723659 10.843129100936
"954" 946 3.98912909851905 71.8975426751923 10.8486634695515
"955" 947 3.99012315625556 71.9644657721915 10.854194930855
"956" 948 3.9910554578507 72.0313809726618 10.8597234894419
"957" 949 3.99209966971064 72.0979517395266 10.8652491498946
"958" 950 3.99304832434563 72.1608770304641 10.8707719167832
"959" 951 3.99408158045124 72.2263775973095 10.876291794668
"960" 952 3.99503721636148 72.2883613187047 10.8818087880939
"961" 953 3.99599312373567 72.3500804996854 10.8873229015975
"962" 954 3.99698449499993 72.4164130801297 10.8928341396998
"963" 955 3.99790259678506 72.4843681325853 10.8983425069137
"964" 956 3.99883681972251 72.5523162992206 10.9038480077372
"965" 957 3.99976850698874 72.6167646654411 10.909350646659
"966" 958 4.00071209480674 72.6800793325814 10.9148504281539
"967" 959 4.0017134796714 72.7459666921461 10.920347356687
"968" 960 4.00274058898805 72.8121243551846 10.9258414367104
"969" 961 4.00373774105716 72.874145790061 10.9313326726651
"970" 962 4.00464041258813 72.9352603575308 10.9368210689801
"971" 963 4.0056185838786 72.9963629813457 10.942306630074
"972" 964 4.00660371016148 73.0587518083577 10.9477893603536
"973" 965 4.00758508272168 73.1219058232644 10.9532692642127
"974" 966 4.00854607964659 73.1848705109209 10.958746346037
"975" 967 4.0095535280572 73.247782408119 10.9642206101971
"976" 968 4.0104222137177 73.3106836835524 10.9696920610544
"977" 969 4.01145836229237 73.374462523143 10.9751607029598
"978" 970 4.01246653129918 73.4397961862775 10.9806265402507
"979" 971 4.01340372187081 73.5051210902488 10.9860895772558
"980" 972 4.01431398486609 73.5704372452452 10.9915498182905
"981" 973 4.01533463957959 73.6357446614547 10.9970072676609
"982" 974 4.0162887918546 73.7010433490224 11.0024619296602
"983" 975 4.01728720241328 73.7642675622901 11.0079138085726
"984" 976 4.01821565360818 73.8263034234477 11.0133629086695
"985" 977 4.01914971054754 73.888328233427 11.0188092342129
"986" 978 4.02017043009541 73.9524087493003 11.0242527894532
"987" 979 4.02119037167643 74.0168947194599 11.0296935786292
"988" 980 4.02215873351392 74.0824946462626 11.0351316059708
"989" 981 4.02317640556492 74.1508177019749 11.0405668756953
"990" 982 4.02405695955918 74.2130791278883 11.0459993920102
"991" 983 4.02509524689326 74.275108665491 11.0514291591126
"992" 984 4.02616352709967 74.3408731718484 11.0568561811873
"993" 985 4.02713111300724 74.4091404301027 11.0622804624101
"994" 986 4.02810744922136 74.473738425851 11.0677020069458
"995" 987 4.02907937975742 74.5355027247855 11.0731208189486
"996" 988 4.03004626089895 74.5983416505391 11.0785369025625
"997" 989 4.03101239457765 74.6638903185625 11.0839502619198
"998" 990 4.03201323750807 74.7321620012737 11.0893609011439
"999" 991 4.03298737486314 74.7999309618112 11.0947688243476
"1000" 992 4.03392743240342 74.862864613811 11.1001740356315
"1001" 993 4.03488369903622 74.9257881401979 11.1055765390889
"1002" 994 4.03583835704062 74.9885592065119 11.1109763387998
"1003" 995 4.03679306641681 75.0521381810707 11.1163734388363
"1004" 996 4.03780317821101 75.1168542846334 11.1217678432594
"1005" 997 4.03883613141809 75.1815253210046 11.1271595561188
"1006" 998 4.03984766079113 75.246854462348 11.1325485814564
"1007" 999 4.04079471095409 75.3124118089914 11.1379349233014
"1008" 1000 4.04173039252481 75.3759058382312 11.1433185856755
