"T" "IC_low" "IC_up" "x_ML"
"1" 1.1 0.632615002945367 0.649387758415606 0.639006277168024
"2" 1.2 0.639525119848785 0.664758266780168 0.649134881465738
"3" 1.3 0.646231712659579 0.679241688807897 0.658780746245508
"4" 1.4 0.652734368357012 0.692975409588914 0.668001544192927
"5" 1.5 0.659029813967811 0.706081511746253 0.676844492646671
"6" 1.6 0.665166695212763 0.718588563358864 0.685348811208399
"7" 1.7 0.671122808608199 0.730628564620128 0.693547485691852
"8" 1.8 0.676885896620905 0.742269004354644 0.701468563156228
"9" 1.9 0.682506015081702 0.753574944628431 0.70913612159313
"10" 2 0.687968510997366 0.764602026157175 0.716571008686965
"11" 3 0.735785364210469 0.863381455473017 0.781258327102061
"12" 4 0.774203055077325 0.951342747795789 0.834220777843728
"13" 5 0.806555979410555 1.03460479135109 0.879882878249726
"14" 6 0.834373829023886 1.11583203877717 0.920460379416017
"15" 7 0.858913197345706 1.19545269155755 0.957245746779432
"16" 8 0.880696645222838 1.27413352178262 0.991068664968128
"17" 9 0.900432820413609 1.3506593029562 1.02249822968672
"18" 10 0.91856283896884 1.42707215519289 1.05194429627345
"19" 11 0.935249643896668 1.50218294083835 1.07971330022631
"20" 12 0.950704656786239 1.57666224549617 1.10604126023978
"21" 13 0.965143755697831 1.64996501851605 1.13111440306898
"22" 14 0.978736227446556 1.72375532417792 1.15508264119105
"23" 15 0.991469949976348 1.79621708134284 1.17806870979913
"24" 16 1.00338277699337 1.86886766481677 1.20017455503246
"25" 17 1.0147764605244 1.94039108484401 1.22148591912756
"26" 18 1.02558102532931 2.0119460561329 1.24207570668523
"27" 19 1.03580915712195 2.08176677494525 1.26200650524285
"28" 20 1.04566775606683 2.15286755700647 1.28133250558382
"29" 21 1.05506213646921 2.22179079359619 1.30010098736072
"30" 22 1.06403073006564 2.29133216337884 1.31835348427994
"31" 23 1.07265212148777 2.36097000747755 1.33612670927444
"32" 24 1.08098066766044 2.42988540820093 1.35345329730979
"33" 25 1.08900250014239 2.49846166832881 1.37036240781444
"34" 26 1.09673801969901 2.56600689415741 1.38688021777479
"35" 27 1.1042536415998 2.63456498111665 1.4030303287497
"36" 28 1.11140735823988 2.70215431267839 1.41883410544058
"37" 29 1.11828044969189 2.77048644694992 1.43431095934293
"38" 30 1.12508273807521 2.8378366500669 1.44947858796115
"39" 31 1.13161719806595 2.90547941949149 1.46435317778715
"40" 32 1.13791486465698 2.97164839053692 1.47894957751598
"41" 33 1.14406679484817 3.03810874740298 1.49328144665019
"42" 34 1.15019294604259 3.10440683062765 1.50736138362501
"43" 35 1.15605188768049 3.16987355793631 1.52120103679209
"44" 36 1.1618661351235 3.23594767375958 1.53481120097619
"45" 37 1.16755242624917 3.29989818954145 1.54820190182668
"46" 38 1.17287069536228 3.36527247449225 1.56138246979271
"47" 39 1.17825961823529 3.43027311462875 1.57436160523634
"48" 40 1.18339377037111 3.49484860455651 1.58714743594412
"49" 41 1.18859744554277 3.55839029138501 1.59974756809119
"50" 42 1.1936239063072 3.62249802129936 1.61216913154403
"51" 43 1.19851480098844 3.68874914070833 1.62441882024982
"52" 44 1.20323040695842 3.75419785146095 1.63650292834655
"53" 45 1.20799146915634 3.81869495117866 1.64842738253369
"54" 46 1.21255342456407 3.88324011063334 1.6601977711648
"55" 47 1.2171687665384 3.9464000811225 1.67181937045764
"56" 48 1.22150341634911 4.0096213269299 1.68329716816233
"57" 49 1.22584917779779 4.07086032694494 1.69463588498177
"58" 50 1.23009788658861 4.13314149034764 1.70583999399885
"59" 51 1.23430016826039 4.19700489937992 1.71691373833217
"60" 52 1.23843631935292 4.26047897675632 1.72786114721294
"61" 53 1.24246133969831 4.32314428575484 1.73868605065191
"62" 54 1.24637190461804 4.385523775184 1.74939209284416
"63" 55 1.25025340528215 4.44876207760874 1.75998274444142
"64" 56 1.25414166662342 4.51161852309139 1.77046131380665
"65" 57 1.25795880218408 4.57448625234105 1.78083095735155
"66" 58 1.26160321712598 4.63721749961186 1.7910946890467
"67" 59 1.26532466897816 4.6997598619564 1.80125538918347
"68" 60 1.26883186968521 4.76071946918542 1.81131581245821
"69" 61 1.27235611113734 4.82359621387014 1.8212785954416
"70" 62 1.27581309297387 4.88648309278705 1.83114626348903
"71" 63 1.27925028855789 4.94730287137106 1.8409212371424
"72" 64 1.28258316640302 5.01045195288214 1.85060583806788
"73" 65 1.28593736230023 5.07135419038881 1.86020229457031
"74" 66 1.28917185506609 5.13273939696576 1.86971274672019
"75" 67 1.29239603582526 5.19448855490139 1.87913925112605
"76" 68 1.29562713323102 5.25508896573188 1.88848378538159
"77" 69 1.29870951037217 5.31449785526469 1.89774825221415
"78" 70 1.30186411690058 5.37517542297801 1.90693448335872
"79" 71 1.30490361374819 5.43651165079738 1.91604424317914
"80" 72 1.30795268940358 5.49732507212522 1.92507923205642
"81" 73 1.31103407077934 5.558148646931 1.9340410895621
"82" 74 1.31392221103883 5.61959391949635 1.9429313974331
"83" 75 1.31686522321274 5.68086378946605 1.95175168236287
"84" 76 1.31980228839653 5.74174106248471 1.96050341862267
"85" 77 1.32277626411742 5.80180359542029 1.96918803052514
"86" 78 1.32558280895598 5.86183520800766 1.97780689474188
"87" 79 1.3284642589098 5.92127770770127 1.98636134248512
"88" 80 1.33124834102748 5.98049795769746 1.99485266156335
"89" 81 1.33392088831948 6.03912877773663 2.00328209831948
"90" 82 1.33661549776186 6.0974518794931 2.01165085945971
"91" 83 1.33935945129978 6.15887835254856 2.01996011378043
"92" 84 1.34200258688543 6.22035001229778 2.02821099380016
"93" 85 1.34458230563442 6.28096475488768 2.03640459730256
"94" 86 1.34708455716585 6.3391719038338 2.04454198879664
"95" 87 1.34971248366757 6.39566258203719 2.0526242008992
"96" 88 1.35228405144344 6.45359075680404 2.06065223564488
"97" 89 1.35475484582734 6.51246865411715 2.06862706572792
"98" 90 1.35720434327212 6.57146787596343 2.07654963568034
"99" 91 1.35958318269767 6.63250475103795 2.0844208629902
"100" 92 1.3619242328257 6.69119973695169 2.09224163916369
"101" 93 1.36433670246576 6.75065965211858 2.10001283073451
"102" 94 1.36686678335343 6.80892411432047 2.10773528022353
"103" 95 1.36928540650296 6.86884885466614 2.11540980705193
"104" 96 1.37157424286095 6.92728461074122 2.12303720841026
"105" 97 1.37389381571378 6.98683055251972 2.13061826008619
"106" 98 1.37627080413375 7.04520585291502 2.13815371725322
"107" 99 1.37856988575199 7.1033914910435 2.14564431522263
"108" 100 1.38076576217619 7.16004331685587 2.15309077016065
"109" 101 1.38299781761884 7.21612830511908 2.1604937797729
"110" 102 1.38521682687248 7.2724788654256 2.1678540239578
"111" 103 1.38732038792731 7.33028440802119 2.1751721654307
"112" 104 1.38951564049881 7.3893131580685 2.18244885032033
"113" 105 1.39162253304943 7.44534653491705 2.18968470873899
"114" 106 1.39376422702629 7.50595487006872 2.19688035532793
"115" 107 1.39579193470816 7.56322806256429 2.2040363897792
"116" 108 1.3978384808022 7.62050679795216 2.21115339733519
"117" 109 1.39996570775594 7.6779706020738 2.21823194926701
"118" 110 1.40207992033686 7.73652409743264 2.22527260333285
"119" 111 1.4041803280217 7.79396807250875 2.2322759042172
"120" 112 1.40621344934215 7.85232419693794 2.23924238395207
"121" 113 1.40822916926682 7.90888940750279 2.2461725623209
"122" 114 1.41022141504937 7.96739191477256 2.25306694724623
"123" 115 1.41214026381822 8.02413398537225 2.25992603516173
"124" 116 1.41409382430324 8.08431785883497 2.26675031136954
"125" 117 1.41599984157512 8.14219532396961 2.27354025038336
"126" 118 1.41789852872019 8.1987913374373 2.28029631625828
"127" 119 1.41986079854933 8.25600903232576 2.28701896290776
"128" 120 1.42178155129163 8.31260098376202 2.29370863440841
"129" 121 1.42367223448682 8.37151841379909 2.30036576529321
"130" 122 1.42556059151749 8.42794793166097 2.30699078083355
"131" 123 1.4274356899961 8.48718546947396 2.3135840973108
"132" 124 1.42917419552566 8.54430735347316 2.32014612227773
"133" 125 1.43097715921524 8.6021351024684 2.32667725481026
"134" 126 1.43276926127407 8.65790201006682 2.33317788575007
"135" 127 1.4345717124692 8.71639088534574 2.3396483979383
"136" 128 1.43624924932896 8.77405920161102 2.34608916644098
"137" 129 1.43791363522205 8.83120892653111 2.35250055876618
"138" 130 1.4397099131534 8.88744328006461 2.35888293507372
"139" 131 1.44128823194317 8.94425971259952 2.36523664837729
"140" 132 1.44301915753418 9.00069575234497 2.37156204473962
"141" 133 1.44473618809681 9.05700683942519 2.37785946346088
"142" 134 1.44637334219677 9.11559849074587 2.38412923726049
"143" 135 1.44805727174178 9.16916574735669 2.39037169245295
"144" 136 1.44971261374761 9.22773211815054 2.39658714911741
"145" 137 1.45147110861664 9.28245197430758 2.40277592126185
"146" 138 1.45311563051642 9.33779939921759 2.40893831698146
"147" 139 1.45492673024124 9.39384120952163 2.41507463861208
"148" 140 1.45660597609915 9.45079248723159 2.42118518287834
"149" 141 1.45829468787275 9.50824914859892 2.4272702410371
"150" 142 1.45997927319819 9.56470496659341 2.43333009901618
"151" 143 1.46165397261403 9.62049976300617 2.43936503754861
"152" 144 1.46329530728193 9.67690059550782 2.44537533230264
"153" 145 1.46495102043402 9.73426330310551 2.45136125400762
"154" 146 1.46659495844465 9.78932315411717 2.45732306857576
"155" 147 1.46816386468437 9.84718936718107 2.46326103722025
"156" 148 1.46973381468696 9.90244338860766 2.46917541656968
"157" 149 1.47134615635301 9.95856854901005 2.4750664587788
"158" 150 1.47291325292141 10.0140162130866 2.48093441163602
"159" 151 1.4744854385751 10.0673947790198 2.48677951866752
"160" 152 1.4760851632795 10.1207559815519 2.4926020192383
"161" 153 1.47757419688267 10.1784536272389 2.49840214865007
"162" 154 1.47911407659946 10.2330324818719 2.50418013823641
"163" 155 1.48047203718449 10.2867402488906 2.50993621545483
"164" 156 1.48196410373869 10.3422177848778 2.51567060397636
"165" 157 1.48353988049509 10.3962002482444 2.52138352377231
"166" 158 1.48511275778535 10.451459078759 2.52707519119874
"167" 159 1.48659442773042 10.5081335098994 2.53274581907822
"168" 160 1.48805867566634 10.5644343340652 2.53839561677938
"169" 161 1.48949324486313 10.6205307908987 2.54402479029425
"170" 162 1.49091760903847 10.673499241505 2.54963354231315
"171" 163 1.49236657539403 10.7293943742521 2.55522207229782
"172" 164 1.49382350471065 10.7828268721558 2.56079057655216
"173" 165 1.49524673420525 10.8381572545111 2.56633924829121
"174" 166 1.49671225964782 10.8949382663265 2.57186827770811
"175" 167 1.49811415767024 10.9520940756898 2.57737785203932
"176" 168 1.49953820323662 11.0104315937854 2.58286815562787
"177" 169 1.50102823103237 11.0625132291796 2.58833936998511
"178" 170 1.50242067543241 11.1163582723662 2.59379167385062
"179" 171 1.50371625361094 11.1717397990187 2.59922524325059
"180" 172 1.50509569436176 11.2269835144188 2.60464025155456
"181" 173 1.50645767974853 11.2823730620393 2.61003686953081
"182" 174 1.50777849497661 11.3371327084869 2.61541526540004
"183" 175 1.50907951524401 11.3910223108151 2.62077560488784
"184" 176 1.5103884318287 11.4468369431904 2.62611805127581
"185" 177 1.51174293784412 11.4999219055119 2.63144276545109
"186" 178 1.51307374996926 11.5552166295377 2.63674990595489
"187" 179 1.51440802664168 11.6076870731285 2.64203962902964
"188" 180 1.51568427419155 11.6600610549863 2.64731208866498
"189" 181 1.51702230753249 11.7143868155876 2.65256743664247
"190" 182 1.51832662954073 11.7673477012211 2.65780582257941
"191" 183 1.51963393097945 11.826864004515 2.66302739397125
"192" 184 1.52091406378498 11.880335049767 2.66823229623318
"193" 185 1.52225534831951 11.931618443119 2.67342067274058
"194" 186 1.523509052537 11.984365428937 2.67859266486848
"195" 187 1.52476399757713 12.0405538542939 2.68374841203004
"196" 188 1.52598955875483 12.0947870111899 2.6888880517142
"197" 189 1.52723537584411 12.1514069244078 2.69401171952216
"198" 190 1.52853576343878 12.2088236483064 2.69911954920324
"199" 191 1.52984587002663 12.2627523356957 2.7042116726898
"200" 192 1.53112346064876 12.315912619613 2.7092882201312
"201" 193 1.53242329962919 12.370620782734 2.71434931992705
"202" 194 1.53367169585251 12.4237849424915 2.71939509875978
"203" 195 1.53482572700171 12.4795760700478 2.7244256816262
"204" 196 1.53602068724495 12.5355469572838 2.72944119186849
"205" 197 1.5372758380716 12.5877946568941 2.73444175120441
"206" 198 1.53847537106895 12.6417227803809 2.73942747975684
"207" 199 1.53964920915023 12.6940039366737 2.74439849608266
"208" 200 1.54082052670581 12.7450304754415 2.74935491720077
"209" 201 1.54207155195496 12.7982959515026 2.7542968586198
"210" 202 1.54324822980048 12.8472340677928 2.75922443436486
"211" 203 1.54447358805501 12.8973877098429 2.76413775700394
"212" 204 1.54565553363877 12.947537914969 2.76903693767357
"213" 205 1.54676129622331 13.0032011734588 2.77392208610392
"214" 206 1.54793000305796 13.0567842498914 2.77879331064336
"215" 207 1.5491549102151 13.1122808537455 2.78365071828253
"216" 208 1.55026636478197 13.1639969875613 2.78849441467773
"217" 209 1.55150211530939 13.2168719295744 2.79332450417398
"218" 210 1.55266132700698 13.2683259190054 2.79814108982747
"219" 211 1.55374530145148 13.3182492973429 2.80294427342743
"220" 212 1.5549002612712 13.371315416988 2.80773415551776
"221" 213 1.55607904107465 13.4240198643673 2.81251083541798
"222" 214 1.55722698774129 13.4772509332357 2.81727441124386
"223" 215 1.5582538086988 13.5303750789092 2.82202497992748
"224" 216 1.55943576991989 13.5866633359446 2.82676263723703
"225" 217 1.56063345520018 13.6410046197728 2.83148747779609
"226" 218 1.56179466071214 13.6962422673639 2.83619959510243
"227" 219 1.56289600399482 13.7483620852091 2.84089908154662
"228" 220 1.5638536992791 13.8005999798175 2.84558602843006
"229" 221 1.5649231430027 13.8509612803868 2.85026052598269
"230" 222 1.56597945324447 13.9042810674886 2.85492266338041
"231" 223 1.56707706078253 13.9587012270597 2.85957252876201
"232" 224 1.56818715838468 14.0131829482539 2.86421020924589
"233" 225 1.5692882329189 14.0647307774169 2.86883579094637
"234" 226 1.57040967146774 14.1198180333517 2.87344935898954
"235" 227 1.57138066433104 14.1720235365931 2.87805099752913
"236" 228 1.57253560041553 14.224600350308 2.88264078976166
"237" 229 1.5736100994026 14.2773973478482 2.88721881794157
"238" 230 1.57464285778307 14.3299721080634 2.89178516339588
"239" 231 1.57559752846674 14.3845309273895 2.89633990653873
"240" 232 1.57664655520549 14.4412715583095 2.90088312688546
"241" 233 1.57761450052336 14.4959480366101 2.9054149030665
"242" 234 1.57856018155181 14.5485451379721 2.90993531284092
"243" 235 1.57957529283415 14.6010044884843 2.91444443310982
"244" 236 1.58054786156715 14.654701185919 2.91894233992945
"245" 237 1.58153380611783 14.7101415165543 2.92342910852388
"246" 238 1.5826491919591 14.761555669875 2.92790481329777
"247" 239 1.58371870630316 14.8175850039138 2.93236952784844
"248" 240 1.58474231335653 14.869795236334 2.93682332497828
"249" 241 1.58573972533553 14.9224361861416 2.94126627670632
"250" 242 1.58674675166473 14.9754652182782 2.94569845428004
"251" 243 1.58776982824159 15.0269903991468 2.95011992818678
"252" 244 1.58877754487003 15.0815628080953 2.95453076816484
"253" 245 1.58981852790322 15.1349765380551 2.9589310432146
"254" 246 1.59092704351437 15.1875984582747 2.96332082160917
"255" 247 1.59189353267026 15.2394475214295 2.9677001709051
"256" 248 1.59289163085695 15.2892726040587 2.97206915795269
"257" 249 1.59393226904785 15.3424271138918 2.97642784890621
"258" 250 1.59488372632808 15.3944585767316 2.98077630923399
"259" 251 1.59581991061751 15.4460110565104 2.98511460372804
"260" 252 1.59676984440678 15.4991971881477 2.98944279651391
"261" 253 1.59775885612255 15.5537828846067 2.99376095106008
"262" 254 1.59878754283904 15.6026259776881 2.99806913018725
"263" 255 1.59970110031894 15.6523148370273 3.00236739607746
"264" 256 1.60068293791137 15.7041283206332 3.00665581028313
"265" 257 1.6016031359394 15.7550235284511 3.01093443373572
"266" 258 1.60262022332285 15.8053937831473 3.01520332675462
"267" 259 1.6035780149127 15.8581972461395 3.01946254905535
"268" 260 1.60447840125312 15.9087121486996 3.02371215975823
"269" 261 1.60538089248905 15.959709137846 3.0279522173963
"270" 262 1.60639017131135 16.0105867118567 3.03218277992351
"271" 263 1.60729255134611 16.062754985176 3.03640390472264
"272" 264 1.6082674322759 16.1153206433375 3.04061564861306
"273" 265 1.60917553091495 16.1658191115672 3.04481806785836
"274" 266 1.61004745737264 16.2199334444378 3.04901121817386
"275" 267 1.61089319593077 16.2747760102196 3.05319515473399
"276" 268 1.61164440021454 16.3295193855381 3.05736993217955
"277" 269 1.61246927470514 16.3853812709876 3.06153560462492
"278" 270 1.61341141237605 16.4365574297376 3.0656922256649
"279" 271 1.61435391786784 16.4927096422875 3.06983984838175
"280" 272 1.61525450421106 16.5438234268807 3.07397852535186
"281" 273 1.61618478289689 16.5966166300594 3.07810830865253
"282" 274 1.61712669284394 16.6503062665032 3.08222924986841
"283" 275 1.61800486152371 16.7003844589656 3.08634140009796
"284" 276 1.61887719681552 16.7503847589678 3.0904448099598
"285" 277 1.61970410022984 16.7992073086064 3.094539529599
"286" 278 1.62065310076178 16.850101784581 3.09862560869301
"287" 279 1.6214071561835 16.9028761524901 3.10270309645794
"288" 280 1.62226164050546 16.9525663375846 3.10677204165428
"289" 281 1.62313896646862 17.0055000189429 3.11083249259278
"290" 282 1.62403956556875 17.0534329155967 3.11488449714033
"291" 283 1.62490496937242 17.1021114409615 3.11892810272532
"292" 284 1.62585432489494 17.1519258303423 3.12296335634338
"293" 285 1.62677066916955 17.2026355953805 3.12699030456291
"294" 286 1.62759526844211 17.2543026218947 3.13100899353011
"295" 287 1.62845967320423 17.3030950973871 3.13501946897473
"296" 288 1.62924375237129 17.3555211707312 3.13902177621491
"297" 289 1.6300642208537 17.4081731227001 3.14301596016238
"298" 290 1.63086984940826 17.4562448216856 3.14700206532765
"299" 291 1.6316659638271 17.504824983871 3.15098013582473
"300" 292 1.63250684486629 17.554675823968 3.1549502153762
"301" 293 1.63323030631989 17.6068607536017 3.15891234731799
"302" 294 1.63409673904899 17.6558078555707 3.1628665746039
"303" 295 1.63493330690929 17.7062261795524 3.16681293981057
"304" 296 1.63580761904936 17.7601362067302 3.17075148514184
"305" 297 1.6365656323484 17.8110824156961 3.17468225243329
"306" 298 1.63740272198781 17.860144596909 3.17860528315681
"307" 299 1.63827881850373 17.9084598891371 3.18252061842469
"308" 300 1.63908255614115 17.9614997184902 3.18642829899435
"309" 301 1.63983696322808 18.0121590934342 3.19032836527218
"310" 302 1.64062336885235 18.0627394902795 3.19422085731791
"311" 303 1.64138987730891 18.1141884277846 3.19810581484872
"312" 304 1.64228587577327 18.1675111434522 3.20198327724319
"313" 305 1.64307453286929 18.2195105746186 3.20585328354541
"314" 306 1.64392118541951 18.2743370117469 3.20971587246888
"315" 307 1.64474961521984 18.3276434710356 3.21357108240028
"316" 308 1.64553579823909 18.3799108209314 3.21741895140342
"317" 309 1.64642223728952 18.4343207591389 3.22125951722289
"318" 310 1.64717730626873 18.4877033127738 3.22509281728777
"319" 311 1.64795663978729 18.5409381861065 3.22891888871539
"320" 312 1.64875869557902 18.5917002622555 3.23273776831483
"321" 313 1.64951164939429 18.646616735675 3.23654949259042
"322" 314 1.65024931287292 18.6975994149072 3.24035409774524
"323" 315 1.65099518723185 18.7484521040095 3.24415161968468
"324" 316 1.65172029282772 18.798855471427 3.24794209401968
"325" 317 1.6524769556028 18.8535813860827 3.25172555607014
"326" 318 1.65324440473341 18.9086156079967 3.25550204086822
"327" 319 1.65407659435418 18.9633573788526 3.2592715831614
"328" 320 1.65482343293046 19.0173095319809 3.26303421741611
"329" 321 1.65550582940679 19.0656487028809 3.2667899778203
"330" 322 1.65631184212137 19.1151748244368 3.27053889828702
"331" 323 1.65705069636345 19.1668572011416 3.2742810124573
"332" 324 1.65778845546207 19.2192370380462 3.27801635370304
"333" 325 1.65853126149265 19.266215445673 3.28174495513022
"334" 326 1.65929894835518 19.3156350622337 3.28546684958165
"335" 327 1.6600800178816 19.3685777271126 3.2891820696401
"336" 328 1.66083985576671 19.4198440437576 3.29289064763069
"337" 329 1.66158626467478 19.4741042618153 3.29659261562431
"338" 330 1.66243332684273 19.5231198799001 3.30028800543984
"339" 331 1.66308336748781 19.5749852658562 3.30397684864728
"340" 332 1.66382990117402 19.6273039241314 3.30765917657013
"341" 333 1.66458067087629 19.6776937779238 3.31133502028832
"342" 334 1.66528845097345 19.7282134518947 3.31500441064067
"343" 335 1.66603009491901 19.781067476866 3.31866737822756
"344" 336 1.6667646807218 19.830844877259 3.32232395341331
"345" 337 1.66751553875134 19.8842843685424 3.32597416632905
"346" 338 1.66826886068454 19.9346506274 3.32961804687471
"347" 339 1.66902095465201 19.9831033614584 3.33325562472193
"348" 340 1.66975172332739 20.0335874810631 3.3368869293162
"349" 341 1.67051561555353 20.0843221911608 3.3405119898793
"350" 342 1.67125370069468 20.1313803760953 3.34413083541168
"351" 343 1.67196917192517 20.1823656645465 3.34774349469479
"352" 344 1.67269694893287 20.2353301519476 3.35134999629339
"353" 345 1.67339838427745 20.2896048535085 3.35495036855764
"354" 346 1.67409485199387 20.3420756257859 3.35854463962553
"355" 347 1.67480182664228 20.3914926646961 3.36213283742494
"356" 348 1.67557243292814 20.4395185670843 3.36571498967594
"357" 349 1.67631212354026 20.4903127568431 3.3692911238928
"358" 350 1.67702396482015 20.5424640126998 3.37286126738614
"359" 351 1.67765905056699 20.5947040503211 3.37642544726509
"360" 352 1.67844078972189 20.644056191641 3.37998369043921
"361" 353 1.67918974023 20.6932591876549 3.38353602362064
"362" 354 1.67987141666524 20.7423559660871 3.38708247332608
"363" 355 1.68059623079946 20.7922038647899 3.39062306587867
"364" 356 1.68124046519217 20.8420194261583 3.39415782741013
"365" 357 1.68190292441909 20.8905738571179 3.39768678386249
"366" 358 1.68259359391805 20.9398860296559 3.40120996099011
"367" 359 1.68334989972094 20.99144424259 3.40472738436154
"368" 360 1.68398147916127 21.0436482400869 3.40823907936135
"369" 361 1.68469799272816 21.0946585800848 3.41174507119191
"370" 362 1.68532733085051 21.1466755195167 3.41524538487543
"371" 363 1.68598053522927 21.1985178351978 3.41874004525541
"372" 364 1.68665968772233 21.2479700753554 3.42222907699861
"373" 365 1.68735945385593 21.2953644088322 3.42571250459677
"374" 366 1.68807546595429 21.347526311153 3.42919035236829
"375" 367 1.68869271228449 21.3997661604921 3.43266264445994
"376" 368 1.68939797762919 21.4473517623924 3.43612940484858
"377" 369 1.69002251342272 21.4960031776528 3.43959065734269
"378" 370 1.69060752714753 21.5431191818569 3.44304642558411
"379" 371 1.6913476547794 21.5965412101077 3.44649673304972
"380" 372 1.69206727688812 21.6509909642691 3.44994160305279
"381" 373 1.69262718260666 21.7009586998028 3.45338105874483
"382" 374 1.69325068294537 21.751605284815 3.45681512311692
"383" 375 1.69394075332726 21.7999159031557 3.46024381900147
"384" 376 1.69465687355274 21.8465960497965 3.46366716907347
"385" 377 1.69521040876233 21.8968454042906 3.46708519585223
"386" 378 1.69588123965607 21.9475027651102 3.47049792170276
"387" 379 1.69651814893685 21.9985051013233 3.47390536883722
"388" 380 1.69717960407479 22.0483913106416 3.47730755931631
"389" 381 1.69787992303809 22.0967464528414 3.4807045150508
"390" 382 1.69854967065616 22.1494026107318 3.48409625780303
"391" 383 1.69921892471444 22.1998521010972 3.48748280918805
"392" 384 1.69988690341627 22.2496909508767 3.49086419067512
"393" 385 1.70058419994842 22.2994691631813 3.49424042358915
"394" 386 1.70121698847598 22.3469714225773 3.49761152911189
"395" 387 1.70190847293599 22.3953596489464 3.50097752828343
"396" 388 1.70254481825149 22.446845276203 3.50433844200332
"397" 389 1.70318644366796 22.4958639184405 3.50769429103198
"398" 390 1.70386354899937 22.5467515914084 3.51104509599211
"399" 391 1.70457244123218 22.5984167352626 3.51439087736966
"400" 392 1.70522139383494 22.6499743949894 3.5177316555153
"401" 393 1.70593329122219 22.6974918609439 3.52106745064554
"402" 394 1.70658136713239 22.7469393952159 3.524398282844
"403" 395 1.70720808123929 22.7964976426468 3.5277241720628
"404" 396 1.7078745575327 22.846315862125 3.53104513812331
"405" 397 1.70850146097695 22.8978823845515 3.53436120071782
"406" 398 1.70909584356724 22.9493784507942 3.53767237941034
"407" 399 1.70964156694019 22.9999449394809 3.54097869363794
"408" 400 1.71019968032014 23.0521652914788 3.544280162712
"409" 401 1.71081871057215 23.1042380835449 3.54757680581883
"410" 402 1.71141025257095 23.1560107995859 3.55086864202152
"411" 403 1.71206665976862 23.2064432652171 3.55415569026052
"412" 404 1.71262811611688 23.2547835836609 3.55743796935466
"413" 405 1.71330398615295 23.3048829711937 3.56071549800283
"414" 406 1.71392430889909 23.3575307304319 3.56398829478437
"415" 407 1.7145746857923 23.4104330227413 3.5672563781604
"416" 408 1.7151868024644 23.4624949254825 3.5705197664751
"417" 409 1.71582323758176 23.5095279002985 3.57377847795624
"418" 410 1.71642279939551 23.5558557147589 3.57703253071664
"419" 411 1.71701647812908 23.6041915488952 3.58028194275484
"420" 412 1.717535838147 23.6553474257827 3.58352673195644
"421" 413 1.71818543942202 23.7032091520969 3.58676691609469
"422" 414 1.71875469725206 23.7548975871186 3.59000251283188
"423" 415 1.71938404764244 23.8054643688395 3.59323353971989
"424" 416 1.71997098299221 23.8548278789627 3.59646001420142
"425" 417 1.72061595820021 23.9042845339872 3.59968195361095
"426" 418 1.72115614674411 23.9548822539331 3.60289937517549
"427" 419 1.72181618681128 24.0038853631264 3.60611229601545
"428" 420 1.72243011063479 24.0576742947689 3.60932073314594
"429" 421 1.72303718348685 24.1061232944569 3.61252470347729
"430" 422 1.72360154473424 24.1547231036677 3.61572422381597
"431" 423 1.72419073596726 24.2033950340612 3.61891931086573
"432" 424 1.72473144948518 24.2513860156988 3.62210998122827
"433" 425 1.72529790147714 24.2992960166306 3.62529625140396
"434" 426 1.72592953695688 24.3470101675325 3.62847813779317
"435" 427 1.72656718205971 24.3967023009099 3.63165565669658
"436" 428 1.727177567701 24.445971713314 3.63482882431641
"437" 429 1.7277874869028 24.4968679080621 3.63799765675694
"438" 430 1.72838682662646 24.5442991815393 3.64116217002551
"439" 431 1.72904319209631 24.5946823132676 3.6443223800334
"440" 432 1.72962461077631 24.6445487843052 3.64747830259634
"441" 433 1.73017306157202 24.6957574602899 3.65062995343566
"442" 434 1.73079086516091 24.7433628353824 3.6537773481788
"443" 435 1.73136132512045 24.7908473129217 3.65692050236021
"444" 436 1.73200004626539 24.8411661375174 3.66005943142204
"445" 437 1.73261644390263 24.8895281926957 3.66319415071491
"446" 438 1.73324900018665 24.9366348510223 3.66632467549876
"447" 439 1.73388541316235 24.9837246976664 3.66945102094355
"448" 440 1.73444655985385 25.0319556678115 3.67257320213001
"449" 441 1.73500813348256 25.081449334581 3.67569123405001
"450" 442 1.73559849344711 25.1311904518515 3.67880513160809
"451" 443 1.73623734069143 25.1808640519653 3.68191490962117
"452" 444 1.7367926252021 25.2330964454921 3.68502058282018
"453" 445 1.73735316521387 25.2810967844394 3.68812216585015
"454" 446 1.73793576193288 25.3288224153434 3.691219673271
"455" 447 1.73849514073344 25.378022749838 3.69431311955848
"456" 448 1.73906286200994 25.4256995776275 3.6974025191046
"457" 449 1.73960656152153 25.4732365824108 3.7004878862184
"458" 450 1.74022329958907 25.5207509898836 3.70356923512654
"459" 451 1.74080113679571 25.5680442256655 3.7066465799741
"460" 452 1.74135073076461 25.6155820024496 3.70971993482504
"461" 453 1.74190385496139 25.6633553256691 3.71278931366295
"462" 454 1.74248942010511 25.7109361400716 3.71585473039177
"463" 455 1.7430637984343 25.75839244335 3.71891619883608
"464" 456 1.7436486644694 25.8061096543308 3.72197373274228
"465" 457 1.74421021048277 25.8555523065599 3.72502734577866
"466" 458 1.74475535554008 25.9079197644817 3.72807705153637
"467" 459 1.74530952318951 25.9602810325777 3.73112286352975
"468" 460 1.74585628415445 26.0113139168642 3.73416479519725
"469" 461 1.74640048150887 26.0608744676507 3.73720285990171
"470" 462 1.74695016386624 26.1103081053676 3.7402370709312
"471" 463 1.74754762736031 26.1594829701951 3.74326744149932
"472" 464 1.74802881961552 26.2068572196453 3.74629398474606
"473" 465 1.74858085092129 26.2575112435262 3.74931671373833
"474" 466 1.74912239498387 26.3052416707016 3.75233564147014
"475" 467 1.749663067294 26.3537328077553 3.75535078086384
"476" 468 1.75020135844934 26.4052275117252 3.75836214477006
"477" 469 1.75074054900315 26.4524088854887 3.7613697459685
"478" 470 1.75130066290411 26.5022695914659 3.76437359716849
"479" 471 1.75182497957193 26.5540703887303 3.76737371100945
"480" 472 1.7524015038134 26.6024503459667 3.77037010006168
"481" 473 1.75305223845555 26.6494283758715 3.77336277682645
"482" 474 1.75361947680917 26.696294633886 3.77635175373687
"483" 475 1.75414550534238 26.7465489584462 3.77933704315806
"484" 476 1.75469776486526 26.7973108972721 3.78231865738827
"485" 477 1.75521987719327 26.8475156278054 3.78529660865872
"486" 478 1.75575375294119 26.8932001167196 3.78827090913436
"487" 479 1.75629664048474 26.9421576261207 3.79124157091459
"488" 480 1.75691555611182 26.9909695563812 3.79420860603341
"489" 481 1.75741267915829 27.0413746910192 3.79717202646007
"490" 482 1.75790508522988 27.0899250927173 3.80013184409949
"491" 483 1.75845801881228 27.1400230399351 3.80308807079295
"492" 484 1.75903633889133 27.1876770563309 3.80604071831816
"493" 485 1.75960349605113 27.2352059631246 3.8089897983901
"494" 486 1.76013192127985 27.2827213543468 3.81193532266136
"495" 487 1.76065355964703 27.330223261639 3.81487730272251
"496" 488 1.76117083949607 27.3784662380574 3.81781575010258
"497" 489 1.76166484019942 27.4255964344634 3.82075067626974
"498" 490 1.76215932222027 27.4757672118055 3.82368209263145
"499" 491 1.76268460897833 27.5244018779296 3.82661001053507
"500" 492 1.76317810937736 27.5696504350044 3.82953444126819
"501" 493 1.76367146238256 27.6227712621994 3.83245539605914
"502" 494 1.76409474035092 27.6766976690823 3.83537288607743
"503" 495 1.7646660703135 27.7248381989155 3.83828692243424
"504" 496 1.76517066829162 27.7702720671347 3.84119751618256
"505" 497 1.76568275526291 27.8181385452136 3.84410467831794
"506" 498 1.76614136958466 27.8677394251246 3.84700841977883
"507" 499 1.76664484668381 27.9151448803643 3.84990875144674
"508" 500 1.76710744654961 27.9638965186101 3.85280568414692
"509" 501 1.76762102016778 28.0146263339671 3.85569922864884
"510" 502 1.76815374067446 28.060931004071 3.85858939566627
"511" 503 1.7687200076327 28.1083224481571 3.86147619585781
"512" 504 1.76921387909657 28.1541606457677 3.86435963982737
"513" 505 1.76967920879404 28.2054551673414 3.86723973812453
"514" 506 1.77025860372445 28.2558188759561 3.87011650124492
"515" 507 1.77076002108436 28.3039967549903 3.87298993963053
"516" 508 1.77129077598515 28.3520309085018 3.87586006367007
"517" 509 1.77184335029692 28.3987777518883 3.87872688369951
"518" 510 1.77234586901125 28.4458013692095 3.88159041000232
"519" 511 1.7728522552556 28.4944902440918 3.88445065280985
"520" 512 1.7733403298881 28.5423866069527 3.88730762230191
"521" 513 1.77383572451695 28.5853429602537 3.89016132860661
"522" 514 1.77433026113759 28.6382607847205 3.89301178180138
"523" 515 1.77482458983126 28.6888184958716 3.89585899191263
"524" 516 1.77533651753832 28.7369209448366 3.89870296891691
"525" 517 1.77585455741613 28.785012141195 3.90154372274042
"526" 518 1.77637170719616 28.8347297021274 3.90438126325999
"527" 519 1.77686680275164 28.8839366747704 3.90721560030303
"528" 520 1.77735490831652 28.9326725293071 3.9100467436483
"529" 521 1.77777118811875 28.9813982547763 3.91287470302559
"530" 522 1.77828897934616 29.0300309608505 3.91569948811673
"531" 523 1.77875294183165 29.0803170586489 3.91852110855551
"532" 524 1.77927375848688 29.1279975274057 3.92133957392816
"533" 525 1.77980306374946 29.1772264241067 3.92415489377369
"534" 526 1.78026607118422 29.227471019349 3.92696707758395
"535" 527 1.78069037342523 29.2767708513931 3.9297761348045
"536" 528 1.78117041303054 29.3245130672735 3.93258207483432
"537" 529 1.78161949435254 29.3770342674669 3.93538490702654
"538" 530 1.7821286762309 29.4250016682327 3.93818464068855
"539" 531 1.78257685668758 29.4734420777718 3.94098128508235
"540" 532 1.78309260734992 29.5241764182128 3.943774849425
"541" 533 1.78357643534534 29.5765741225131 3.94656534288858
"542" 534 1.78410380967119 29.6232848334984 3.94935277460086
"543" 535 1.78453023966026 29.6714798971203 3.95213715364551
"544" 536 1.7850344414832 29.7179711782148 3.95491848906209
"545" 537 1.78550050480549 29.7639553770964 3.95769678984687
"546" 538 1.78595024736199 29.8124484674819 3.96047206495256
"547" 539 1.78643255178537 29.8612714483588 3.96324432328915
"548" 540 1.78695037083578 29.9096512653416 3.96601357372368
"549" 541 1.78742199435798 29.9552929839721 3.96877982508088
"550" 542 1.78790955278404 30.0071084699514 3.97154308614334
"551" 543 1.78839204163225 30.0597792634161 3.97430336565172
"552" 544 1.78894846337085 30.1049128994296 3.9770606723053
"553" 545 1.78950224946649 30.1530592969772 3.97981501476161
"554" 546 1.78993558876986 30.2020595700283 3.98256640163762
"555" 547 1.790369778727 30.2512321711371 3.98531484150917
"556" 548 1.79088977895505 30.298964998717 3.98806034291185
"557" 549 1.79136836214836 30.3480817346572 3.99080291434077
"558" 550 1.791817009604 30.3942805719385 3.99354256425117
"559" 551 1.79228724912259 30.4451068232854 3.99627930105873
"560" 552 1.79279954145049 30.4931315253794 3.99901313313927
"561" 553 1.79324439078742 30.5409694859169 4.00174406882983
"562" 554 1.79370019651558 30.5888086294211 4.00447211642817
"563" 555 1.79416965288574 30.6367179286633 4.00719728419366
"564" 556 1.79460545964022 30.685658354671 4.00991958034681
"565" 557 1.79502384423387 30.732414120044 4.01263901307044
"566" 558 1.79548458762725 30.7802085932423 4.01535559050892
"567" 559 1.79591830608791 30.8279928769552 4.01806932076926
"568" 560 1.79637668727293 30.8751587071579 4.02078021192079
"569" 561 1.79684324964422 30.9201779615301 4.02348827199575
"570" 562 1.79731670468562 30.9675226861027 4.02619350898931
"571" 563 1.79777043541912 31.0157366652539 4.02889593085982
"572" 564 1.7981719382935 31.0627897283376 4.03159554552921
"573" 565 1.79869116571744 31.111275555358 4.03429236088313
"574" 566 1.7991744398565 31.1595335356508 4.03698638477106
"575" 567 1.79966205999453 31.2072445783182 4.03967762500684
"576" 568 1.80019610452595 31.2554179683919 4.04236608936847
"577" 569 1.80064964219497 31.3004409292445 4.04505178559862
"578" 570 1.8011024396153 31.3479278648362 4.047734721405
"579" 571 1.80151619705108 31.3945528906933 4.05041490446014
"580" 572 1.80191447637143 31.4413925637945 4.05309234240196
"581" 573 1.80230538163783 31.4925321506412 4.0557670428338
"582" 574 1.80275864607124 31.5424485233694 4.05843901332495
"583" 575 1.80319150672705 31.5910455288817 4.06110826141034
"584" 576 1.80366594774931 31.6397082168626 4.06377479459119
"585" 577 1.80413997031624 31.6896005230229 4.06643862033504
"586" 578 1.80460074418539 31.7388440961148 4.06909974607595
"587" 579 1.80507824330531 31.7870700702083 4.07175817921476
"588" 580 1.80548995008467 31.8349124718757 4.07441392711943
"589" 581 1.80594528537861 31.8826669992151 4.07706699712491
"590" 582 1.80647633085494 31.9312212686458 4.07971739653347
"591" 583 1.80688979380696 31.9797096388985 4.08236513261536
"592" 584 1.80730495707585 32.0278970554622 4.08501021260811
"593" 585 1.80771401581966 32.0760756513951 4.08765264371754
"594" 586 1.80811952028513 32.1242454433868 4.09029243311761
"595" 587 1.80855451974291 32.1723485980259 4.09292958795049
"596" 588 1.80897382465957 32.2204833276315 4.09556411532708
"597" 589 1.80941145017708 32.2677805830136 4.09819602232682
"598" 590 1.80985855509364 32.3167629856726 4.1008253159985
"599" 591 1.81031180932744 32.3648179677081 4.10345200335969
"600" 592 1.81073761595552 32.4122006240731 4.10607609139723
"601" 593 1.81117363098432 32.4587783438783 4.10869758706771
"602" 594 1.81161197999618 32.5045677471031 4.11131649729739
"603" 595 1.81201280025538 32.5524440873774 4.11393282898226
"604" 596 1.81245189377606 32.6003115108266 4.11654658898832
"605" 597 1.81291099285265 32.6479616979074 4.11915778415195
"606" 598 1.81335960235662 32.6944498301711 4.12176642127999
"607" 599 1.81379584525816 32.7414923421939 4.12437250714971
"608" 600 1.81428245946482 32.7885169066307 4.12697604850919
"609" 601 1.81476932441283 32.8361311230183 4.12957705207753
"610" 602 1.81520334668182 32.8834258821973 4.13217552454483
"611" 603 1.81566647389581 32.929473964239 4.13477147257246
"612" 604 1.81608671024394 32.978580356192 4.13736490279342
"613" 605 1.81653173626383 33.0249958964184 4.13995582181221
"614" 606 1.81695363957824 33.0702730650948 4.1425442362051
"615" 607 1.81742911491726 33.1171496366597 4.14513015252049
"616" 608 1.81788544788592 33.164016359305 4.14771357727849
"617" 609 1.8183788032348 33.2108732513003 4.15029451697204
"618" 610 1.818832891827 33.2577203308457 4.15287297806625
"619" 611 1.81923563075184 33.3043627284496 4.15544896699876
"620" 612 1.81960370986388 33.350488375843 4.1580224901802
"621" 613 1.8200515564594 33.3983166222702 4.16059355399398
"622" 614 1.82046326330454 33.4432099863063 4.16316216479666
"623" 615 1.82086936376486 33.4920223285799 4.16572832891798
"624" 616 1.82126513246566 33.5423213761195 4.16829205266129
"625" 617 1.82168485131106 33.5906557322982 4.17085334230317
"626" 618 1.82211798827792 33.6394926953904 4.17341220409423
"627" 619 1.82254767642444 33.6859860921782 4.17596864425888
"628" 620 1.82300485497136 33.7337643598511 4.17852266899538
"629" 621 1.82343683094779 33.7804704546336 4.18107428447622
"630" 622 1.82390145509884 33.8331930366488 4.18362349684829
"631" 623 1.82433872604578 33.8833221740888 4.18617031223302
"632" 624 1.82475442615412 33.9289632006557 4.18871473672617
"633" 625 1.82518612336547 33.973260567334 4.1912567763985
"634" 626 1.82560071543548 34.0165918456624 4.19379643729563
"635" 627 1.82604495289119 34.0618882692547 4.19633372543819
"636" 628 1.82649201408775 34.110032946399 4.19886864682191
"637" 629 1.8269261243008 34.1592637245697 4.20140120741806
"638" 630 1.82737398678235 34.2071752611133 4.20393141317314
"639" 631 1.82780925906356 34.2527435178464 4.20645927000938
"640" 632 1.82824367221681 34.3000050183074 4.20898478382486
"641" 633 1.82866437575744 34.3461880610378 4.21150796049343
"642" 634 1.82908698119622 34.3917041697528 4.21402880586487
"643" 635 1.82951718906344 34.4375469968564 4.2165473257654
"644" 636 1.82994739315793 34.4829509506855 4.21906352599719
"645" 637 1.83039301769043 34.5282106767501 4.22157741233905
"646" 638 1.83080433209373 34.5736948676385 4.22408899054639
"647" 639 1.83118425371572 34.6190983650773 4.22659826635104
"648" 640 1.83161030486426 34.664459418707 4.22910524546205
"649" 641 1.83197270908555 34.7098097955225 4.23160993356516
"650" 642 1.83238093967678 34.7555138641908 4.23411233632311
"651" 643 1.83278889107981 34.8018210327927 4.23661245937601
"652" 644 1.83313417266159 34.8511530152154 4.23911030834138
"653" 645 1.83360018779443 34.8970807811816 4.24160588881406
"654" 646 1.83394425234304 34.9456071775899 4.24409920636638
"655" 647 1.83436803373104 34.991714030555 4.24659026654859
"656" 648 1.83479084703112 35.0377496813859 4.24907907488871
"657" 649 1.83514542246549 35.0850961878069 4.25156563689262
"658" 650 1.83555733162116 35.1297404511023 4.25404995804441
"659" 651 1.83595029886525 35.17378343086 4.25653204380643
"660" 652 1.83633814435285 35.2186381500687 4.25901189961895
"661" 653 1.83672315129817 35.2650993512165 4.26148953090122
"662" 654 1.83714093112295 35.3115515009508 4.26396494305072
"663" 655 1.83757130516872 35.3579946148705 4.26643814144361
"664" 656 1.83794742654625 35.4044287085235 4.26890913143484
"665" 657 1.8383584791981 35.4508537974127 4.27137791835856
"666" 658 1.83876762718347 35.4972698969829 4.27384450752748
"667" 659 1.83920987488576 35.5436030989029 4.27630890423376
"668" 660 1.83958896383855 35.5921420590027 4.27877111374889
"669" 661 1.83998238678359 35.641229265527 4.28123114132326
"670" 662 1.84040771291766 35.6880027794389 4.28368899218718
"671" 663 1.84081775395304 35.7332116976494 4.28614467155042
"672" 664 1.84122411597679 35.7821899954566 4.2885981846024
"673" 665 1.84161045923919 35.8312309836159 4.2910495365125
"674" 666 1.84203333644275 35.8803440881597 4.29349873242961
"675" 667 1.84238355895106 35.9291622364135 4.29594577748304
"676" 668 1.84278222637216 35.9782960049276 4.29839067678205
"677" 669 1.84315332743631 36.0272618594553 4.3008334354163
"678" 670 1.84348338399536 36.0761771739817 4.30327405845564
"679" 671 1.84383509927533 36.1235675596871 4.30571255095043
"680" 672 1.84425373202524 36.1704365141799 4.30814891793155
"681" 673 1.84463342293738 36.2171152893019 4.31058316441047
"682" 674 1.84502727986014 36.263895150548 4.31301529537949
"683" 675 1.84539306652272 36.3109531449324 4.31544531581188
"684" 676 1.84579971924424 36.3578859652858 4.31787323066161
"685" 677 1.84610351035773 36.404563007537 4.32029904486405
"686" 678 1.84647748566042 36.4512318022724 4.32272276333531
"687" 679 1.84679521249123 36.4978923631205 4.32514439097336
"688" 680 1.84714668972469 36.5445447036522 4.32756393265675
"689" 681 1.84759821862483 36.5948633079483 4.32998139324628
"690" 682 1.84800091853094 36.6414050689172 4.33239677758372
"691" 683 1.84842912916943 36.6867948626058 4.33481009049271
"692" 684 1.84886097806265 36.7341411882942 4.33722133677872
"693" 685 1.84929073635404 36.7820354228515 4.33963052122906
"694" 686 1.84966308176513 36.8277220125785 4.34203764861279
"695" 687 1.85012728762464 36.8761689536974 4.3444427236812
"696" 688 1.85049468953116 36.9223722887464 4.34684575116763
"697" 689 1.85083572491901 36.9701414420221 4.3492467357875
"698" 690 1.85127661446838 37.0139509791925 4.35164568223888
"699" 691 1.85173561466782 37.0581285769369 4.35404259520201
"700" 692 1.85211879759141 37.1048525357905 4.35643747933957
"701" 693 1.85254875584193 37.1543242281279 4.35883033929721
"702" 694 1.85292150177493 37.2042478530887 4.36122117970272
"703" 695 1.85324759701944 37.2540772066746 4.36361000516687
"704" 696 1.85359533785411 37.3039025257315 4.36599682028362
"705" 697 1.85399306163891 37.3503608211833 4.36838162962947
"706" 698 1.8543537555913 37.3926761764373 4.37076443776394
"707" 699 1.85476935362289 37.4348784951942 4.37314524923003
"708" 700 1.85511609758922 37.4770685675633 4.37552406855355
"709" 701 1.85544500631783 37.5203660474194 4.37790090024381
"710" 702 1.855865488901 37.5697334807355 4.3802757487935
"711" 703 1.85624762210489 37.6166597425868 4.38264861867867
"712" 704 1.85670460332613 37.6633348702605 4.38501951435911
"713" 705 1.85712234581788 37.7103757930602 4.38738844027803
"714" 706 1.85745794379495 37.7623351870141 4.38975540086243
"715" 707 1.85780750584971 37.8134386349998 4.39212040052317
"716" 708 1.85821602378725 37.8598210369294 4.39448344365485
"717" 709 1.85857592562712 37.9060860344719 4.3968445346362
"718" 710 1.85888003252183 37.9520725164266 4.39920367782988
"719" 711 1.85916842050739 37.9980066462535 4.40156087758256
"720" 712 1.85954755637248 38.0439324498415 4.4039161382253
"721" 713 1.85994314955519 38.089849940403 4.40626946407356
"722" 714 1.86032204190184 38.1351417834329 4.40862085942697
"723" 715 1.86069934655158 38.1788353937708 4.41097032856937
"724" 716 1.86098921762129 38.2225185210399 4.4133178757695
"725" 717 1.86133142582542 38.2675144945036 4.41566350528057
"726" 718 1.86168586312069 38.316125791206 4.41800722134055
"727" 719 1.86202578838963 38.3634679881657 4.42034902817194
"728" 720 1.86235501410756 38.4066815890363 4.42268892998217
"729" 721 1.8627772887112 38.4530552988122 4.42502693096355
"730" 722 1.86310181172765 38.5008366953974 4.42736303529356
"731" 723 1.86344076724204 38.5497493977667 4.42969724713449
"732" 724 1.86385893074433 38.5959222887347 4.4320295706338
"733" 725 1.86421363622259 38.6429518112983 4.434360009924
"734" 726 1.86462335695634 38.6878539147004 4.43668856912337
"735" 727 1.86502455374029 38.7339349340514 4.43901525233512
"736" 728 1.86540373922419 38.783146793571 4.44134006364778
"737" 729 1.86579318450597 38.8324412299966 4.44366300713578
"738" 730 1.86611645416365 38.881574220013 4.44598408685877
"739" 731 1.86651213385857 38.9306541380326 4.44830330686206
"740" 732 1.86688339302144 38.9771480323441 4.45062067117689
"741" 733 1.86725414542167 39.0281218930488 4.45293618381997
"742" 734 1.86762127367523 39.0785172440824 4.45524984879405
"743" 735 1.86798798660354 39.1281391577772 4.45756167008793
"744" 736 1.86836224319671 39.177121414626 4.45987165167587
"745" 737 1.86870942526805 39.2264528504529 4.46217979751863
"746" 738 1.86909784730896 39.275730313302 4.46448611156293
"747" 739 1.86941798083917 39.3217467210719 4.46679059774188
"748" 740 1.86973843060796 39.3721929366979 4.4690932599743
"749" 741 1.87012198803378 39.422787260937 4.47139410216593
"750" 742 1.87050092523079 39.4722004921584 4.47369312820846
"751" 743 1.8708512564442 39.5205899140106 4.47599034198048
"752" 744 1.87124571859392 39.5654716295714 4.47828574734644
"753" 745 1.87158732752718 39.6143274648009 4.48057934815802
"754" 746 1.87194248380598 39.6628943138417 4.48287114825306
"755" 747 1.87229277721587 39.7091062223656 4.48516115145643
"756" 748 1.87264147632185 39.755310756057 4.48744936157954
"757" 749 1.87300068720811 39.8014371208984 4.48973578242085
"758" 750 1.87335041394686 39.8473868175443 4.49202041776554
"759" 751 1.87369789689205 39.8933289197753 4.49430327138576
"760" 752 1.87409362007965 39.9392634389624 4.49658434704078
"761" 753 1.87442532676055 39.9864102333436 4.49886364847691
"762" 754 1.87476682265224 40.0360392004124 4.50114117942749
"763" 755 1.87509404366459 40.0789970232829 4.50341694361338
"764" 756 1.87544006941578 40.1238105588921 4.50569094474225
"765" 757 1.87581808021572 40.169987937902 4.50796318650944
"766" 758 1.87616552965328 40.216012559765 4.51023367259756
"767" 759 1.87650671592193 40.2619751332451 4.51250240667673
"768" 760 1.87685882003164 40.3079119964633 4.51476939240438
"769" 761 1.87729510781405 40.3555540012946 4.51703463342592
"770" 762 1.8776804395956 40.4048844391583 4.51929813337384
"771" 763 1.87804382784042 40.4504161924524 4.52155989586864
"772" 764 1.87840453183452 40.5001443067469 4.52381992451861
"773" 765 1.87873677612517 40.5487195576382 4.52607822291948
"774" 766 1.87908715589834 40.5928737299465 4.5283347946555
"775" 767 1.87943604868292 40.6395530782222 4.53058964329787
"776" 768 1.8797497418417 40.6872971637662 4.53284277240683
"777" 769 1.88003972899786 40.7356363489219 4.5350941855296
"778" 770 1.88032176287964 40.7835477214777 4.53734388620239
"779" 771 1.88063363843783 40.8314159484693 4.53959187794886
"780" 772 1.88093107212704 40.8779563090037 4.54183816428136
"781" 773 1.88125708941611 40.9241292015691 4.54408274870015
"782" 774 1.88165895600846 40.9702951198066 4.54632563469377
"783" 775 1.88202017433482 41.0208650702424 4.5485668257393
"784" 776 1.88235007759697 41.0681562476376 4.55080632530235
"785" 777 1.88269458566299 41.113903265611 4.55304413683663
"786" 778 1.88299309199759 41.1605913526943 4.55528026378473
"787" 779 1.88328235738946 41.2076058755723 4.55751470957732
"788" 780 1.88358973022086 41.257205641231 4.55974747763417
"789" 781 1.88397124865133 41.3066754419327 4.5619785713634
"790" 782 1.88429862448276 41.352158638407 4.56420799416218
"791" 783 1.88466827382331 41.3972196771642 4.56643574941613
"792" 784 1.88503615155431 41.4422057155092 4.56866184049993
"793" 785 1.88539833133819 41.4885421521503 4.57088627077681
"794" 786 1.88572857678072 41.5377904493565 4.57310904359941
"795" 787 1.88603351577616 41.5868593656096 4.57533016230908
"796" 788 1.88633602337786 41.6350483583513 4.57754963023591
"797" 789 1.88672551361458 41.6847758632996 4.57976745069972
"798" 790 1.88703570562158 41.734500461917 4.58198362700877
"799" 791 1.88735105513907 41.7826524874753 4.58419816246126
"800" 792 1.88764221320768 41.8282187338585 4.58641106034371
"801" 793 1.88795666779519 41.8737776904218 4.58862232393263
"802" 794 1.88825287696641 41.9193293675248 4.59083195649377
"803" 795 1.88855796900918 41.9648737754904 4.59303996128177
"804" 796 1.88897113838098 42.0104109246248 4.59524634154124
"805" 797 1.88922686918919 42.0582016325794 4.597451100506
"806" 798 1.88968161309393 42.1047891321626 4.5996542413994
"807" 799 1.89000598482896 42.1496040692478 4.60185576743446
"808" 800 1.89031543374155 42.1935623952454 4.60405568181338
"809" 801 1.89061837079559 42.2379510082341 4.6062539877288
"810" 802 1.89092870559574 42.2842129973477 4.60845068836236
"811" 803 1.89127008063693 42.3305006341439 4.61064578688563
"812" 804 1.89163239934232 42.3753633451492 4.61283928646036
"813" 805 1.89192599576713 42.4231247890839 4.61503119023753
"814" 806 1.89221797760321 42.4685665685421 4.61722150135833
"815" 807 1.89257865733366 42.5108434010797 4.61941022295406
"816" 808 1.89288262019644 42.5562942378365 4.62159735814555
"817" 809 1.89320851273219 42.6017379472158 4.62378291004397
"818" 810 1.89361341226581 42.6471745391459 4.62596688175057
"819" 811 1.89390443790235 42.6926040235243 4.62814927635649
"820" 812 1.89429308213779 42.7380264102226 4.63033009694301
"821" 813 1.89459934996167 42.7834417090919 4.63250934658187
"822" 814 1.8948882606278 42.8288499299543 4.6346870283349
"823" 815 1.8952017860802 42.8742510826045 4.63686314525409
"824" 816 1.89554196184853 42.9196451768155 4.63903770038199
"825" 817 1.89583890043208 42.9648766750463 4.6412106967514
"826" 818 1.89620429236262 43.0100298878045 4.64338213738546
"827" 819 1.89647751466281 43.0550145597264 4.64555202529769
"828" 820 1.89681037665987 43.0964345998033 4.64772036349256
"829" 821 1.89713464359354 43.1378443502531 4.64988715496441
"830" 822 1.89747780909856 43.1853066321782 4.65205240269885
"831" 823 1.89773938586186 43.2365342216734 4.65421610967131
"832" 824 1.89800079144313 43.2806487019303 4.65637827884865
"833" 825 1.89835490770618 43.3272369741057 4.65853891318793
"834" 826 1.89871224050349 43.3702391088927 4.6606980156371
"835" 827 1.89906750321309 43.4151888904248 4.66285558913502
"836" 828 1.89937223183005 43.4624558756514 4.66501163661095
"837" 829 1.8996655878605 43.5054975708504 4.66716616098559
"838" 830 1.90004281292008 43.5485303563721 4.66931916517025
"839" 831 1.90035286170099 43.5943379134822 4.67147065206687
"840" 832 1.90067621216632 43.6412872849854 4.6736206245689
"841" 833 1.90101550892508 43.6882313558563 4.67576908556049
"842" 834 1.90135184928467 43.7346602241546 4.67791603791701
"843" 835 1.90168587391601 43.7799902586142 4.68006148450459
"844" 836 1.90200231109808 43.8257036831 4.68220542818087
"845" 837 1.90236367183429 43.8763679856331 4.68434787179464
"846" 838 1.90269549140083 43.9236787608224 4.68648881818561
"847" 839 1.90299523003515 43.9706891879577 4.68862827018476
"848" 840 1.90327432887053 44.017533197252 4.69076623061476
"849" 841 1.90361208665407 44.0662598968579 4.69290270228916
"850" 842 1.90399082235296 44.1113664812512 4.69503768801314
"851" 843 1.90435547659482 44.156885765209 4.69717119058289
"852" 844 1.90460705833171 44.2015017688296 4.69930321278672
"853" 845 1.90488431095028 44.2499823641968 4.70143375740354
"854" 846 1.90522637441725 44.2984593669285 4.70356282720437
"855" 847 1.90550702834747 44.3449500830248 4.7056904249515
"856" 848 1.90584077965262 44.3876215051813 4.70781655339899
"857" 849 1.90612284318038 44.431741580278 4.70994121529249
"858" 850 1.90642599268363 44.4813283557802 4.71206441336904
"859" 851 1.90675157548711 44.5283014480805 4.7141861503575
"860" 852 1.90704274082191 44.5740601985992 4.71630642897845
"861" 853 1.90742184998686 44.6206550142454 4.71842525194432
"862" 854 1.9077556484639 44.6707608267429 4.72054262195927
"863" 855 1.9080549809138 44.7177149139312 4.72265854171917
"864" 856 1.90835038685787 44.7607443157771 4.72477301391184
"865" 857 1.9086934783385 44.8076660203444 4.7268860412168
"866" 858 1.90903744541684 44.8545038177274 4.72899762630599
"867" 859 1.90938087800195 44.8975021778115 4.73110777184255
"868" 860 1.9096935062699 44.944430491353 4.73321648048223
"869" 861 1.90999966672747 44.9911787163423 4.73532375487263
"870" 862 1.91030229349034 45.0382128314885 4.7374295976533
"871" 863 1.91060868284236 45.085242090105 4.73953401145589
"872" 864 1.91091335621405 45.1321173531505 4.74163699890445
"873" 865 1.91122764998069 45.1785915493379 4.74373856261447
"874" 866 1.91156474080635 45.2236993008769 4.74583870519451
"875" 867 1.91185886974424 45.2701514768178 4.74793742924485
"876" 868 1.91220134182606 45.3167911009168 4.75003473735799
"877" 869 1.91253471388089 45.364455136547 4.75213063211904
"878" 870 1.9128853265021 45.4108306858142 4.75422511610506
"879" 871 1.91322713396626 45.4590034556859 4.75631819188547
"880" 872 1.91354707410773 45.5071309706342 4.75840986202252
"881" 873 1.91386065584414 45.54976487714 4.76050012907039
"882" 874 1.91419210244888 45.5921870428036 4.76258899557568
"883" 875 1.91448736770804 45.6372342847912 4.76467646407797
"884" 876 1.91477060823918 45.6830797571096 4.76676253710889
"885" 877 1.91508607625606 45.7277611064455 4.76884721719262
"886" 878 1.91539911613515 45.7751090285956 4.77093050684612
"887" 879 1.91576226624451 45.8215214074457 4.77301240857889
"888" 880 1.91610262756296 45.8679199107329 4.77509292489261
"889" 881 1.91645096297383 45.9147319514836 4.77717205828246
"890" 882 1.91676733411424 45.9614943179358 4.77924981123558
"891" 883 1.91703610116805 46.0081028669546 4.78132618623206
"892" 884 1.91732404465105 46.0546746183069 4.78340118574472
"893" 885 1.91761397558069 46.1012413297549 4.78547481223932
"894" 886 1.91790473826603 46.1488635312 4.78754706817439
"895" 887 1.91821314561647 46.194393261388 4.78961795600082
"896" 888 1.91855164351566 46.2387147862198 4.7916874781629
"897" 889 1.91891534163675 46.2833654756697 4.79375563709749
"898" 890 1.91922672033418 46.3279773397032 4.79582243523469
"899" 891 1.91949387905727 46.3725508765055 4.79788787499741
"900" 892 1.91980893053331 46.4171176962067 4.79995195880107
"901" 893 1.92010113971644 46.4616474945027 4.80201468905492
"902" 894 1.92041943150621 46.506088767854 4.80407606816078
"903" 895 1.92077980654785 46.5521569009818 4.8061360985132
"904" 896 1.92105317359973 46.5987313102601 4.80819478250052
"905" 897 1.92134814672253 46.6438611673356 4.81025212250349
"906" 898 1.92170514993222 46.6912231659131 4.81230812089693
"907" 899 1.92202404545937 46.7385577468112 4.81436278004758
"908" 900 1.92231635819051 46.7841782534 4.8164161023167
"909" 901 1.9226080091555 46.8283659140015 4.81846809005756
"910" 902 1.92289382081769 46.8725065634811 4.82051874561767
"911" 903 1.92316596467334 46.916640284432 4.82256807133704
"912" 904 1.92346998826002 46.9590192483189 4.82461606954962
"913" 905 1.92372444496292 46.996522131489 4.82666274258217
"914" 906 1.92404591871658 47.0398556164212 4.82870809275511
"915" 907 1.92434742930663 47.0854584054822 4.8307521223822
"916" 908 1.92459610810182 47.1315474494999 4.83279483377036
"917" 909 1.9249004604318 47.1737409513559 4.83483622922058
"918" 910 1.92514218846544 47.2173965377314 4.83687631102657
"919" 911 1.92546900231496 47.2618345396617 4.83891508147583
"920" 912 1.9257586972452 47.3062104988758 4.84095254284951
"921" 913 1.92600123596524 47.3505798688168 4.84298869742191
"922" 914 1.92623384573699 47.3948957815061 4.84502354746153
"923" 915 1.92650592933577 47.4392038421996 4.84705709522978
"924" 916 1.92684371845116 47.4835053007271 4.84908934298221
"925" 917 1.92714168517851 47.5278001652728 4.85112029296746
"926" 918 1.92742925011695 47.5726304528008 4.85314994742849
"927" 919 1.927753342658 47.6168303372709 4.85517830860128
"928" 920 1.92800407410316 47.6608921232467 4.85720537871614
"929" 921 1.92830975160494 47.7052721070079 4.85923115999659
"930" 922 1.92859214638375 47.7495561138652 4.86125565466021
"931" 923 1.92888126713798 47.7954367167883 4.86327886491844
"932" 924 1.92911475897873 47.8397054557141 4.86530079297595
"933" 925 1.92938990720133 47.8829060294437 4.86732144103225
"934" 926 1.92972296275051 47.9266533095161 4.8693408112797
"935" 927 1.93003524664891 47.9709872164182 4.87135890590509
"936" 928 1.93033006076116 48.0153147004604 4.8733757270891
"937" 929 1.93062896513888 48.0596002757126 4.87539127700621
"938" 930 1.93094112319364 48.1048530746682 4.87740555782461
"939" 931 1.931228479709 48.152542120824 4.87941857170715
"940" 932 1.93156421633408 48.1978217147445 4.88143032081
"941" 933 1.93192638481063 48.24305943069 4.88344080728357
"942" 934 1.93229290686898 48.2879864645695 4.88545003327247
"943" 935 1.93249990855246 48.3328541436633 4.88745800091519
"944" 936 1.93280921212665 48.3777942322492 4.88946471234421
"945" 937 1.93307579781358 48.4225445447991 4.8914701696868
"946" 938 1.93331812080855 48.4678814122612 4.89347437506322
"947" 939 1.93365257269965 48.5129839108732 4.89547733058895
"948" 940 1.93392823959762 48.5580807571708 4.89747903837318
"949" 941 1.93425634456275 48.604040148814 4.89947950051912
"950" 942 1.93456993674715 48.6518966424556 4.90147871912456
"951" 943 1.93485192821918 48.69974499707 4.90347669628119
"952" 944 1.93508215744938 48.7469024369693 4.90547343407555
"953" 945 1.93533312626037 48.7930352471242 4.90746893458796
"954" 946 1.93563816703298 48.8390280439708 4.90946319989301
"955" 947 1.93590348544272 48.8825030774334 4.91145623205976
"956" 948 1.93615706268918 48.9291676458818 4.91344803315191
"957" 949 1.93642620046977 48.9772071745932 4.91543860522722
"958" 950 1.93667355713005 49.0220337643939 4.91742795033778
"959" 951 1.93696564202837 49.0676480180278 4.91941607053029
"960" 952 1.93729298793419 49.1140938393736 4.92140296784604
"961" 953 1.93760463787889 49.1568361335241 4.9233886443202
"962" 954 1.93787351057324 49.1995364979435 4.92537310198286
"963" 955 1.93818658416526 49.2430625600778 4.92735634285872
"964" 956 1.93857511628049 49.2872496708628 4.92933836896666
"965" 957 1.93884041482972 49.3314305827508 4.93131918232009
"966" 958 1.93911030633336 49.3756053031048 4.93329878492777
"967" 959 1.93940579578624 49.4197738392394 4.93527717879161
"968" 960 1.9396267261033 49.463936198487 4.93725436590965
"969" 961 1.93990115437373 49.5080923881385 4.93923034827342
"970" 962 1.94016743088219 49.5544940773479 4.94120512786962
"971" 963 1.94041958765556 49.6018777359201 4.94317870667946
"972" 964 1.9406931285361 49.6492580307815 4.94515108667902
"973" 965 1.94095554506464 49.6915241910826 4.9471222698386
"974" 966 1.94123737307315 49.7354616760958 4.94909225812396
"975" 967 1.94154815149923 49.7831976546607 4.9510610534952
"976" 968 1.94182078441644 49.8307986608535 4.95302865790696
"977" 969 1.94211107092104 49.8741620590984 4.95499507330882
"978" 970 1.94241869593992 49.9178112662786 4.95696030164548
"979" 971 1.94272150881102 49.9681075581334 4.95892434485589
"980" 972 1.94297168782248 50.017827909239 4.96088720487472
"981" 973 1.9432430455461 50.0599474520989 4.96284888363037
"982" 974 1.94347830350824 50.1018603480596 4.96480938304672
"983" 975 1.94374376339685 50.1452355786173 4.96676870504288
"984" 976 1.9440947325449 50.192176300844 4.96872685153227
"985" 977 1.94437664697799 50.2388092853937 4.97068382442353
"986" 978 1.9446437439658 50.2803372212691 4.97263962562001
"987" 979 1.9449535384477 50.3244327307442 4.97459425702046
"988" 980 1.94525350764543 50.3720663673245 4.97654772051832
"989" 981 1.94550355003447 50.4196969354863 4.97850001800194
"990" 982 1.9458127479763 50.4673244385592 4.98045115135502
"991" 983 1.94608381962267 50.5149488798565 4.98240112245591
"992" 984 1.94633178236169 50.5625702626913 4.98434993317833
"993" 985 1.9465929395358 50.6101885903756 4.98629758539127
"994" 986 1.94687650590687 50.6577119946244 4.98824408095816
"995" 987 1.94713737236515 50.7052049631002 4.99018942173798
"996" 988 1.94737612225507 50.7519434269878 4.99213360958499
"997" 989 1.94762905121526 50.796891279705 4.99407664634833
"998" 990 1.94791853327867 50.8418338690983 4.99601853387198
"999" 991 1.9481752306701 50.8867712011216 4.99795927399613
"1000" 992 1.9484383517026 50.9317032816873 4.99989886855494
"1001" 993 1.94871120395677 50.9766301167235 5.00183731937901
"1002" 994 1.94897525529892 51.0215517121162 5.00377462829289
"1003" 995 1.94922464299289 51.0663602875229 5.0057107971176
"1004" 996 1.94948861649642 51.1109543695366 5.00764582766835
"1005" 997 1.94978763580739 51.155542987649 5.00957972175661
"1006" 998 1.95001029034832 51.2001261480195 5.01151248118875
"1007" 999 1.95030928479486 51.2447038567846 5.01344410776605
"1008" 1000 1.95061586109135 51.289276120085 5.01537460328585
