"T" "IC_low" "IC_up" "x_ML"
"1" 1.1 0.680641244097856 0.699284346627651 0.68836516979941
"2" 1.2 0.68905018290107 0.714465848135707 0.699576926796936
"3" 1.3 0.697001959626255 0.728493080387903 0.710045009644066
"4" 1.4 0.704556152135638 0.741545728408558 0.719870633077823
"5" 1.5 0.711769910022806 0.753744734857724 0.729135150153884
"6" 1.6 0.718647633691081 0.76522311947261 0.737904989646736
"7" 1.7 0.725237723915479 0.776082141791256 0.746235138980758
"8" 1.8 0.731576314512011 0.786415543622888 0.754171660378408
"9" 1.9 0.737638906824619 0.796245322077519 0.761753546685515
"10" 2 0.743495502026118 0.805625327258619 0.76901411535345
"11" 3 0.792125384829208 0.883034421357494 0.828798428045628
"12" 4 0.829032895046258 0.943671159686722 0.873906665992785
"13" 5 0.858442488642755 0.99533666953196 0.91051894797024
"14" 6 0.883078652829904 1.04181462153718 0.941530411717645
"15" 7 0.90406575600845 1.08448368788107 0.968545870377008
"16" 8 0.922400231918663 1.12399958907281 0.992553629609956
"17" 9 0.938714952213627 1.16139582052988 1.01420820391957
"18" 10 0.953194837814254 1.19710552304534 1.03396682874797
"19" 11 0.96644515722049 1.23125409656421 1.05216228707885
"20" 12 0.978444301083709 1.2636890998964 1.06904478222061
"21" 13 0.989576624101822 1.29500823262802 1.08480746400627
"22" 14 0.999848126682539 1.32507885287661 1.0996027400653
"23" 15 1.00938615685727 1.35398503983391 1.11355311060596
"24" 16 1.01827200808474 1.38216008289857 1.12675860307825
"25" 17 1.02659996402435 1.40949759722107 1.1393020167192
"26" 18 1.03442508830293 1.43592435769775 1.15125271133092
"27" 19 1.04189145442966 1.46134067815531 1.16266940175449
"28" 20 1.04892040099299 1.48621508331707 1.17360225690733
"29" 21 1.05553916582558 1.51076186054475 1.18409450213304
"30" 22 1.0618223037737 1.53473059486414 1.19418366015689
"31" 23 1.06796083549257 1.55799765745248 1.20390252467992
"32" 24 1.07385108926388 1.58107993496106 1.2132799331967
"33" 25 1.07936540757355 1.60373498393844 1.22234138698523
"34" 26 1.08469444297038 1.62603277255613 1.23110955332638
"35" 27 1.08984962044192 1.64745216421291 1.23960467594316
"36" 28 1.09476551596774 1.66890654818833 1.24784491317397
"37" 29 1.09959540885907 1.6895365453732 1.25584661870289
"38" 30 1.10414761570651 1.71012055724222 1.26362457622817
"39" 31 1.10852125492106 1.73009703079199 1.27119219689481
"40" 32 1.11278166001115 1.75004282471713 1.27856168639812
"41" 33 1.11691174911101 1.7696204076218 1.2857441872104
"42" 34 1.12084502825907 1.78880786721868 1.29274990026861
"43" 35 1.12472844077837 1.8078229979488 1.29958818960041
"44" 36 1.12842989781115 1.82656019506216 1.3062676726953
"45" 37 1.13205492952591 1.84518752860976 1.31279629890163
"46" 38 1.13554912468347 1.8635044576262 1.31918141771397
"47" 39 1.13902095414843 1.88136352496329 1.32542983848387
"48" 40 1.14240409191658 1.89899729065476 1.33154788282178
"49" 41 1.14569557297755 1.91644067879964 1.33754143074348
"50" 42 1.1489071169496 1.93351108213003 1.34341596144098
"51" 43 1.15206619278162 1.95039391137661 1.34917658941616
"52" 44 1.15505645930194 1.96786816263591 1.35482809659918
"53" 45 1.15802594545386 1.9844543570009 1.36037496097844
"54" 46 1.1609035909156 2.00102141930164 1.36582138218939
"55" 47 1.16379734177501 2.01728647330055 1.37117130444382
"56" 48 1.16652497873423 2.03353475319254 1.3764284371264
"57" 49 1.16929781839713 2.04965124316893 1.38159627333903
"58" 50 1.17186971877566 2.06572851072503 1.38667810663499
"59" 51 1.17443587727229 2.08189615925861 1.39167704615186
"60" 52 1.17696632336527 2.09751659505519 1.39659603032477
"61" 53 1.17943376775075 2.1129985615006 1.40143783933758
"62" 54 1.18188426624304 2.12844291752393 1.40620510644974
"63" 55 1.18426130205618 2.14354303628806 1.41090032831902
"64" 56 1.18661793156328 2.15825524890377 1.41552587442576
"65" 57 1.18895032019089 2.17318233622156 1.42008399569132
"66" 58 1.19115681095512 2.18796996126286 1.42457683237251
"67" 59 1.19337078719473 2.20232120715417 1.4290064213042
"68" 60 1.19548463296017 2.21680740511685 1.43337470255388
"69" 61 1.19754415678169 2.23092521850152 1.43768352554502
"70" 62 1.19962413345474 2.24564380407796 1.44193465469949
"71" 63 1.20167427888441 2.25983257408867 1.44612977464398
"72" 64 1.20363419487228 2.27413546704181 1.45027049502035
"73" 65 1.20559605497322 2.28789807331226 1.45435835493592
"74" 66 1.20753378573984 2.30196375144332 1.4583948270855
"75" 67 1.20941170031495 2.31607337852087 1.46238132157416
"76" 68 1.21130180349435 2.32939415002843 1.46631918946647
"77" 69 1.21317413237508 2.34281450947043 1.47020972608551
"78" 70 1.21497353791846 2.35662702735468 1.47405417408271
"79" 71 1.21680874329572 2.37005800138633 1.47785372629736
"80" 72 1.21859515390014 2.38309732059657 1.48160952842303
"81" 73 1.2203626619614 2.39577913583215 1.48532268149643
"82" 74 1.22212348767303 2.40877347424964 1.48899424422269
"83" 75 1.22376890114215 2.42191545114453 1.49262523515
"84" 76 1.2254430442631 2.43466951083636 1.49621663470515
"85" 77 1.22708758369349 2.44739032618545 1.49976938710059
"86" 78 1.22875288955247 2.45993572230452 1.50328440212269
"87" 79 1.23039593137378 2.47248032767167 1.50676255681002
"88" 80 1.23198537012396 2.48506619638191 1.51020469702966
"89" 81 1.23354445804962 2.49761284999544 1.51361163895907
"90" 82 1.23505346098905 2.5098971460473 1.51698417048005
"91" 83 1.23659489663304 2.52231240109823 1.52032305249125
"92" 84 1.23812460443441 2.534666644343 1.52362902014466
"93" 85 1.23961218944246 2.54688866859034 1.5269027840116
"94" 86 1.24103606842864 2.55879136081796 1.53014503118278
"95" 87 1.2425136967074 2.57115095592353 1.53335642630697
"96" 88 1.24394936395694 2.58326461095089 1.53653761257239
"97" 89 1.24537004057174 2.59543724191885 1.53968921263459
"98" 90 1.24673837141475 2.60749255439124 1.54281182949422
"99" 91 1.24809662725743 2.61890354139514 1.54590604732804
"100" 92 1.24942794506877 2.63039782468329 1.54897243227603
"101" 93 1.25074468953939 2.64187582987394 1.55201153318749
"102" 94 1.25205777787145 2.65333806249608 1.55502388232856
"103" 95 1.25335686696166 2.66466736612651 1.55800999605364
"104" 96 1.25471443325644 2.67611454786657 1.56097037544287
"105" 97 1.25599823662093 2.68754642613849 1.5639055069077
"106" 98 1.2572238179804 2.69931127987937 1.56681586276645
"107" 99 1.25848439496555 2.71041699075028 1.56970190179181
"108" 100 1.25970266167999 2.7216442060106 1.57256406973157
"109" 101 1.26098309579422 2.73314558514031 1.57540279980453
"110" 102 1.26215737207754 2.74429532699551 1.57821851317268
"111" 103 1.26337696538375 2.75531930412009 1.58101161939125
"112" 104 1.26458663976469 2.76620357622948 1.58378251683775
"113" 105 1.26573697271008 2.77723981353603 1.58653159312112
"114" 106 1.26691441867929 2.7884580381385 1.58925922547228
"115" 107 1.26803063148271 2.79983605574068 1.59196578111687
"116" 108 1.26917412823144 2.8107343672238 1.59465161763133
"117" 109 1.27030308029089 2.82200116704851 1.59731708328311
"118" 110 1.27143399433169 2.83230845774705 1.59996251735589
"119" 111 1.27253903440409 2.84273462235163 1.60258825046059
"120" 112 1.27361333627538 2.85294086736339 1.60519460483293
"121" 113 1.2747349030685 2.86432488324011 1.60778189461821
"122" 114 1.27583744716298 2.87508252359867 1.61035042614399
"123" 115 1.27698319955009 2.8854006399378 1.61290049818126
"124" 116 1.27803879143838 2.89618974162123 1.61543240219475
"125" 117 1.2790732335134 2.90672824051445 1.61794642258278
"126" 118 1.28013073155338 2.91733114895314 1.62044283690735
"127" 119 1.28116073384319 2.92765720094209 1.62292191611482
"128" 120 1.28216429207083 2.93760182352414 1.62538392474764
"129" 121 1.28312960102519 2.94828833010351 1.62782912114766
"130" 122 1.28414665193248 2.95837994932071 1.63025775765137
"131" 123 1.28515055868179 2.96874803551286 1.63267008077737
"132" 124 1.28612132163651 2.97873159234837 1.63506633140659
"133" 125 1.28715385845311 2.98892428648638 1.63744674495552
"134" 126 1.28815052872613 2.99925757489273 1.63981155154271
"135" 127 1.28913239386797 3.00930735427652 1.64216097614901
"136" 128 1.2900825524226 3.01900992475832 1.64449523877169
"137" 129 1.29101733175046 3.02904927734798 1.64681455457276
"138" 130 1.29194817649307 3.03885334380706 1.64911913402181
"139" 131 1.29289674497102 3.04882081943048 1.65140918303356
"140" 132 1.29381902772694 3.05840418425791 1.6536849031003
"141" 133 1.29473652853394 3.06831372410422 1.6559464914196
"142" 134 1.29567294144749 3.07788304439067 1.65819414101733
"143" 135 1.29657237384602 3.08758951155638 1.66042804086629
"144" 136 1.29745617000108 3.09732905175877 1.66264837600065
"145" 137 1.29836452517251 3.10685505928233 1.66485532762628
"146" 138 1.29923429640648 3.11711156038348 1.66704907322726
"147" 139 1.30013323020937 3.12697097006377 1.66922978666866
"148" 140 1.30098144125083 3.13633536606399 1.67139763829572
"149" 141 1.30184076176471 3.14607575055034 1.67355279502977
"150" 142 1.30268956693441 3.15539320521325 1.67569542046066
"151" 143 1.30353845851713 3.16480495359742 1.67782567493627
"152" 144 1.30438392312888 3.17448466969193 1.67994371564886
"153" 145 1.30523809162012 3.18388848637872 1.68204969671861
"154" 146 1.30607974487953 3.19342519873784 1.68414376927439
"155" 147 1.30691043454484 3.20283226237781 1.68622608153185
"156" 148 1.30771394645484 3.21211799336725 1.68829677886892
"157" 149 1.3085489396537 3.22104930516507 1.69035600389897
"158" 150 1.30934854421976 3.23012480050457 1.69240389654145
"159" 151 1.31015455126444 3.23971361252827 1.69444059409041
"160" 152 1.31095432091818 3.24928146865289 1.69646623128074
"161" 153 1.31178449744554 3.25805700028913 1.69848094035239
"162" 154 1.31255446180395 3.26727565281446 1.70048485111249
"163" 155 1.31335761087218 3.27627684441978 1.70247809099562
"164" 156 1.31409441618208 3.28495578751827 1.7044607851221
"165" 157 1.31484765112253 3.29427026685014 1.7064330563546
"166" 158 1.31562979526095 3.30328596838269 1.70839502535295
"167" 159 1.31640122991742 3.31256377303759 1.71034681062726
"168" 160 1.31717378888516 3.32132651447965 1.71228852858951
"169" 161 1.31790251314183 3.32999141501838 1.71422029360351
"170" 162 1.31864698501104 3.33899990003835 1.71614221803343
"171" 163 1.31937534366139 3.34806418865076 1.71805441229082
"172" 164 1.32015459052683 3.35726240945838 1.71995698488034
"173" 165 1.3208997748806 3.36565310837007 1.72185004244406
"174" 166 1.32161749010023 3.37449854957026 1.72373368980447
"175" 167 1.32233633623275 3.38355515549464 1.72560803000634
"176" 168 1.32307351723614 3.39233118359593 1.72747316435727
"177" 169 1.32378281686344 3.40138443824956 1.72932919246711
"178" 170 1.3244827596052 3.40995694127564 1.73117621228627
"179" 171 1.32518293722144 3.41874914389939 1.73301432014299
"180" 172 1.32588709283545 3.42750926118174 1.73484361077942
"181" 173 1.32654413814444 3.43634616527461 1.73666417738687
"182" 174 1.32720236828526 3.44468238655379 1.73847611163994
"183" 175 1.32787073940879 3.45299744900706 1.74027950372979
"184" 176 1.32853975695994 3.46160944773628 1.74207444239644
"185" 177 1.32920790958532 3.47045423868974 1.74386101496023
"186" 178 1.32985574008742 3.47895888257188 1.7456393073524
"187" 179 1.33055448612969 3.48736990511738 1.74740940414486
"188" 180 1.33119637419813 3.49522769154845 1.74917138857911
"189" 181 1.33185604902039 3.50334346239508 1.75092534259451
"190" 182 1.33252011036068 3.51175522670213 1.7526713468556
"191" 183 1.33313155511914 3.52012678752554 1.75440948077894
"192" 184 1.33376405993549 3.52863928834838 1.75613982255901
"193" 185 1.3344243106904 3.5370470630338 1.7578624491936
"194" 186 1.33508563543955 3.5449637581169 1.75957743650845
"195" 187 1.33570112341247 3.55356672381452 1.76128485918133
"196" 188 1.33628249172066 3.56197194013783 1.76298479076539
"197" 189 1.33688351506299 3.57043131921037 1.76467730371203
"198" 190 1.3374829022541 3.57824916537138 1.76636246939308
"199" 191 1.33809752668086 3.58639131668405 1.76804035812251
"200" 192 1.33873296722856 3.59467943000025 1.76971103917755
"201" 193 1.33936726297133 3.60259141255744 1.77137458081928
"202" 194 1.3399719904531 3.61037796925377 1.77303105031271
"203" 195 1.34055986918596 3.61873732012235 1.77468051394635
"204" 196 1.34115821982041 3.62728878046014 1.77632303705135
"205" 197 1.34177032709191 3.63565207148133 1.77795868402009
"206" 198 1.34237310731344 3.64348388647253 1.77958751832435
"207" 199 1.3429518689911 3.6509504609267 1.78120960253311
"208" 200 1.34353174393919 3.65856454513734 1.7828249983298
"209" 201 1.34408892822492 3.66653117150074 1.78443376652918
"210" 202 1.34467792799388 3.67460901367397 1.78603596709385
"211" 203 1.34525979420826 3.68228091774002 1.78763165915037
"212" 204 1.34587402079726 3.69011351844754 1.78922090100489
"213" 205 1.34644051827412 3.6980680210274 1.79080375015859
"214" 206 1.34702631180427 3.70602960258073 1.79238026332256
"215" 207 1.34754856712637 3.71412159459863 1.79395049643252
"216" 208 1.34813798414209 3.72215375950867 1.79551450466304
"217" 209 1.34868177190093 3.7299623961563 1.79707234244153
"218" 210 1.34921569545642 3.73768276998414 1.79862406346188
"219" 211 1.34978744604485 3.74535551683205 1.8001697206978
"220" 212 1.35033724951115 3.7528220194291 1.80170936641578
"221" 213 1.3508922168455 3.76059003811125 1.80324305218788
"222" 214 1.35140975616065 3.7682798571873 1.80477082890415
"223" 215 1.35196231170199 3.77572806183587 1.80629274678475
"224" 216 1.35252901892387 3.78348071931579 1.80780885539192
"225" 217 1.35307900551355 3.79135072783229 1.80931920364151
"226" 218 1.35358956254958 3.7990026577305 1.81082383981438
"227" 219 1.35413424608985 3.80663475765959 1.81232281156755
"228" 220 1.3546636091534 3.81425690481319 1.813816165945
"229" 221 1.35520302918095 3.8220002180297 1.81530394938834
"230" 222 1.35569254709258 3.82996663263366 1.81678620774723
"231" 223 1.3561994317642 3.83737649436782 1.8182629862895
"232" 224 1.35680208042777 3.84485175111227 1.81973432971113
"233" 225 1.357328598487 3.85264370226258 1.821200282146
"234" 226 1.3578640769769 3.86049946370842 1.82266088717541
"235" 227 1.35841399256237 3.86794474041561 1.82411618783741
"236" 228 1.35893363836904 3.87489786545307 1.82556622663594
"237" 229 1.35944796173586 3.88267460469213 1.82701104554974
"238" 230 1.35998271063024 3.89024934531681 1.82845068604114
"239" 231 1.36047335332182 3.89793185886261 1.8298851890646
"240" 232 1.36097818997523 3.90544430649849 1.83131459507509
"241" 233 1.36145648146251 3.91281221947666 1.83273894403635
"242" 234 1.36196047187716 3.92017388604683 1.83415827542888
"243" 235 1.36248013155221 3.92731341741768 1.83557262825785
"244" 236 1.36296236379022 3.93465784917118 1.83698204106082
"245" 237 1.36346983286404 3.94221304995238 1.83838655191527
"246" 238 1.3639552091148 3.9498007785833 1.83978619844606
"247" 239 1.36445883700399 3.95658117944227 1.84118101783263
"248" 240 1.36492714713933 3.96350297576315 1.84257104681615
"249" 241 1.36539933458544 3.97074336491925 1.84395632170648
"250" 242 1.36587721094199 3.97773596366327 1.84533687838896
"251" 243 1.36635600939498 3.98541267069935 1.84671275233119
"252" 244 1.36681305682726 3.99281644508763 1.84808397858949
"253" 245 1.36730938450156 4.00023397854846 1.8494505918154
"254" 246 1.36779468254046 4.00735821327311 1.85081262626197
"255" 247 1.36826066654478 4.01473214203781 1.85217011578993
"256" 248 1.36871724569675 4.02207497249596 1.85352309387374
"257" 249 1.36919388723308 4.02957090218853 1.85487159360756
"258" 250 1.3696146535646 4.03694010699237 1.85621564771108
"259" 251 1.37009505845522 4.0441362108853 1.85755528853521
"260" 252 1.3705352630247 4.05121228336416 1.85889054806771
"261" 253 1.37100591482893 4.05840451610781 1.86022145793865
"262" 254 1.37142897053156 4.06607648043081 1.86154804942587
"263" 255 1.37192347313638 4.07346163135546 1.86287035346021
"264" 256 1.3723634202832 4.08062908964256 1.86418840063077
"265" 257 1.3728199752045 4.08777049753352 1.8655022211899
"266" 258 1.37326194421753 4.09498644654921 1.86681184505831
"267" 259 1.37372272513858 4.10179258620879 1.86811730182993
"268" 260 1.37417475286988 4.10893503275577 1.86941862077669
"269" 261 1.37458793756695 4.11583146095824 1.87071583085331
"270" 262 1.37502507223961 4.12259081037509 1.8720089607019
"271" 263 1.37548327399551 4.12957590272131 1.87329803865652
"272" 264 1.37589122206649 4.1364869752546 1.87458309274766
"273" 265 1.3763563386604 4.14337939120313 1.8758641507066
"274" 266 1.37677577930313 4.15091556632999 1.87714123996975
"275" 267 1.37720107493073 4.15840628651873 1.87841438768289
"276" 268 1.37766774624186 4.16547677788996 1.87968362070529
"277" 269 1.37811368228271 4.1723939836842 1.88094896561376
"278" 270 1.37852478844645 4.17928699452483 1.88221044870678
"279" 271 1.3789125586302 4.18596423994041 1.88346809600831
"280" 272 1.3793034658503 4.19262625407955 1.88472193327169
"281" 273 1.37971881835119 4.19913614022827 1.88597198598348
"282" 274 1.38014550283177 4.20584983440143 1.88721827936714
"283" 275 1.38056490502735 4.21259893090919 1.88846083838674
"284" 276 1.38095934200241 4.21943242659912 1.88969968775047
"285" 277 1.38139465238048 4.22572850845129 1.89093485191431
"286" 278 1.38179640464756 4.23225206069632 1.89216635508541
"287" 279 1.38224219108651 4.23895684736688 1.89339422122552
"288" 280 1.38264669544094 4.24568335800846 1.89461847405436
"289" 281 1.38302170636043 4.25241891633996 1.89583913705295
"290" 282 1.38341988507502 4.25904548463469 1.89705623346678
"291" 283 1.38385118692518 4.26564208260205 1.89826978630907
"292" 284 1.38425513241483 4.27237969848769 1.89947981836385
"293" 285 1.38466345317235 4.27916358016968 1.90068635218907
"294" 286 1.38500900121788 4.28557128307814 1.90188941011962
"295" 287 1.38540907687454 4.29238233537399 1.90308901427031
"296" 288 1.38582721998634 4.29889289609186 1.90428518653877
"297" 289 1.38622152081953 4.30589012272828 1.90547794860837
"298" 290 1.38660157925968 4.31238799422607 1.90666732195104
"299" 291 1.38696893585152 4.31868140560997 1.90785332783001
"300" 292 1.38732545326319 4.32544921453269 1.90903598730261
"301" 293 1.38771682611748 4.33210543605093 1.91021532122292
"302" 294 1.38807486569304 4.33834556772125 1.91139135024445
"303" 295 1.38845024038 4.34473768776179 1.91256409482266
"304" 296 1.3888542910531 4.35130057241129 1.91373357521769
"305" 297 1.38923377893564 4.3577667026952 1.91489981149667
"306" 298 1.38962788202487 4.36460495623393 1.91606282353637
"307" 299 1.39003099155396 4.37096322901568 1.91722263102556
"308" 300 1.39040583032103 4.37739310457918 1.91837925346742
"309" 301 1.39077472531862 4.38381988156914 1.91953271018188
"310" 302 1.39111297866822 4.3906492974318 1.92068302030802
"311" 303 1.39150650348276 4.39733946930808 1.92183020280628
"312" 304 1.39187930425877 4.40375504371302 1.92297427646071
"313" 305 1.39224843442213 4.41046767702629 1.92411525988125
"314" 306 1.39261506831863 4.41662533224224 1.92525317150585
"315" 307 1.39298510842712 4.42326512914006 1.92638802960262
"316" 308 1.39335188151938 4.42947506238958 1.92751985227198
"317" 309 1.39371569364634 4.43583632231732 1.92864865744873
"318" 310 1.394061477993 4.44225575099953 1.92977446290402
"319" 311 1.3944207066491 4.448570286378 1.93089728624749
"320" 312 1.39475984537493 4.45508236781215 1.93201714492915
"321" 313 1.39512679345071 4.46182018001979 1.93313405624137
"322" 314 1.395447235541 4.46823608753344 1.93424803732085
"323" 315 1.39582154128113 4.47495807542458 1.93535910515038
"324" 316 1.39616652578146 4.48123585761818 1.93646727656086
"325" 317 1.39653622913722 4.48717310212705 1.93757256823306
"326" 318 1.39687458476921 4.49342077061411 1.93867499669941
"327" 319 1.39721823754236 4.49967822603166 1.9397745783458
"328" 320 1.39760560714887 4.50619344116797 1.94087132941339
"329" 321 1.39800087801819 4.51246992150263 1.9419652660002
"330" 322 1.39836224212559 4.51845924722607 1.94305640406298
"331" 323 1.39871045174226 4.52482523029312 1.94414475941874
"332" 324 1.39906733526073 4.53097974889757 1.9452303477465
"333" 325 1.39937489338127 4.53724601841501 1.94631318458886
"334" 326 1.39975222982887 4.54356726431749 1.94739328535363
"335" 327 1.40009710353881 4.55018281956047 1.9484706653154
"336" 328 1.40042417707611 4.55631801254694 1.94954533961709
"337" 329 1.40076947883266 4.56283413819386 1.95061732327149
"338" 330 1.4011111358007 4.56902987388341 1.95168663116277
"339" 331 1.40144497218795 4.5755222438043 1.95275327804794
"340" 332 1.40177489052214 4.58178764885233 1.95381727855838
"341" 333 1.40212062697512 4.58798782444541 1.95487864720122
"342" 334 1.40244856606215 4.59450283797493 1.9559373983608
"343" 335 1.40278680111324 4.60076726030423 1.95699354630007
"344" 336 1.40315673663717 4.60687150703471 1.95804710516197
"345" 337 1.40350438096763 4.61300525082721 1.95909808897075
"346" 338 1.40385933279024 4.61943037062622 1.96014651163342
"347" 339 1.40420287480675 4.62571964397155 1.96119238694097
"348" 340 1.4045442483953 4.63205528767184 1.96223572856971
"349" 341 1.40488354098743 4.63801770744391 1.96327655008256
"350" 342 1.40523245335536 4.64403706898818 1.96431486493038
"351" 343 1.40553065974636 4.65021097691852 1.96535068645313
"352" 344 1.40586495830318 4.65605902203555 1.96638402788107
"353" 345 1.40618082434386 4.66249038891413 1.96741490233617
"354" 346 1.40646395394613 4.66805304655172 1.9684433228331
"355" 347 1.40676172162904 4.67412751301398 1.96946930228053
"356" 348 1.4070729539382 4.68037399312666 1.97049285348224
"357" 349 1.40740821643357 4.68664832767619 1.97151398913831
"358" 350 1.40771708450765 4.69252085618014 1.97253272184626
"359" 351 1.40803736285463 4.69869012023092 1.97354906410213
"360" 352 1.4083744325914 4.70425027927785 1.97456302830158
"361" 353 1.40866635984571 4.71048998918315 1.97557462674104
"362" 354 1.40897747071553 4.71670498479751 1.9765838716187
"363" 355 1.4092705925974 4.72273942748073 1.97759077503567
"364" 356 1.40956226431923 4.72897949401333 1.97859534899692
"365" 357 1.40988482500582 4.73461478574166 1.97959760541239
"366" 358 1.41020102505636 4.74047439633624 1.98059755609794
"367" 359 1.41052844128684 4.74621674754133 1.98159521277641
"368" 360 1.41084933375622 4.75230405417493 1.98259058707861
"369" 361 1.41117685298112 4.75842438290213 1.98358369054422
"370" 362 1.41149218129239 4.76438321602461 1.98457453462285
"371" 363 1.41180861359947 4.77080836492281 1.98556313067492
"372" 364 1.41212883820362 4.77663721871592 1.98654948997267
"373" 365 1.41242166323126 4.78241204880018 1.98753362370098
"374" 366 1.41272035247589 4.78800309428484 1.98851554295839
"375" 367 1.41301217063362 4.79398226683879 1.98949525875792
"376" 368 1.41333483944465 4.80009533214829 1.99047278202801
"377" 369 1.41364610494297 4.80565305978453 1.99144812361342
"378" 370 1.41397214232651 4.81155179088576 1.99242129427597
"379" 371 1.41426927366025 4.81738906456034 1.99339230469556
"380" 372 1.41457617597436 4.82344401769737 1.99436116547092
"381" 373 1.4148551417555 4.82856030339182 1.99532788712043
"382" 374 1.415150845972 4.83423264460471 1.99629248008299
"383" 375 1.41545289298849 4.83977096754078 1.99725495471884
"384" 376 1.41574856717482 4.84539335545954 1.99821532131029
"385" 377 1.41603555997864 4.85174152773889 1.9991735900626
"386" 378 1.41634973860158 4.85816978154941 2.00012977110465
"387" 379 1.41666258660085 4.86378263335475 2.00108387448985
"388" 380 1.41696579585721 4.86966312026133 2.0020359101968
"389" 381 1.41727451780087 4.87562693380722 2.00298588813003
"390" 382 1.41758992927739 4.88168690581723 2.00393381812087
"391" 383 1.41788237825132 4.88756157121024 2.004879709928
"392" 384 1.41816460057028 4.89300799107855 2.00582357323833
"393" 385 1.41843872164653 4.89905882834448 2.00676541766761
"394" 386 1.41870101318001 4.90549360644815 2.00770525276121
"395" 387 1.41898648019465 4.91129538735204 2.00864308799479
"396" 388 1.41926274312334 4.91717432014534 2.00957893277493
"397" 389 1.41954704169238 4.92334323223145 2.01051279643991
"398" 390 1.41983846248613 4.92911883883048 2.01144468826029
"399" 391 1.42012886578604 4.93442365256209 2.01237461743967
"400" 392 1.42043663155099 4.93966458818482 2.01330259311522
"401" 393 1.42072807467638 4.94554089617715 2.01422862435846
"402" 394 1.4210139921142 4.95171500438827 2.01515272017579
"403" 395 1.42130120773382 4.95757060543189 2.01607488950916
"404" 396 1.42155961482783 4.96333039497696 2.01699514123677
"405" 397 1.42185623031006 4.96922504815808 2.01791348417348
"406" 398 1.42213997900308 4.97457466071177 2.01882992707168
"407" 399 1.42241749204637 4.97996117636611 2.01974447862169
"408" 400 1.42270955678293 4.98619978350051 2.02065714745243
"409" 401 1.42300334161371 4.99215629285103 2.02156794213201
"410" 402 1.42325390941589 4.99751994056985 2.02247687116833
"411" 403 1.42354434965736 5.00261868193454 2.02338394300955
"412" 404 1.42385499460441 5.00836759091084 2.02428916604481
"413" 405 1.42413733330329 5.01409773468028 2.02519254860461
"414" 406 1.42444070595739 5.01967540532022 2.02609409896157
"415" 407 1.4247166083318 5.02512791961252 2.02699382533078
"416" 408 1.42497493826377 5.0305734943362 2.02789173587043
"417" 409 1.42525394073544 5.0360121552999 2.02878783868235
"418" 410 1.4255025717556 5.04142475205617 2.02968214181256
"419" 411 1.42577987732105 5.04684748552027 2.03057465325166
"420" 412 1.42602903721163 5.05218805039617 2.03146538093554
"421" 413 1.42625948302835 5.0573187866101 2.03235433274567
"422" 414 1.42652108642849 5.0630390910929 2.03324151650982
"423" 415 1.42680069902622 5.06821739560508 2.03412694000237
"424" 416 1.42707063353806 5.0736996619648 2.03501061094495
"425" 417 1.42734899712156 5.07936666201084 2.03589253700681
"426" 418 1.42760453202341 5.08466761636145 2.03677272580533
"427" 419 1.42788355456611 5.09021919688224 2.0376511849066
"428" 420 1.42814948891435 5.09592222086701 2.03852792182568
"429" 421 1.42839137866117 5.10193963994325 2.03940294402727
"430" 422 1.42867109872989 5.10726907351234 2.04027625892604
"431" 423 1.42894257606134 5.11240366010684 2.04114787388713
"432" 424 1.42920953343447 5.11785612118615 2.04201779622657
"433" 425 1.42946455353108 5.12356529544473 2.04288603321175
"434" 426 1.42971100509105 5.12911574412317 2.04375259206186
"435" 427 1.42998894847225 5.13498689156004 2.04461747994829
"436" 428 1.43024904892454 5.14027529782895 2.04548070399512
"437" 429 1.43047580549658 5.14537135509845 2.04634227127941
"438" 430 1.43070701494924 5.15066295316362 2.04720218883181
"439" 431 1.43094966150484 5.1560185693722 2.04806046363681
"440" 432 1.43122283828619 5.16167071347861 2.0489171026332
"441" 433 1.43146387433725 5.1675680391247 2.04977211271453
"442" 434 1.43173993890992 5.17269502687895 2.05062550072941
"443" 435 1.43199651556886 5.17827412015073 2.05147727348198
"444" 436 1.43223605197893 5.1836213166756 2.05232743773229
"445" 437 1.43248631983144 5.1890250951857 2.05317600019666
"446" 438 1.43276685840845 5.19423022309757 2.05402296754805
"447" 439 1.43304057682981 5.19975341339014 2.05486834641654
"448" 440 1.43327208176221 5.2052832392498 2.05571214338953
"449" 441 1.43351220093559 5.21070883877324 2.05655436501225
"450" 442 1.43375437166083 5.2161231111554 2.05739501778809
"451" 443 1.43396609028125 5.22165652554668 2.05823410817897
"452" 444 1.43419246000526 5.22684373617329 2.05907164260565
"453" 445 1.4344482679016 5.23201878755444 2.05990762744811
"454" 446 1.43469017123221 5.23717423272042 2.06074206904592
"455" 447 1.43492293808883 5.24252031503096 2.06157497369856
"456" 448 1.43515587512404 5.24786062695362 2.0624063476658
"457" 449 1.43540185524276 5.25353678921577 2.06323619716799
"458" 450 1.43564436439843 5.25917377700996 2.06406452838639
"459" 451 1.43586682234416 5.26424295468842 2.06489134746361
"460" 452 1.43609494695959 5.27016564729158 2.06571666050377
"461" 453 1.43634398278266 5.275518083513 2.06654047357295
"462" 454 1.43659503201178 5.28057114244238 2.06736279269948
"463" 455 1.43684217716302 5.28629816503821 2.0681836238742
"464" 456 1.43708244118427 5.29204088200355 2.06900297305092
"465" 457 1.43731265954571 5.29761665380841 2.06982084614655
"466" 458 1.43753478849244 5.3029036953481 2.07063724904149
"467" 459 1.43777479523354 5.30798492580831 2.07145218758001
"468" 460 1.43799399916064 5.31324395817679 2.07226566757038
"469" 461 1.43824305392464 5.31842841176828 2.07307769478539
"470" 462 1.43847349506718 5.32358624958847 2.0738882749624
"471" 463 1.43872929056078 5.32886892521394 2.07469741380381
"472" 464 1.43899723282913 5.33471805376186 2.07550511697726
"473" 465 1.4392402915587 5.33975648562767 2.07631139011603
"474" 466 1.43948642559163 5.34482227929452 2.07711623881914
"475" 467 1.43970333444002 5.3498824084194 2.07791966865178
"476" 468 1.43995705922805 5.35545980618441 2.07872168514553
"477" 469 1.44018747684365 5.36078121684229 2.07952229379865
"478" 470 1.44041321624592 5.36607381072055 2.08032150007631
"479" 471 1.4406638747582 5.37102038109785 2.08111930941095
"480" 472 1.44091548004938 5.37598304316639 2.08191572720241
"481" 473 1.44116654514949 5.38107107557933 2.08271075881834
"482" 474 1.4414159006215 5.3861178845446 2.08350440959437
"483" 475 1.44161885716375 5.39119652571166 2.08429668483437
"484" 476 1.44184971187899 5.39614362540928 2.08508758981074
"485" 477 1.44206551289148 5.40126557141818 2.08587712976462
"486" 478 1.44230787052901 5.40622119504001 2.08666530990623
"487" 479 1.44254283668609 5.41131558263261 2.08745213541497
"488" 480 1.44277143140521 5.41636302536346 2.08823761143983
"489" 481 1.4429964173835 5.42151289433097 2.08902174309951
"490" 482 1.44322478083186 5.42676509114644 2.08980453548268
"491" 483 1.44344315118047 5.43196705104606 2.09058599364828
"492" 484 1.44366657061028 5.43719336589169 2.09136612262571
"493" 485 1.4438825359957 5.44252364026643 2.09214492741505
"494" 486 1.44412480582872 5.44767945114967 2.09292241298732
"495" 487 1.44435017509314 5.45282997142401 2.09369858428469
"496" 488 1.44459214440087 5.45807682738773 2.09447344622074
"497" 489 1.44483839458633 5.46357460637028 2.09524700368062
"498" 490 1.44508054564906 5.46872545227054 2.0960192615213
"499" 491 1.44527719568036 5.47389885286813 2.09679022457188
"500" 492 1.44548502897537 5.4786691215654 2.09755989763362
"501" 493 1.44568973387004 5.48378893327576 2.09832828548034
"502" 494 1.44592818442777 5.48878866606894 2.09909539285851
"503" 495 1.4461730421361 5.49405403022475 2.09986122448753
"504" 496 1.44640019512094 5.4991921218416 2.10062578505993
"505" 497 1.44658556071405 5.50433007661052 2.1013890792415
"506" 498 1.44682666750765 5.5092274632481 2.10215111167161
"507" 499 1.44705415035795 5.51425536623558 2.10291188696335
"508" 500 1.44727947543588 5.51871412770467 2.10367140970372
"509" 501 1.44749703007861 5.52412958153971 2.10442968445388
"510" 502 1.44774594808553 5.52914670683738 2.10518671574931
"511" 503 1.44795927798036 5.53433812978843 2.10594250809999
"512" 504 1.44819201250606 5.53965855644937 2.10669706599063
"513" 505 1.44841227246678 5.54492650071532 2.10745039388086
"514" 506 1.44862098521947 5.54985327563995 2.10820249620538
"515" 507 1.44881566936043 5.55490779198102 2.10895337737421
"516" 508 1.44902182433149 5.56006528943061 2.10970304177282
"517" 509 1.44924213016207 5.56543768593783 2.11045149376234
"518" 510 1.44945257578924 5.57055939137025 2.11119873767972
"519" 511 1.44966083440775 5.5754315200404 2.11194477783795
"520" 512 1.44986752402462 5.58031563919324 2.11268961852621
"521" 513 1.45008978536746 5.58524655558502 2.11343326401011
"522" 514 1.45028240277262 5.59017634009255 2.1141757185317
"523" 515 1.4505023195968 5.59518480041636 2.11491698630984
"524" 516 1.45071403201239 5.60022082608601 2.11565707154028
"525" 517 1.45090585914806 5.60494576945181 2.11639597839582
"526" 518 1.45111405184551 5.60969882050792 2.11713371102651
"527" 519 1.45132404467132 5.61427583305476 2.11787027355981
"528" 520 1.45156744235996 5.61911588149539 2.11860567010072
"529" 521 1.45176335597582 5.62470063387451 2.11933990473205
"530" 522 1.45197244877178 5.62965384339453 2.12007298151443
"531" 523 1.45216452076562 5.63442438995769 2.12080490448658
"532" 524 1.45238814710723 5.63980828015379 2.12153567766551
"533" 525 1.45262110561884 5.64506546652767 2.1222653050465
"534" 526 1.45283999877579 5.65002761274934 2.12299379060347
"535" 527 1.45303783814773 5.65497953143822 2.12372113828892
"536" 528 1.45326902825289 5.65993501250686 2.12444735203433
"537" 529 1.45347628955153 5.66459040195612 2.12517243575011
"538" 530 1.45365785459966 5.66909834976889 2.12589639332583
"539" 531 1.45382835430281 5.67368444300446 2.12661922863035
"540" 532 1.45403927070905 5.67867140555257 2.12734094551202
"541" 533 1.4542816053834 5.68397843644101 2.12806154779879
"542" 534 1.4544787177927 5.68903017612189 2.12878103929829
"543" 535 1.45468535334303 5.69447568514264 2.12949942379812
"544" 536 1.45489655911831 5.69936619884365 2.13021670506587
"545" 537 1.45511044047671 5.70405479117131 2.13093288684937
"546" 538 1.4553114353701 5.70905136730167 2.13164797287665
"547" 539 1.45553238142625 5.71387614659219 2.13236196685633
"548" 540 1.45575376644165 5.71888338879836 2.13307487247752
"549" 541 1.45594128978991 5.72409107623065 2.13378669341013
"550" 542 1.45613655359165 5.72915866241485 2.13449743330493
"551" 543 1.45631828963734 5.73390324439897 2.13520709579367
"552" 544 1.45653427969196 5.73889269339862 2.13591568448925
"553" 545 1.45675260578569 5.74420968555628 2.13662320298585
"554" 546 1.45695272462484 5.74914313426256 2.13732965485903
"555" 547 1.457149646186 5.7538724802967 2.13803504366591
"556" 548 1.45738465264535 5.7588237866412 2.13873937294529
"557" 549 1.45756379390485 5.76379614309279 2.13944264621765
"558" 550 1.45775088560209 5.76877771203637 2.14014486698551
"559" 551 1.45795027715889 5.77373076764516 2.1408460387334
"560" 552 1.45815772095453 5.77782484659631 2.14154616492796
"561" 553 1.45832699902314 5.7823097562122 2.14224524901815
"562" 554 1.45850668552622 5.78705889195031 2.14294329443538
"563" 555 1.45871037961407 5.7915730327651 2.14364030459356
"564" 556 1.45891493164834 5.79634601911664 2.14433628288924
"565" 557 1.45911369826418 5.80138277019318 2.14503123270174
"566" 558 1.45930355385987 5.80640816413397 2.14572515739331
"567" 559 1.459473254453 5.8112450076112 2.14641806030919
"568" 560 1.45966504450533 5.81586003012057 2.14710994477772
"569" 561 1.45985816779385 5.82042394402661 2.14780081411049
"570" 562 1.46007825751911 5.8254001618055 2.14849067160244
"571" 563 1.46028750232655 5.83037827368683 2.149179520532
"572" 564 1.46047584114052 5.83522650826023 2.14986736416116
"573" 565 1.46068097280471 5.84022452230931 2.15055420573561
"574" 566 1.46085983674592 5.84520652804269 2.15124004848478
"575" 567 1.46106386197151 5.85019520826091 2.15192489562211
"576" 568 1.46126341482585 5.8551832407952 2.15260875034495
"577" 569 1.46148146359876 5.8600147489873 2.15329161583488
"578" 570 1.46167995492825 5.86456659645261 2.15397349525765
"579" 571 1.46188646987807 5.86936624931822 2.15465439176332
"580" 572 1.46205774633418 5.87362151386827 2.15533430848647
"581" 573 1.46227083451727 5.87834969437119 2.15601324854617
"582" 574 1.46245713436711 5.88298168120139 2.15669121504612
"583" 575 1.46266461222516 5.88773052326157 2.15736821107485
"584" 576 1.46286352676448 5.8924537096075 2.15804423970564
"585" 577 1.46305820931341 5.89737609240986 2.15871930399684
"586" 578 1.46324282289047 5.90239025841742 2.15939340699175
"587" 579 1.46344481629267 5.90667182474256 2.16006655171884
"588" 580 1.46361296891057 5.91138608340304 2.16073874119187
"589" 581 1.46383062086714 5.91629543214463 2.16140997840993
"590" 582 1.46401487328788 5.92094765293862 2.16208026635753
"591" 583 1.46419003099826 5.92571343725656 2.16274960800474
"592" 584 1.4643773020208 5.93028137882976 2.16341800630723
"593" 585 1.46457599107811 5.9349364045122 2.16408546420645
"594" 586 1.46474094993768 5.93966968299569 2.16475198462967
"595" 587 1.46494270465274 5.94444869470757 2.16541757048997
"596" 588 1.46513329305243 5.9492427673277 2.16608222468654
"597" 589 1.46531424356074 5.95353243761693 2.16674595010463
"598" 590 1.4655110250369 5.95782893992036 2.16740874961568
"599" 591 1.46567520517369 5.96212146407372 2.16807062607741
"600" 592 1.46585820979313 5.96692195487865 2.16873158233387
"601" 593 1.46606694209077 5.97184332524247 2.16939162121559
"602" 594 1.46626749235254 5.97671656062367 2.17005074553962
"603" 595 1.46644063541169 5.98167443119638 2.17070895810967
"604" 596 1.4666555933691 5.98642852164759 2.17136626171612
"605" 597 1.46682842335725 5.99126473203169 2.17202265913618
"606" 598 1.46698779541011 5.99637816473224 2.17267815313389
"607" 599 1.46717253600163 6.00134898599804 2.17333274646033
"608" 600 1.46737227567504 6.00579657090562 2.17398644185355
"609" 601 1.46755357993486 6.01042988053199 2.1746392420388
"610" 602 1.46774420977841 6.01514897059223 2.17529114972844
"611" 603 1.46791453506874 6.0196152142561 2.17594216762225
"612" 604 1.46809699136914 6.02412496982374 2.17659229840728
"613" 605 1.46828799230288 6.02853184965725 2.17724154475812
"614" 606 1.46846531475073 6.03320033250159 2.17788990933677
"615" 607 1.46864775661112 6.03830556483524 2.178537394793
"616" 608 1.46884654630823 6.0434016047125 2.17918400376413
"617" 609 1.46903721545782 6.0479091200023 2.17982973887532
"618" 610 1.46922931003071 6.05282751628154 2.18047460273955
"619" 611 1.46941606429586 6.0573834370435 2.18111859795772
"620" 612 1.46960469169103 6.06189063073654 2.18176172711874
"621" 613 1.46978943894708 6.06637581642993 2.18240399279955
"622" 614 1.4699735360902 6.070654041945 2.18304539756529
"623" 615 1.47014981951543 6.07536692090608 2.18368594396924
"624" 616 1.47034566624584 6.07986142323024 2.18432563455309
"625" 617 1.47052071694107 6.08435717490604 2.18496447184677
"626" 618 1.47071466805176 6.08877650207554 2.18560245836869
"627" 619 1.47089854739193 6.09295663339426 2.18623959662579
"628" 620 1.4710368948508 6.09728090672929 2.1868758891136
"629" 621 1.47121889629678 6.10196639405507 2.18751133831619
"630" 622 1.47142383055363 6.10673439353195 2.18814594670651
"631" 623 1.47161704040776 6.11122111860313 2.18877971674619
"632" 624 1.47176651218285 6.11626707427859 2.1894126508857
"633" 625 1.47190771169403 6.12097740383655 2.19004475156449
"634" 626 1.47206676285446 6.12550000331618 2.19067602121101
"635" 627 1.47226437462385 6.1298233655326 2.19130646224275
"636" 628 1.47242926557465 6.13410966538934 2.19193607706626
"637" 629 1.47261371168852 6.1389194231836 2.19256486807741
"638" 630 1.47279025344396 6.14320227179492 2.1931928376612
"639" 631 1.47298283001323 6.14815768062279 2.19381998819207
"640" 632 1.47315224041061 6.15250279646649 2.19444632203376
"641" 633 1.47333584196466 6.15772085758325 2.19507184153946
"642" 634 1.47352944342895 6.16287643532024 2.19569654905194
"643" 635 1.47364686629951 6.16774650879625 2.19632044690353
"644" 636 1.47382182780076 6.1720033524441 2.19694353741614
"645" 637 1.47398278348525 6.17649819829447 2.19756582290144
"646" 638 1.47416049492268 6.18135649436408 2.19818730566088
"647" 639 1.47431758371889 6.18611194709267 2.19880798798566
"648" 640 1.47447867043361 6.1906224555071 2.19942787215695
"649" 641 1.47466864623909 6.19506103595673 2.20004696044584
"650" 642 1.4748707773535 6.19946577690349 2.20066525511336
"651" 643 1.4750527321959 6.20408875239024 2.20128275841075
"652" 644 1.47525234876498 6.20890451364891 2.20189947257921
"653" 645 1.4754234376314 6.21355017105591 2.20251539985024
"654" 646 1.47557484952754 6.21830208388512 2.20313054244557
"655" 647 1.47572628119791 6.22297387867073 2.20374490257718
"656" 648 1.47589300734437 6.22744908567843 2.20435848244741
"657" 649 1.47605546692519 6.23216345294228 2.20497128424911
"658" 650 1.47623633431473 6.23632126029357 2.20558331016547
"659" 651 1.47638387572109 6.24063372940614 2.20619456237027
"660" 652 1.47655923560602 6.24481620593349 2.20680504302791
"661" 653 1.47674000327285 6.24897050026583 2.20741475429334
"662" 654 1.47693221576264 6.25352974520158 2.20802369831225
"663" 655 1.47709923117095 6.25773105353925 2.2086318772211
"664" 656 1.47725436901693 6.26222666267291 2.20923929314712
"665" 657 1.47741881286147 6.26663153738333 2.20984594820838
"666" 658 1.47760475546124 6.27088586050477 2.21045184451388
"667" 659 1.47779094579711 6.27521950038475 2.2110569841636
"668" 660 1.47795531345093 6.27990319166763 2.21166136924845
"669" 661 1.47812269229314 6.28402980015331 2.21226500185052
"670" 662 1.4783039638348 6.28815969872176 2.21286788404293
"671" 663 1.47846879847726 6.29237801228101 2.21347001789003
"672" 664 1.47862517860148 6.29714277223179 2.21407140544729
"673" 665 1.4787866151859 6.3019042756062 2.21467204876154
"674" 666 1.47894574111271 6.30677982646875 2.21527194987092
"675" 667 1.47910815916122 6.31152924798064 2.21587111080491
"676" 668 1.47925932789626 6.31625517319276 2.21646953358443
"677" 669 1.4794159761818 6.32091786530632 2.21706722022179
"678" 670 1.47956897828764 6.32550388575623 2.21766417272095
"679" 671 1.47978117547065 6.3298454678 2.21826039307735
"680" 672 1.4799488839588 6.33398034575655 2.21885588327803
"681" 673 1.48010009959167 6.33817268274661 2.21945064530175
"682" 674 1.48024210228068 6.34249013902976 2.2200446811189
"683" 675 1.4803831291324 6.34686327681415 2.22063799269171
"684" 676 1.48054367732105 6.35145179172107 2.22123058197417
"685" 677 1.48070741869856 6.35602583633826 2.22182245091206
"686" 678 1.48084546849922 6.36059660416005 2.22241360144317
"687" 679 1.48100351444642 6.36512722456568 2.22300403549714
"688" 680 1.48113145405248 6.36937785066564 2.22359375499566
"689" 681 1.4812982718612 6.37372102099752 2.22418276185236
"690" 682 1.48146705627687 6.37802126442292 2.22477105797299
"691" 683 1.481637102247 6.38218527539283 2.22535864525549
"692" 684 1.48179203960276 6.38633867580773 2.22594552558982
"693" 685 1.48193964170192 6.39049911609154 2.22653170085828
"694" 686 1.48210548705598 6.39462072442544 2.22711717293534
"695" 687 1.48228301925085 6.39876535668066 2.22770194368779
"696" 688 1.48244193431048 6.40290682315797 2.22828601497476
"697" 689 1.48259769473523 6.40733826138394 2.2288693886477
"698" 690 1.48274407845637 6.41155292694045 2.22945206655061
"699" 691 1.48289294345069 6.41575277005636 2.2300340505198
"700" 692 1.48303815341165 6.41994947840793 2.2306153423842
"701" 693 1.4831952524504 6.4243446870615 2.2311959439652
"702" 694 1.48335093085624 6.42865358485812 2.23177585707688
"703" 695 1.48352183062566 6.4330724508462 2.23235508352584
"704" 696 1.48369752232752 6.43746633390979 2.23293362511138
"705" 697 1.48386709558254 6.4418859403 2.23351148362557
"706" 698 1.4840270033108 6.44630247655343 2.23408866085319
"707" 699 1.48414279624657 6.45071359199441 2.23466515857171
"708" 700 1.48431529228108 6.45511052939109 2.23524097855162
"709" 701 1.48445589054444 6.45950441378189 2.23581612255608
"710" 702 1.48461893989652 6.46389883324894 2.23639059234133
"711" 703 1.48477768642543 6.46829567449619 2.23696438965641
"712" 704 1.48492400798917 6.47268948329606 2.23753751624343
"713" 705 1.48506766235011 6.47708026604329 2.23810997383751
"714" 706 1.48523521836311 6.48165509119714 2.23868176416675
"715" 707 1.48538347994628 6.48651209825038 2.23925288895247
"716" 708 1.4855118353274 6.49071569357036 2.23982334990906
"717" 709 1.48565586099118 6.49481547698188 2.240393148744
"718" 710 1.48582174217593 6.49895176383614 2.24096228715817
"719" 711 1.48594664699034 6.50331746095835 2.24153076684552
"720" 712 1.4861247696093 6.50736765678221 2.24209858949332
"721" 713 1.48627260918423 6.51136887777484 2.24266575678222
"722" 714 1.48640710005596 6.51536710365536 2.24323227038614
"723" 715 1.48658416275343 6.51941264602947 2.24379813197246
"724" 716 1.48674778365748 6.52414342127521 2.24436334320195
"725" 717 1.48688153884296 6.52844233038069 2.24492790572881
"726" 718 1.48706401684147 6.53237417791836 2.24549182120076
"727" 719 1.48723533692998 6.53626711231036 2.24605509125901
"728" 720 1.48738144643412 6.54014943458494 2.24661771753844
"729" 721 1.48753617804736 6.54404535699941 2.24717970166743
"730" 722 1.48767131770052 6.5486364212329 2.24774104526797
"731" 723 1.48782244344146 6.55320681946436 2.24830174995579
"732" 724 1.48797156151462 6.55750508429685 2.24886181734026
"733" 725 1.48813496985614 6.56141819669591 2.24942124902451
"734" 726 1.4882675192657 6.56532783439622 2.24998004660542
"735" 727 1.48841328478994 6.56976445310487 2.25053821167368
"736" 728 1.48856565010832 6.57425126960872 2.2510957458138
"737" 729 1.48871549759863 6.57873523671855 2.25165265060414
"738" 730 1.48885421526476 6.58324227913302 2.25220892761693
"739" 731 1.48899615556949 6.58775223611793 2.25276457841843
"740" 732 1.48913128570119 6.59223105385791 2.25331960456871
"741" 733 1.48925704667715 6.59630060033761 2.25387400762195
"742" 734 1.48938240170875 6.6003346373251 2.25442778912627
"743" 735 1.48953701188381 6.60411092450245 2.25498095062392
"744" 736 1.48968352955999 6.60821000339899 2.25553349365113
"745" 737 1.48981357234423 6.61202700824664 2.25608541973828
"746" 738 1.48995250081354 6.61633376360368 2.25663673040999
"747" 739 1.49011256870827 6.62071833018183 2.25718742718488
"748" 740 1.4902713946184 6.62481539096109 2.25773751157596
"749" 741 1.49042835160455 6.62859130762161 2.25828698509028
"750" 742 1.49060554754467 6.63274903816329 2.25883584922932
"751" 743 1.49072889828647 6.6371411492702 2.25938410548875
"752" 744 1.4908532052619 6.64152690984296 2.25993175535862
"753" 745 1.49101822253031 6.64554474973 2.26047880032326
"754" 746 1.49114963563122 6.64988050301413 2.26102524186151
"755" 747 1.4913099320846 6.65423510390718 2.26157108144647
"756" 748 1.49143384968724 6.65857366464252 2.26211632054571
"757" 749 1.49159918762373 6.66290947238683 2.26266096062137
"758" 750 1.49174857715144 6.66724253255918 2.26320500313001
"759" 751 1.49187680919349 6.67155447544582 2.26374844952264
"760" 752 1.49201541259413 6.67585804975671 2.26429130124499
"761" 753 1.4921362269036 6.68017726593359 2.2648335597372
"762" 754 1.4922838787089 6.68442868761448 2.26537522643411
"763" 755 1.4924346324539 6.68820934880856 2.26591630276515
"764" 756 1.4925805494155 6.6921224765265 2.26645679015446
"765" 757 1.49273258078537 6.69608643861075 2.26699669002086
"766" 758 1.49287912309395 6.69990071417897 2.26753600377777
"767" 759 1.49302755187848 6.70401850579857 2.26807473283347
"768" 760 1.49315874194359 6.7079700185595 2.26861287859101
"769" 761 1.49329103136166 6.71192918630159 2.26915044244819
"770" 762 1.49343778737045 6.71579299607841 2.26968742579762
"771" 763 1.49359056343628 6.71965691667826 2.27022383002677
"772" 764 1.49374297342793 6.72379078581337 2.270759656518
"773" 765 1.49391121757414 6.72771153885679 2.27129490664853
"774" 766 1.49406590853117 6.73168722074373 2.27182958179048
"775" 767 1.49420002111737 6.73567718167088 2.27236368331104
"776" 768 1.49430814486134 6.74000463352767 2.27289721257225
"777" 769 1.49443929656907 6.74414629961037 2.27343017093118
"778" 770 1.49458429875469 6.74779566889519 2.27396255973995
"779" 771 1.49471281391567 6.75193752181082 2.27449438034565
"780" 772 1.49485663179777 6.75654030685084 2.2750256340906
"781" 773 1.49498024564864 6.76039639852439 2.27555632231198
"782" 774 1.49512680301785 6.76430426698301 2.27608644634234
"783" 775 1.49527731352394 6.76845890728825 2.27661600750919
"784" 776 1.49540805559313 6.77233084200218 2.27714500713531
"785" 777 1.49551324616008 6.77620013980205 2.2776734465386
"786" 778 1.49568149517965 6.78008429976023 2.27820132703223
"787" 779 1.49580244628262 6.78421449968573 2.27872864992461
"788" 780 1.49593038894002 6.78809106876346 2.2792554165194
"789" 781 1.49606118474535 6.79209248263196 2.2797816281155
"790" 782 1.49614469122543 6.79615576508285 2.28030728600714
"791" 783 1.49629047857582 6.80024134087821 2.28083239148396
"792" 784 1.49644095065518 6.80399878112436 2.2813569458309
"793" 785 1.49659170411341 6.80783529054691 2.28188095032821
"794" 786 1.49672705868116 6.81174510929604 2.28240440625163
"795" 787 1.49683257070216 6.81564888064871 2.2829273148723
"796" 788 1.49696583904755 6.81972765645658 2.28344967745676
"797" 789 1.49711129240504 6.82377503147332 2.28397149526713
"798" 790 1.49728456631382 6.82776415693785 2.28449276956083
"799" 791 1.4974479043881 6.83202556558996 2.28501350159101
"800" 792 1.49758719230927 6.83626947369786 2.28553369260614
"801" 793 1.49770041093469 6.83999967672229 2.28605334385043
"802" 794 1.49783089530164 6.84394921272275 2.28657245656352
"803" 795 1.49797379698212 6.84808817972046 2.28709103198073
"804" 796 1.49813319381466 6.85228698837215 2.28760907133297
"805" 797 1.49827903205828 6.85658567536784 2.2881265758468
"806" 798 1.49841042348154 6.8609480545262 2.28864354674443
"807" 799 1.49852496604617 6.86525459689774 2.28915998524371
"808" 800 1.49866372456092 6.86930695908762 2.28967589255825
"809" 801 1.4987933835808 6.87323272217344 2.29019126989738
"810" 802 1.49893494345149 6.87713166783302 2.29070611846614
"811" 803 1.49907617486216 6.88103879065887 2.29122043946535
"812" 804 1.49919597247136 6.88495316912655 2.29173423409156
"813" 805 1.49935197964584 6.88886505209742 2.29224750353721
"814" 806 1.49950918607814 6.89305002593444 2.2927602489905
"815" 807 1.49964197989135 6.89725051836313 2.29327247163549
"816" 808 1.49976592603103 6.90144439111451 2.29378417265214
"817" 809 1.49986202417851 6.90562801014625 2.29429535321621
"818" 810 1.50001007021444 6.90982523392371 2.29480601449937
"819" 811 1.50014433100977 6.91390525575745 2.29531615766931
"820" 812 1.50028053736812 6.91807548762838 2.29582578388958
"821" 813 1.50040638993325 6.92198103984235 2.29633489431964
"822" 814 1.50053575105539 6.92588023210452 2.29684349011505
"823" 815 1.5006587764962 6.92976404728504 2.29735157242725
"824" 816 1.50077610639065 6.9336299048958 2.29785914240378
"825" 817 1.50089717614439 6.93741602329779 2.29836620118817
"826" 818 1.50100693432006 6.94138149568966 2.29887274992004
"827" 819 1.50113218314382 6.94533186004609 2.29937878973499
"828" 820 1.50124196816317 6.94950870357898 2.29988432176477
"829" 821 1.50136066255929 6.95364676250387 2.30038934713731
"830" 822 1.50146594474691 6.95773372755527 2.3008938669765
"831" 823 1.5016187989304 6.96137506742714 2.30139788240252
"832" 824 1.50173859479169 6.96545271045403 2.30190139453167
"833" 825 1.50185804430556 6.9697434361986 2.30240440447634
"834" 826 1.50200378876313 6.97343212102704 2.30290691334527
"835" 827 1.5021361069021 6.97718614823274 2.30340892224326
"836" 828 1.50224605964976 6.98148159040253 2.30391043227147
"837" 829 1.50237763611047 6.98562141051778 2.30441144452724
"838" 830 1.50250235675814 6.98943927500385 2.30491196010418
"839" 831 1.50264918671343 6.99325681177003 2.3054119800922
"840" 832 1.50278036075568 6.99708377861188 2.30591150557748
"841" 833 1.50290669387935 7.0009083738911 2.30641053764255
"842" 834 1.50305356634396 7.00473060192252 2.30690907736629
"843" 835 1.50317953317455 7.00877929162319 2.30740712582384
"844" 836 1.50333685862541 7.01293875856881 2.30790468408688
"845" 837 1.50345568911429 7.0168782853557 2.30840175322328
"846" 838 1.50357480859843 7.02105127775192 2.30889833429738
"847" 839 1.503691139434 7.02499986711438 2.30939442837004
"848" 840 1.50382793466692 7.02882779582067 2.30989003649843
"849" 841 1.50396151447239 7.03256792240782 2.31038515973621
"850" 842 1.50407266745246 7.03643536857883 2.31087979913349
"851" 843 1.50418744603723 7.04040437614977 2.31137395573687
"852" 844 1.50431681123559 7.04395076998946 2.31186763058946
"853" 845 1.50447070951143 7.04748696816896 2.31236082473092
"854" 846 1.50458165799257 7.05102084782087 2.3128535391973
"855" 847 1.50466154521983 7.05455241320395 2.31334577502141
"856" 848 1.50480432005225 7.05827178356318 2.31383753323244
"857" 849 1.50491599943788 7.062175214999 2.3143288148562
"858" 850 1.5050285974014 7.06609767215633 2.31481962091513
"859" 851 1.50515704858121 7.07048887814113 2.3153099524283
"860" 852 1.50529241529027 7.074324078774 2.31579981041129
"861" 853 1.50543962406342 7.07803990131932 2.31628919587645
"862" 854 1.50557863247399 7.08208498084777 2.31677810983265
"863" 855 1.50569841501957 7.08594962977 2.31726655328559
"864" 856 1.50581788793437 7.08965062792758 2.31775452723745
"865" 857 1.50592511644963 7.0933611249846 2.31824203268727
"866" 858 1.50603918509143 7.09705706500971 2.31872907063079
"867" 859 1.50617184898361 7.10081548196536 2.31921564206036
"868" 860 1.50629587227714 7.10498595002763 2.31970174796516
"869" 861 1.50640323436654 7.10890535596916 2.32018738933114
"870" 862 1.50651724438263 7.11284625182253 2.32067256714101
"871" 863 1.50665133707096 7.11701884105754 2.32115728237415
"872" 864 1.50677007422812 7.12103482945283 2.32164153600694
"873" 865 1.50688919439495 7.12498812455052 2.32212532901236
"874" 866 1.50701734011452 7.12896186062355 2.32260866236044
"875" 867 1.50713302893916 7.13254207505281 2.32309153701783
"876" 868 1.50725592582752 7.13606203496341 2.32357395394819
"877" 869 1.50738412227488 7.13989083790301 2.32405591411204
"878" 870 1.5075163539624 7.14374609042722 2.32453741846663
"879" 871 1.5076178564296 7.14759873388248 2.32501846796627
"880" 872 1.50772359556612 7.15132654414328 2.32549906356209
"881" 873 1.50785278992743 7.15531483676208 2.32597920620225
"882" 874 1.50797414162687 7.15913845155554 2.32645889683167
"883" 875 1.5080849204285 7.16301069360444 2.32693813639245
"884" 876 1.50819483465175 7.16686905682309 2.32741692582341
"885" 877 1.50830504774621 7.17071961435444 2.32789526606052
"886" 878 1.50841530159651 7.17456798776862 2.32837315803663
"887" 879 1.50854746274726 7.17841418079054 2.3288506026817
"888" 880 1.50867400401359 7.18225819713393 2.32932760092265
"889" 881 1.50876842863618 7.18610004050216 2.32980415368343
"890" 882 1.50890781781166 7.18992063381264 2.33028026188496
"891" 883 1.50905049115394 7.19357926103518 2.33075592644532
"892" 884 1.50917115050692 7.1970973949229 2.33123114827967
"893" 885 1.50926428246718 7.2007086077106 2.33170592830018
"894" 886 1.50938897631668 7.20482152306294 2.3321802674161
"895" 887 1.50952753996144 7.2089323213624 2.33265416653383
"896" 888 1.50965732852956 7.21289076879815 2.33312762655691
"897" 889 1.50977482450542 7.21672653395528 2.33360064838592
"898" 890 1.50990140150369 7.22056401855326 2.33407323291868
"899" 891 1.51002717665801 7.22435778445217 2.3345453810501
"900" 892 1.51015505873044 7.22818621442022 2.33501709367229
"901" 893 1.51027441010532 7.23201251635777 2.33548837167455
"902" 894 1.510398205 7.23583046567347 2.33595921594328
"903" 895 1.51052623112694 7.23960447581558 2.33642962736223
"904" 896 1.51064095575468 7.24315883724291 2.33689960681226
"905" 897 1.51074916653755 7.24631806157895 2.33736915517147
"906" 898 1.5108670867411 7.24982859061652 2.33783827331516
"907" 899 1.51098547520128 7.25398738954418 2.33830696211607
"908" 900 1.51110372673291 7.25818223869259 2.33877522244393
"909" 901 1.51124155487823 7.26180787699703 2.33924305516593
"910" 902 1.51136517454078 7.26602828462153 2.33971046114653
"911" 903 1.51148510533294 7.26992193534269 2.34017744124738
"912" 904 1.51158191189399 7.27312448645384 2.34064399632752
"913" 905 1.5116921266071 7.27632496009779 2.34111012724336
"914" 906 1.51182198246509 7.27961386669951 2.3415758348485
"915" 907 1.51193269398325 7.28373900769272 2.34204111999397
"916" 908 1.51205997639814 7.28807112247949 2.34250598352817
"917" 909 1.51218187284109 7.29240125035894 2.34297042629684
"918" 910 1.51230463447507 7.29646404408259 2.34343444914308
"919" 911 1.51242632133939 7.30023146989909 2.34389805290737
"920" 912 1.51255093228814 7.30369006117354 2.3443612384276
"921" 913 1.51267750304808 7.30770056683043 2.34482400653909
"922" 914 1.51277152457772 7.31155476310226 2.34528635807458
"923" 915 1.51286853974079 7.31555806297036 2.34574829386421
"924" 916 1.51300098648742 7.31956035419665 2.34620981473557
"925" 917 1.51311313321419 7.32356062427857 2.34667092151366
"926" 918 1.51324987478339 7.32755887644019 2.34713161502108
"927" 919 1.51336061390859 7.33152833506403 2.34759189607775
"928" 920 1.51346051810873 7.33548985871916 2.34805176550113
"929" 921 1.5135849753949 7.33944937042867 2.34851122410617
"930" 922 1.51369427931436 7.34328026498011 2.34897027270534
"931" 923 1.51379797887271 7.34685851323018 2.34942891210864
"932" 924 1.5139056616436 7.35040996177532 2.34988714312352
"933" 925 1.51401228477962 7.35383787226644 2.35034496655509
"934" 926 1.51413113631622 7.35715396261341 2.35080238320583
"935" 927 1.51424155291039 7.36108492740212 2.35125939387589
"936" 928 1.51434730689927 7.3643520927756 2.35171599936306
"937" 929 1.51445731145872 7.3678332445606 2.35217220046249
"938" 930 1.5145834482745 7.37155987544085 2.3526279979671
"939" 931 1.51469959543303 7.37528450529725 2.35308339266738
"940" 932 1.51481128261982 7.37884950581456 2.35353838535126
"941" 933 1.51492516560823 7.3824190147952 2.35399297680457
"942" 934 1.51503940382721 7.38626823261317 2.35444716781049
"943" 935 1.51515296074254 7.39035933932813 2.35490095914999
"944" 936 1.5152833218081 7.39414466205215 2.35535435160165
"945" 937 1.51539277312491 7.3977571372244 2.35580734594172
"946" 938 1.51549920656121 7.4014272996809 2.35625994294402
"947" 939 1.51561199759635 7.4051635590621 2.35671214338017
"948" 940 1.51572174304779 7.40906594459125 2.35716394801941
"949" 941 1.51584695118217 7.41307379667813 2.35761535762869
"950" 942 1.51595801995909 7.41707271963259 2.3580663729726
"951" 943 1.51605612888576 7.42091571595588 2.35851699481352
"952" 944 1.51618069881698 7.42427520953355 2.3589672239115
"953" 945 1.51629886948799 7.42790560194288 2.35941706102437
"954" 946 1.51642677911542 7.43186259124221 2.35986650690765
"955" 947 1.51654415186785 7.43581765652591 2.36031556231459
"956" 948 1.51664677077849 7.43975489488136 2.36076422799627
"957" 949 1.51675085643834 7.44368862150389 2.36121250470145
"958" 950 1.51686707093422 7.44761145649858 2.36166039317673
"959" 951 1.51697609310478 7.45144566523648 2.36210789416646
"960" 952 1.51708477530714 7.45485955027293 2.36255500841281
"961" 953 1.51721500778892 7.45826219105236 2.36300173665572
"962" 954 1.51733921776379 7.46217789744629 2.36344807963299
"963" 955 1.51745735926602 7.46612374422828 2.36389403808011
"964" 956 1.51757876460008 7.47008526659874 2.36433961273055
"965" 957 1.51768669809465 7.4739079016315 2.36478480431555
"966" 958 1.51778588301907 7.47753910957618 2.36522961356416
"967" 959 1.51789340775724 7.48119821209733 2.36567404120341
"968" 960 1.51801496602126 7.48483420882444 2.36611808795796
"969" 961 1.51813679697693 7.48846829517928 2.36656175455063
"970" 962 1.51825402245777 7.49212107874513 2.36700504170184
"971" 963 1.51834823167736 7.49575725094156 2.36744795013016
"972" 964 1.51847015236232 7.49933843041536 2.36789048055179
"973" 965 1.51859523256864 7.5028319239633 2.36833263368109
"974" 966 1.51870342580849 7.50632351691784 2.36877441023011
"975" 967 1.51882452999035 7.51031968526691 2.36921581090898
"976" 968 1.51893990202115 7.51395986606372 2.36965683642568
"977" 969 1.51902666267118 7.51766524308946 2.37009748748609
"978" 970 1.51914256393673 7.52116057650811 2.37053776479421
"979" 971 1.51924800740751 7.52484533474857 2.37097766905176
"980" 972 1.51936193275452 7.52849397416628 2.37141720095859
"981" 973 1.51947095575586 7.53214074139448 2.37185636121242
"982" 974 1.51958649663841 7.53591101640374 2.37229515050902
"983" 975 1.51968588410742 7.53972175806404 2.37273356954213
"984" 976 1.51979384987609 7.54350961475185 2.37317161900342
"985" 977 1.51990541406217 7.5472917240284 2.37360929958269
"986" 978 1.5200131182597 7.5510668049139 2.37404661196756
"987" 979 1.52011650703951 7.55484004149226 2.3744835568438
"988" 980 1.52022463177551 7.55861143654826 2.37492013489527
"989" 981 1.52033537517357 7.56239084146924 2.37535634680364
"990" 982 1.52043716187529 7.56580964682012 2.37579219324881
"991" 983 1.52053987346873 7.56915219147681 2.37622767490867
"992" 984 1.5206554560526 7.57261637796173 2.37666279245909
"993" 985 1.5207784869859 7.57601760682102 2.3770975465742
"994" 986 1.52087299357261 7.57946612715638 2.37753193792593
"995" 987 1.5209887404297 7.58291280759763 2.37796596718453
"996" 988 1.52109487120847 7.58684532391995 2.3783996350182
"997" 989 1.52120574894579 7.59078173652636 2.37883294209324
"998" 990 1.52132891171616 7.59412752997625 2.37926588907411
"999" 991 1.52144158971564 7.59745984339356 2.37969847662334
"1000" 992 1.5215577416267 7.60099875605807 2.38013070540149
"1001" 993 1.5216673993457 7.60474262287392 2.38056257606744
"1002" 994 1.52176808266569 7.60861413266259 2.38099408927804
"1003" 995 1.52186753732766 7.61245743147562 2.38142524568831
"1004" 996 1.52197950666535 7.61615532447237 2.38185604595142
"1005" 997 1.52208598406621 7.62003141020993 2.38228649071867
"1006" 998 1.5221837641618 7.62351641243031 2.3827165806396
"1007" 999 1.52228284708273 7.62686703409049 2.38314631636182
"1008" 1000 1.52237659896429 7.63048757088594 2.38357569853116
