"T" "IC_low" "IC_up" "x_ML"
"1" 1.1 0.533910321763676 0.544824082525813 0.538867004422245
"2" 1.2 0.542479157540371 0.555889417892602 0.548561448548369
"3" 1.3 0.550410330647745 0.566043338478874 0.557490275161752
"4" 1.4 0.557781021087653 0.575436279734615 0.565766317179972
"5" 1.5 0.564671882937688 0.584150007133289 0.573479122010074
"6" 1.6 0.571142384687366 0.592293265264723 0.580700953957453
"7" 1.7 0.57723681243589 0.599942351478075 0.587490978159786
"8" 1.8 0.583002318476974 0.607142686730734 0.593898249751617
"9" 1.9 0.588464321858753 0.613964131943275 0.599963895778105
"10" 2 0.593657652248827 0.620416134737581 0.605722738196832
"11" 3 0.635073053808012 0.671645462642364 0.651396440093119
"12" 4 0.664674084760857 0.70831983790385 0.68396560965035
"13" 5 0.687655962094827 0.737154928789373 0.709321903194507
"14" 6 0.706391643831693 0.761058227998047 0.730100464151488
"15" 7 0.722138144102786 0.781542127250447 0.747711374212674
"16" 8 0.73578435808319 0.799522625859 0.762998474086344
"17" 9 0.74778133303337 0.815531198196634 0.776507231070106
"18" 10 0.758459795037284 0.830074936540899 0.788610781930453
"19" 11 0.768077652692273 0.843388305425261 0.799575708900907
"20" 12 0.776825286392962 0.855671259204317 0.809599137301124
"21" 13 0.784859928845589 0.867070284449082 0.818830966696688
"22" 14 0.792264624935838 0.877744162115784 0.827387859028791
"23" 15 0.799129755884324 0.887733904142138 0.835362400526333
"24" 16 0.805556842899875 0.897147510638941 0.842829307808608
"25" 17 0.811559206561992 0.906085979413568 0.849849753802454
"26" 18 0.817175484676659 0.914607487765402 0.856474458345174
"27" 19 0.822486923782647 0.922742488625057 0.862745944142255
"28" 20 0.827547608900421 0.930427629395136 0.868700214846306
"29" 21 0.832360308410619 0.937844234638723 0.874368024325222
"30" 22 0.836915033640973 0.944988298704346 0.879775851140165
"31" 23 0.84123942948926 0.951856434279193 0.884946656786213
"32" 24 0.84538451799942 0.958408838432496 0.889900482857048
"33" 25 0.849351070666857 0.964721822005695 0.894654926541744
"34" 26 0.853167516892403 0.970845018500114 0.899225523049997
"35" 27 0.856800416424784 0.976734788761384 0.90362605601355
"36" 28 0.860286682175614 0.982537769314937 0.907868811558117
"37" 29 0.863656936185806 0.988155604744511 0.911964787888686
"38" 30 0.866926066148937 0.993534542247768 0.915923869423535
"39" 31 0.870064958052101 0.998771476309422 0.919754972440742
"40" 32 0.873083414993351 1.00385938298973 0.923466167655095
"41" 33 0.876021843050778 1.00881514823344 0.927064783977668
"42" 34 0.878850282374922 1.01365902447872 0.93055749682291
"43" 35 0.881596268524643 1.01841642692366 0.933950403646149
"44" 36 0.88426667280888 1.02304099766279 0.937249088866081
"45" 37 0.886844214068679 1.02757385683202 0.940458679914169
"46" 38 0.889343436859371 1.03196341748317 0.943583895828111
"47" 39 0.89179957281722 1.036262814641 0.946629089549304
"48" 40 0.894172964142083 1.04053190836462 0.94959828487885
"49" 41 0.896503829574177 1.04456492368019 0.95249520888204
"50" 42 0.89874487658176 1.04862463620853 0.95532332039806
"51" 43 0.900956228385611 1.05253973507349 0.958085835203807
"52" 44 0.903108707053148 1.05643146083103 0.960785748292372
"53" 45 0.905196095796676 1.06022596623778 0.963425853654498
"54" 46 0.907247145394053 1.0639051531478 0.966008761891657
"55" 47 0.909247074599724 1.06754723823066 0.968536915939963
"56" 48 0.911207744137255 1.07107798398334 0.971012605143096
"57" 49 0.913130565675877 1.07455566934363 0.973437977878067
"58" 50 0.914995543033514 1.07797292352594 0.97581505290889
"59" 51 0.916822450270538 1.08140066286357 0.978145729618992
"60" 52 0.918616466207119 1.08472836016792 0.980431797252725
"61" 53 0.920404030544897 1.08804089960757 0.982674943278981
"62" 54 0.922141556193294 1.09127345718944 0.984876760975216
"63" 55 0.923835925398253 1.09443185131219 0.987038756317435
"64" 56 0.925500470004623 1.09758440962536 0.989162354251125
"65" 57 0.927130789555203 1.10068409319848 0.991248904408639
"66" 58 0.928731093442617 1.10372449824106 0.993299686330751
"67" 59 0.930316266100143 1.10675559958972 0.995315914243076
"68" 60 0.931869683208087 1.10970606898578 0.997298741432157
"69" 61 0.933392675510048 1.1125592845989 0.999249264260865
"70" 62 0.934871737067677 1.11540441824453 1.00116852585819
"71" 63 0.936341876801244 1.11820353982256 1.00305751951466
"72" 64 0.937783301399019 1.12100312369692 1.00491719181105
"73" 65 0.939193284661915 1.12371686850356 1.00674844550527
"74" 66 0.940580963955752 1.12642263247995 1.00855214219944
"75" 67 0.941949697017957 1.129080738416 1.01032910480696
"76" 68 0.943317018406928 1.13176848410169 1.01208011983733
"77" 69 0.944634071267685 1.13433491460599 1.01380593951464
"78" 70 0.945927446546802 1.13696924601965 1.01550728374407
"79" 71 0.947233356443102 1.13948508074618 1.01718484193929
"80" 72 0.948504877333503 1.14199346643527 1.01883927472242
"81" 73 0.949757946181974 1.14446213292771 1.02047121550705
"82" 74 0.951004856558098 1.14694089274386 1.02208127197388
"83" 75 0.952213166787406 1.14938863020312 1.02367002744758
"84" 76 0.953415637889375 1.15182154065171 1.02523804218274
"85" 77 0.954602106665819 1.1541757265925 1.02678585456596
"86" 78 0.955769605601457 1.15651891623438 1.02831398224063
"87" 79 0.956933990554037 1.15880781862349 1.02982292316025
"88" 80 0.958073983877584 1.16109722646287 1.03131315657568
"89" 81 0.959197766697125 1.16334539491302 1.03278514396124
"90" 82 0.960297915815781 1.16558733693939 1.03423932988415
"91" 83 0.961411087486132 1.16782789104447 1.03567614282144
"92" 84 0.962495004000942 1.16999900524788 1.03709599592801
"93" 85 0.963557321460758 1.17220227111428 1.0384992877595
"94" 86 0.96461095918396 1.17435091822154 1.03988640295282
"95" 87 0.965654838858958 1.1764865059129 1.04125771286763
"96" 88 0.966705283426253 1.17858841396148 1.04261357619114
"97" 89 0.967717390620849 1.18067648677842 1.0439543395089
"98" 90 0.96871517338685 1.18271475483338 1.04528033784374
"99" 91 0.969699415471274 1.18474857427292 1.0465918951651
"100" 92 0.970667615817744 1.18675954500625 1.0478893248705
"101" 93 0.971638785400571 1.18878745001198 1.04917293024111
"102" 94 0.972602650104438 1.19077997857499 1.05044300487305
"103" 95 0.973555562962078 1.19277988745606 1.05169983308589
"104" 96 0.974492599221055 1.19470238007989 1.05294369030984
"105" 97 0.975434405343698 1.19664226158361 1.05417484345292
"106" 98 0.976325937881406 1.19852821127021 1.05539355124936
"107" 99 0.977225863894113 1.20045780044427 1.05660006459039
"108" 100 0.97811796426722 1.20231678467891 1.05779462683842
"109" 101 0.978999475586001 1.20417100479503 1.05897747412563
"110" 102 0.97987000609869 1.20596654234203 1.06014883563792
"111" 103 0.980725271396558 1.2077789894391 1.06130893388502
"112" 104 0.981585957874038 1.20959350986229 1.06245798495762
"113" 105 0.982422606675695 1.21135337194493 1.06359619877218
"114" 106 0.983246264990737 1.21315581042105 1.06472377930425
"115" 107 0.98408686806013 1.21495857104171 1.06584092481075
"116" 108 0.98491210294097 1.21673238579504 1.06694782804206
"117" 109 0.98571885434694 1.21848124834115 1.06804467644431
"118" 110 0.986527044450855 1.22016827496756 1.06913165235243
"119" 111 0.987307164393021 1.22190052526293 1.07020893317453
"120" 112 0.98810059446733 1.22358360468889 1.07127669156804
"121" 113 0.988901393110569 1.22525708269045 1.07233509560801
"122" 114 0.989693593925722 1.22691114080197 1.07338430894805
"123" 115 0.990470200188227 1.22856256923785 1.07442449097423
"124" 116 0.991228196440498 1.23022929841897 1.07545579695236
"125" 117 0.991975131761202 1.23183502250206 1.07647837816894
"126" 118 0.99271089494074 1.23344795055012 1.0774923820662
"127" 119 0.993430383770572 1.23508661080539 1.07849795237134
"128" 120 0.994166176310486 1.23673856508664 1.0794952292205
"129" 121 0.994899567800416 1.23832619693097 1.08048434927748
"130" 122 0.995615165448396 1.23988869388894 1.08146544584773
"131" 123 0.996332481753536 1.24146722929421 1.08243864898757
"132" 124 0.997024439049009 1.24305316287776 1.08340408560905
"133" 125 0.997735427052563 1.24459987878432 1.08436187958064
"134" 126 0.998456316078283 1.24611888570771 1.08531215182388
"135" 127 0.999159093300965 1.247619286439 1.08625502040625
"136" 128 0.999839243364692 1.24917238543468 1.08719060063034
"137" 129 1.00052267442647 1.25071996395922 1.08811900511969
"138" 130 1.00120044325493 1.25220251074212 1.08904034390119
"139" 131 1.00186233948027 1.25363338944161 1.08995472448441
"140" 132 1.00252666865153 1.255072563367 1.09086225193787
"141" 133 1.00318464959815 1.25652809602663 1.09176302896255
"142" 134 1.00383859624424 1.25800612400221 1.09265715596247
"143" 135 1.00447218456185 1.25948999014262 1.09354473111285
"144" 136 1.00512595108149 1.26089428269653 1.09442585042561
"145" 137 1.00575601803015 1.26226886679119 1.09530060781259
"146" 138 1.00638031302086 1.26367532669358 1.09616909514636
"147" 139 1.00699954270728 1.26510450511988 1.09703140231898
"148" 140 1.00761509472054 1.26650516770183 1.09788761729855
"149" 141 1.0082285304899 1.26791878383283 1.09873782618377
"150" 142 1.00883859795801 1.26934644769815 1.09958211325663
"151" 143 1.00944292936701 1.27078260482898 1.10042056103324
"152" 144 1.01004462679165 1.27211460879822 1.10125325031281
"153" 145 1.01063788241315 1.27345181210578 1.10208026022509
"154" 146 1.01122842679512 1.27482703416554 1.10290166827605
"155" 147 1.0117978450882 1.2761807722213 1.10371755039206
"156" 148 1.0123793833431 1.27754016330411 1.1045279809626
"157" 149 1.01295732343743 1.27887081231653 1.10533303288149
"158" 150 1.0135216921639 1.2802097670811 1.10613277758678
"159" 151 1.01407904972918 1.2815595931169 1.10692728509928
"160" 152 1.01465034709531 1.28288353973295 1.10771662405989
"161" 153 1.01521471073577 1.28418924200933 1.10850086176559
"162" 154 1.01577711407507 1.28546347651988 1.10928006420443
"163" 155 1.01634202248679 1.28672176342262 1.11005429608924
"164" 156 1.01689708415532 1.2880320755954 1.1108236208903
"165" 157 1.01744418900962 1.2892874843921 1.11158810086704
"166" 158 1.01798717965606 1.29051786592016 1.11234779709865
"167" 159 1.01853131818108 1.29180561830522 1.11310276951375
"168" 160 1.0190583284567 1.29302768911333 1.11385307691918
"169" 161 1.01958887076036 1.29428733988842 1.11459877702781
"170" 162 1.02011247464077 1.29554699203594 1.11533992648558
"171" 163 1.02064282155413 1.29672009047341 1.11607658089763
"172" 164 1.02116176741415 1.29789371283013 1.11680879485372
"173" 165 1.02167429107841 1.29913287719033 1.11753662195277
"174" 166 1.02218832979296 1.30033573944666 1.11826011482681
"175" 167 1.02270194179392 1.30152273153716 1.11897932516401
"176" 168 1.02320578949168 1.30270798589505 1.11969430373126
"177" 169 1.02370134233031 1.30386850078551 1.12040510039587
"178" 170 1.02420114693005 1.30503403815706 1.12111176414678
"179" 171 1.02469960386987 1.30621147663222 1.12181434311505
"180" 172 1.02519346734696 1.30742016214091 1.12251288459385
"181" 173 1.02569058156618 1.30860437829536 1.12320743505775
"182" 174 1.02617134712675 1.30977911837771 1.12389804018162
"183" 175 1.02665239888264 1.3109112267573 1.12458474485878
"184" 176 1.02713387809216 1.31206323661918 1.12526759321885
"185" 177 1.0276183129121 1.31321428411242 1.12594662864494
"186" 178 1.02809717990865 1.31435022551138 1.12662189379044
"187" 179 1.02857621958485 1.31551755579495 1.1272934305953
"188" 180 1.02903644661138 1.31665230030586 1.12796128030187
"189" 181 1.0295059730639 1.31774030606677 1.12862548347031
"190" 182 1.02998109336001 1.31882357939105 1.12928607999357
"191" 183 1.03044389180022 1.31995068401044 1.12994310911196
"192" 184 1.03090607552204 1.32101045312761 1.13059660942732
"193" 185 1.03136291220648 1.32215562328846 1.13124661891685
"194" 186 1.03183626225298 1.32324368282765 1.13189317494646
"195" 187 1.03229651978387 1.32432212315836 1.13253631428389
"196" 188 1.03274604124825 1.32540297201961 1.13317607311143
"197" 189 1.03318954007037 1.32645913124075 1.13381248703825
"198" 190 1.03364782033271 1.32746194063135 1.13444559111249
"199" 191 1.03408815567509 1.32854705471933 1.13507541983301
"200" 192 1.03453384180604 1.32963893269271 1.13570200716078
"201" 193 1.03497376108731 1.33067244565918 1.13632538653005
"202" 194 1.0354241874409 1.33174191057413 1.13694559085919
"203" 195 1.03585227140467 1.3327908290689 1.13756265256127
"204" 196 1.03626993656903 1.33385772397057 1.13817660355433
"205" 197 1.0366994865525 1.33492968409075 1.13878747527147
"206" 198 1.03711821518128 1.33597041965551 1.13939529867059
"207" 199 1.03754002663653 1.33697614974088 1.14000010424396
"208" 200 1.03795718717217 1.33804333683162 1.14060192202751
"209" 201 1.03837896873924 1.33904904096843 1.14120078160992
"210" 202 1.0387940623677 1.3400676695804 1.14179671214144
"211" 203 1.0392071252293 1.34107902920937 1.14238974234254
"212" 204 1.039613011029 1.34209184773831 1.1429799005123
"213" 205 1.04002768136234 1.34315728770579 1.14356721453667
"214" 206 1.04044010482092 1.3441668783704 1.14415171189642
"215" 207 1.04084338573681 1.3451782069644 1.14473341967504
"216" 208 1.04125074654865 1.34614735884715 1.14531236456629
"217" 209 1.04165802168346 1.3471316015762 1.1458885728817
"218" 210 1.04207264279933 1.34812182032441 1.14646207055783
"219" 211 1.04246688375866 1.34910676194268 1.14703288316337
"220" 212 1.04287017296888 1.35008820312909 1.14760103590606
"221" 213 1.04325996653938 1.35105026290162 1.14816655363948
"222" 214 1.04365457750609 1.35201654576667 1.14872946086964
"223" 215 1.04404832908002 1.35300385311812 1.14928978176147
"224" 216 1.04444155525513 1.35398521964825 1.1498475401451
"225" 217 1.04483211677276 1.35493730876315 1.15040275952202
"226" 218 1.04521159985602 1.35590497340848 1.15095546307113
"227" 219 1.04558405306113 1.35679720123534 1.1515056736546
"228" 220 1.04595538106039 1.35773502086089 1.15205341382364
"229" 221 1.04633317598454 1.35869346606581 1.15259870582411
"230" 222 1.04671080058758 1.35962648838698 1.15314157160199
"231" 223 1.04709352914451 1.36051800854399 1.15368203280882
"232" 224 1.04747245061273 1.36142262213988 1.15422011080687
"233" 225 1.04784987981689 1.36234941919375 1.15475582667433
"234" 226 1.04822945249215 1.36331142498664 1.15528920121032
"235" 227 1.04859314351021 1.36420476849063 1.15582025493979
"236" 228 1.04896591610287 1.36510657285584 1.15634900811832
"237" 229 1.04933058240817 1.36604267185581 1.15687548073684
"238" 230 1.04969204971705 1.36697244705763 1.1573996925262
"239" 231 1.05004790591025 1.36790568367545 1.15792166296169
"240" 232 1.0504151875399 1.36882042145787 1.15844141126743
"241" 233 1.05077535998458 1.36971783084744 1.15895895642068
"242" 234 1.05112080118254 1.37061043372088 1.15947431715603
"243" 235 1.05148505738371 1.37149837694506 1.15998751196957
"244" 236 1.0518553117957 1.37239315259423 1.16049855912288
"245" 237 1.0522126819029 1.37328683288617 1.16100747664702
"246" 238 1.05255850402362 1.37422499326774 1.16151428234636
"247" 239 1.05289902457119 1.37512324879964 1.16201899380242
"248" 240 1.05324635951728 1.376041446215 1.16252162837751
"249" 241 1.05358662504191 1.37690131689882 1.16302220321844
"250" 242 1.05392795340425 1.37778646517926 1.16352073526
"251" 243 1.05427503497278 1.37861946875339 1.16401724122851
"252" 244 1.05462347310135 1.37948610948859 1.1645117376452
"253" 245 1.05496158462447 1.3803612404934 1.16500424082955
"254" 246 1.05529692246522 1.38120168603328 1.16549476690257
"255" 247 1.05563635971931 1.38202357732493 1.16598333179002
"256" 248 1.05598429005874 1.3828540159013 1.16646995122555
"257" 249 1.05630743658954 1.38370078675181 1.16695464075377
"258" 250 1.05664169730703 1.38453354715965 1.16743741573328
"259" 251 1.05698157170011 1.38535279298676 1.16791829133963
"260" 252 1.05731294901696 1.38619202212193 1.16839728256821
"261" 253 1.05765531651158 1.38704172671654 1.1688744042371
"262" 254 1.05799869248355 1.38790017722259 1.16934967098988
"263" 255 1.05832474197795 1.38876379533312 1.16982309729832
"264" 256 1.05862374474342 1.38962404750626 1.17029469746509
"265" 257 1.05894413855282 1.39043017308977 1.17076448562638
"266" 258 1.05927504457019 1.39123429778193 1.17123247575448
"267" 259 1.0595975700645 1.39207176394859 1.1716986816603
"268" 260 1.05991611665534 1.39292983925405 1.17216311699586
"269" 261 1.06023240956766 1.3937368480935 1.17262579525669
"270" 262 1.06054220951175 1.39455765483048 1.17308672978426
"271" 263 1.06085949034664 1.39538831148885 1.1735459337683
"272" 264 1.06118131033166 1.39625061034831 1.17400342024908
"273" 265 1.06149596715912 1.39706474638747 1.17445920211969
"274" 266 1.06180947092237 1.39785257151699 1.17491329212821
"275" 267 1.06211513216035 1.39864177298536 1.17536570287993
"276" 268 1.062430868093 1.39944117022674 1.17581644683944
"277" 269 1.06274260114404 1.40022464385329 1.17626553633273
"278" 270 1.06304670149942 1.40097850857215 1.17671298354922
"279" 271 1.06336123088005 1.40179400210397 1.17715880054383
"280" 272 1.06367606345602 1.40260529415114 1.17760299923888
"281" 273 1.06398397282713 1.40337809669972 1.17804559142609
"282" 274 1.06429153184148 1.40418397418921 1.17848658876845
"283" 275 1.06459497599027 1.40495921212434 1.17892600280208
"284" 276 1.06489745912072 1.40571721322124 1.17936384493811
"285" 277 1.06519890828664 1.40652369283696 1.17980012646444
"286" 278 1.06549003365378 1.40730694708466 1.18023485854753
"287" 279 1.0657834899348 1.40806544145111 1.18066805223413
"288" 280 1.06607833219832 1.4088492131171 1.18109971845298
"289" 281 1.06637357580271 1.40959607826208 1.18152986801652
"290" 282 1.06666193346218 1.41033596240912 1.1819585116225
"291" 283 1.06695434146626 1.41110686870576 1.1823856598556
"292" 284 1.06724687222197 1.4118534328778 1.18281132318904
"293" 285 1.06753591981669 1.41258787781729 1.18323551198613
"294" 286 1.06782859785923 1.4133422322661 1.18365823650183
"295" 287 1.06811683918622 1.4141085751609 1.18407950688419
"296" 288 1.06840672789012 1.41487117728778 1.18449933317591
"297" 289 1.06869218088651 1.41558968200726 1.18491772531574
"298" 290 1.06897318600055 1.41631077990636 1.18533469313996
"299" 291 1.06925047218026 1.41706370511144 1.18575024638372
"300" 292 1.069547856034 1.41777805342247 1.1861643946825
"301" 293 1.06981662977962 1.41852583300329 1.1865771475734
"302" 294 1.07010374630418 1.41927601333621 1.18698851449652
"303" 295 1.07038960419458 1.42001218536418 1.18739850479625
"304" 296 1.07066885279017 1.42073774334409 1.18780712772257
"305" 297 1.070948861373 1.42145930329403 1.18821439243233
"306" 298 1.07123160395784 1.42219566621341 1.18862030799047
"307" 299 1.0715087642594 1.42289252032601 1.18902488337127
"308" 300 1.07177622838376 1.42361914153767 1.18942812745954
"309" 301 1.07205289251071 1.4242911768644 1.18983004905184
"310" 302 1.07232673466018 1.4250105510608 1.19023065685759
"311" 303 1.07260251049818 1.42573840300339 1.19062995950028
"312" 304 1.07287340670348 1.42642775130334 1.19102796551854
"313" 305 1.07313176776534 1.4271238722113 1.1914246833673
"314" 306 1.07341376241065 1.42784270771088 1.19182012141887
"315" 307 1.07368659402103 1.42854937541922 1.19221428796398
"316" 308 1.07395430176891 1.4292525770339 1.19260719121287
"317" 309 1.07420549302767 1.42996233116948 1.19299883929635
"318" 310 1.07447429957269 1.43064498997172 1.19338924026676
"319" 311 1.07473733560629 1.4313367177166 1.19377840209903
"320" 312 1.07499787685673 1.43204465913859 1.19416633269167
"321" 313 1.07526098738845 1.43274199951696 1.19455303986769
"322" 314 1.07551607095115 1.43338418868852 1.19493853137563
"323" 315 1.07577663584279 1.4341040360857 1.19532281489046
"324" 316 1.07603700267084 1.43476055340676 1.19570589801453
"325" 317 1.07630366866346 1.43548580817331 1.19608778827846
"326" 318 1.07656121522634 1.43614477687883 1.19646849314208
"327" 319 1.07682469619756 1.43682107000897 1.19684801999526
"328" 320 1.0770763419295 1.43751551015926 1.19722637615886
"329" 321 1.07733076694403 1.43816795816478 1.19760356888549
"330" 322 1.07757699619391 1.43883082152468 1.19797960536046
"331" 323 1.07783598814751 1.43951144552195 1.19835449270251
"332" 324 1.07808935632387 1.4401901644204 1.19872823796473
"333" 325 1.07834466274594 1.44087507720091 1.19910084813529
"334" 326 1.07860179828975 1.44155489733803 1.19947233013828
"335" 327 1.0788620303765 1.44225060512 1.19984269083443
"336" 328 1.07910727926108 1.44294264234845 1.200211937022
"337" 329 1.07934985198009 1.44358018551862 1.20058007543739
"338" 330 1.07960971853565 1.44428001163213 1.20094711275601
"339" 331 1.07985743094517 1.44491492533616 1.20131305559296
"340" 332 1.08010444133588 1.44557093171184 1.20167791050374
"341" 333 1.08034227369606 1.44623259649755 1.202041683985
"342" 334 1.08057634779518 1.44685534256712 1.20240438247525
"343" 335 1.08082171836019 1.44750155533323 1.20276601235549
"344" 336 1.08105919054644 1.44818288603506 1.20312657994998
"345" 337 1.0813012401036 1.44883425532933 1.20348609152685
"346" 338 1.08154358028344 1.44950363292766 1.20384455329877
"347" 339 1.0817811972575 1.45017344272519 1.20420197142362
"348" 340 1.08201515285295 1.45082150165073 1.20455835200515
"349" 341 1.082253067792 1.45145569833963 1.20491370109356
"350" 342 1.08249021803185 1.45207350730667 1.20526802468618
"351" 343 1.08272871618877 1.45270962309488 1.20562132872803
"352" 344 1.08296844747673 1.45335852735019 1.20597361911249
"353" 345 1.08319886218371 1.45399220352932 1.20632490168185
"354" 346 1.08342906862967 1.45462492724461 1.20667518222793
"355" 347 1.08367315195816 1.45526920685268 1.20702446649262
"356" 348 1.08391877265286 1.45591986417563 1.2073727601685
"357" 349 1.08415317132484 1.45657457517571 1.20772006889937
"358" 350 1.08437709391999 1.4572158896982 1.20806639828082
"359" 351 1.08460920394566 1.45783125591281 1.20841175386079
"360" 352 1.08483317564223 1.45848696585983 1.20875614114006
"361" 353 1.08505797048179 1.45911716966994 1.20909956557288
"362" 354 1.08528147490797 1.4597440077111 1.20944203256737
"363" 355 1.08551510983827 1.46035018202255 1.20978354748615
"364" 356 1.08573827062629 1.46099678239074 1.21012411564678
"365" 357 1.08596369386336 1.46160560973534 1.2104637423223
"366" 358 1.08619683595291 1.46223353725331 1.2108024327417
"367" 359 1.08643026681668 1.46286050695967 1.21114019209043
"368" 360 1.08665951198775 1.4634808373036 1.21147702551088
"369" 361 1.0868840886137 1.4641130712262 1.21181293810285
"370" 362 1.0871069285064 1.46472916949397 1.21214793492402
"371" 363 1.08731926200154 1.46533656535083 1.21248202099041
"372" 364 1.08754794402315 1.46595560043361 1.21281520127685
"373" 365 1.08776924288481 1.46655126232581 1.21314748071741
"374" 366 1.08799117087005 1.46716090287114 1.21347886420587
"375" 367 1.08821182919463 1.46776876332741 1.21380935659614
"376" 368 1.08842557753336 1.46838093704492 1.2141389627027
"377" 369 1.08864336055952 1.46897387767922 1.21446768730099
"378" 370 1.08886201585747 1.46955969428733 1.21479553512793
"379" 371 1.08908503332781 1.47015225742074 1.21512251088221
"380" 372 1.08931020101089 1.47075288619147 1.21544861922478
"381" 373 1.08953253563688 1.47136916410489 1.21577386477925
"382" 374 1.08974450672803 1.47194436749391 1.21609825213222
"383" 375 1.08995727173925 1.47252162416531 1.2164217858338
"384" 376 1.09017155632853 1.47313309831715 1.21674447039785
"385" 377 1.09038300888511 1.47369769607066 1.21706631030249
"386" 378 1.0905993253346 1.47429077385485 1.21738730999038
"387" 379 1.0908114944199 1.47488458823309 1.21770747386918
"388" 380 1.09102400330932 1.47546055563859 1.21802680631182
"389" 381 1.09123997587738 1.47604526712768 1.21834531165699
"390" 382 1.09145534576431 1.47661413317788 1.21866299420935
"391" 383 1.09167100888303 1.47722695401322 1.21897985824002
"392" 384 1.0918847976586 1.47779390460329 1.21929590798684
"393" 385 1.09209897376852 1.47834023811493 1.21961114765474
"394" 386 1.09230508066992 1.47890280887798 1.2199255814161
"395" 387 1.09251237516412 1.47949544193754 1.22023921341107
"396" 388 1.09271586834306 1.48006654338009 1.22055204774788
"397" 389 1.09291742719717 1.4806552722366 1.22086408850323
"398" 390 1.09313127266061 1.48120156476236 1.22117533972251
"399" 391 1.09333095348689 1.48175927520313 1.22148580542024
"400" 392 1.09353764550155 1.48233344762831 1.2217954895803
"401" 393 1.09374021860319 1.48289836846378 1.22210439615627
"402" 394 1.09394917690465 1.48346597896332 1.22241252907172
"403" 395 1.09415671102474 1.48403171360654 1.22271989222054
"404" 396 1.09435502765142 1.48461027847116 1.22302648946722
"405" 397 1.09455697314788 1.48518496096287 1.22333232464718
"406" 398 1.09475856001152 1.48579154568178 1.22363740156698
"407" 399 1.09495142135631 1.48636518619359 1.2239417240047
"408" 400 1.09514709374774 1.48694962708848 1.22424529571017
"409" 401 1.09534158378685 1.48751008565393 1.22454812040528
"410" 402 1.09553376381679 1.48806606512942 1.22485020178421
"411" 403 1.09572648932055 1.48864514543142 1.2251515435138
"412" 404 1.09592712375937 1.48917709400732 1.22545214923369
"413" 405 1.09613120229815 1.48973092016133 1.2257520225567
"414" 406 1.09632762767469 1.49029433406969 1.22605116706904
"415" 407 1.09652149314784 1.49086256112894 1.22634958633057
"416" 408 1.09672476298304 1.49139807296496 1.22664728387508
"417" 409 1.09692362690579 1.49195392508683 1.22694426321054
"418" 410 1.09712548511492 1.49248705732862 1.22724052781931
"419" 411 1.09731935655184 1.49302705901686 1.22753608115847
"420" 412 1.09750591961259 1.49360099747814 1.22783092665998
"421" 413 1.09769561978614 1.4941854286758 1.22812506773099
"422" 414 1.09788596112935 1.49476092196816 1.22841850775401
"423" 415 1.09807188920063 1.49526377260976 1.22871125008724
"424" 416 1.09826415962175 1.49580588307872 1.2290032980647
"425" 417 1.09844913215366 1.4963647031781 1.22929465499653
"426" 418 1.09863721414275 1.49689812901447 1.22958532416922
"427" 419 1.0988385161681 1.49744102696402 1.22987530884578
"428" 420 1.09904209692052 1.49797137473765 1.23016461226601
"429" 421 1.09921872640561 1.49852534781279 1.23045323764673
"430" 422 1.09940845772215 1.49906822372343 1.23074118818192
"431" 423 1.09960478464134 1.49957151127115 1.23102846704306
"432" 424 1.09979239471358 1.50007623915471 1.23131507737922
"433" 425 1.09997557135698 1.50060449388714 1.23160102231732
"434" 426 1.10017048622543 1.50115624679377 1.23188630496239
"435" 427 1.10035447732745 1.50169896833761 1.23217092839768
"436" 428 1.10053446917382 1.50223647422392 1.23245489568491
"437" 429 1.10071142918825 1.50273690835613 1.23273820986448
"438" 430 1.100901104833 1.50327847801879 1.23302087395567
"439" 431 1.10108659704882 1.50380709709894 1.23330289095679
"440" 432 1.10126639676263 1.50432748918976 1.23358426384541
"441" 433 1.10145156721296 1.50484502852015 1.23386499557857
"442" 434 1.10163864468093 1.50539296790089 1.23414508909292
"443" 435 1.10183000550201 1.50589241242388 1.23442454730494
"444" 436 1.10200922329151 1.50641146453564 1.23470337311111
"445" 437 1.10219646337724 1.50692350998205 1.23498156938812
"446" 438 1.102378184569 1.50742824152323 1.235259138993
"447" 439 1.10255826926961 1.50793982341219 1.23553608476334
"448" 440 1.10274121041793 1.50846606850831 1.23581240951748
"449" 441 1.10292628695987 1.50896613637396 1.23608811605461
"450" 442 1.10310988975977 1.50946323566488 1.23636320715502
"451" 443 1.10328623422828 1.50998049941674 1.23663768558023
"452" 444 1.10346193325784 1.51050642036851 1.23691155407319
"453" 445 1.10364049401338 1.5110218773545 1.2371848153584
"454" 446 1.10380688896987 1.51150494650413 1.23745747214213
"455" 447 1.10397747003828 1.51198871291229 1.23772952711252
"456" 448 1.1041567349155 1.51248305540849 1.23800098293979
"457" 449 1.10432387941003 1.5129948323488 1.23827184227642
"458" 450 1.10450908321838 1.51349856319921 1.23854210775721
"459" 451 1.1046972336192 1.51401036157478 1.23881178199955
"460" 452 1.10487581777563 1.51451986122811 1.23908086760349
"461" 453 1.1050480080305 1.51500362729043 1.23934936715195
"462" 454 1.10523204147171 1.51550656884857 1.23961728321081
"463" 455 1.10540807541159 1.5160045286745 1.23988461832914
"464" 456 1.10558058409798 1.51651425089413 1.24015137503927
"465" 457 1.10574943075185 1.51703311747682 1.24041755585699
"466" 458 1.10592245006688 1.51752183190081 1.24068316328165
"467" 459 1.10609683013707 1.51801021143202 1.24094819979633
"468" 460 1.10627145907237 1.51850760864765 1.241212667868
"469" 461 1.10644887448887 1.51899585756131 1.24147656994761
"470" 462 1.10661929515258 1.51950559537771 1.24173990847026
"471" 463 1.10678992933036 1.52000761702863 1.24200268585534
"472" 464 1.10696366259202 1.52047754558046 1.24226490450665
"473" 465 1.10713422570642 1.52099151042934 1.24252656681253
"474" 466 1.10730269543406 1.52146547957061 1.24278767514602
"475" 467 1.1074685757197 1.5219378227586 1.24304823186497
"476" 468 1.10763723310308 1.52241606638078 1.24330823931214
"477" 469 1.10781870022739 1.52288836493968 1.24356769981542
"478" 470 1.10798328035559 1.52335682899582 1.24382661568784
"479" 471 1.10815181379336 1.5238547330054 1.24408498922778
"480" 472 1.10832318549802 1.52435132769177 1.24434282271907
"481" 473 1.10849601392788 1.52482604674686 1.24460011843109
"482" 474 1.10866459640864 1.52529967477855 1.24485687861895
"483" 475 1.10883261490465 1.52579071806432 1.24511310552351
"484" 476 1.10900175362733 1.52624339879805 1.24536880137162
"485" 477 1.10917866974482 1.52670326927733 1.24562396837614
"486" 478 1.10933880821759 1.52717876631987 1.24587860873611
"487" 479 1.10950307759424 1.52765571132136 1.24613272463683
"488" 480 1.1096677447719 1.52812464502843 1.24638631825004
"489" 481 1.10983379708171 1.52862446954844 1.24663939173392
"490" 482 1.10999656041909 1.5291179567963 1.24689194723333
"491" 483 1.11017180361308 1.52962314421757 1.24714398687981
"492" 484 1.11032877432836 1.53010463580595 1.24739551279177
"493" 485 1.11049331679836 1.53060933600586 1.24764652707456
"494" 486 1.11065649641044 1.53107554205657 1.24789703182056
"495" 487 1.11082152395226 1.53153989263751 1.24814702910935
"496" 488 1.11097944297482 1.53199171296485 1.24839652100773
"497" 489 1.11113483408438 1.53242894084921 1.24864550956991
"498" 490 1.11129798673831 1.53290654748465 1.24889399683754
"499" 491 1.11146717092456 1.53339319691469 1.24914198483985
"500" 492 1.1116182486645 1.53389376364537 1.24938947559376
"501" 493 1.11178135162596 1.53436799672197 1.24963647110395
"502" 494 1.11194061078546 1.53480947715361 1.24988297336297
"503" 495 1.11210208844834 1.53526912467443 1.25012898435133
"504" 496 1.11226854488173 1.53573447712965 1.25037450603765
"505" 497 1.11241875295624 1.53618617797579 1.25061954037865
"506" 498 1.11258944941608 1.53668457908571 1.25086408931937
"507" 499 1.11274950573378 1.53717498182532 1.25110815479315
"508" 500 1.1129126610535 1.53761830138818 1.2513517387218
"509" 501 1.11306994271424 1.53809881416252 1.25159484301567
"510" 502 1.11321705592644 1.53856458997857 1.25183746957371
"511" 503 1.1133716751106 1.53901047300797 1.25207962028363
"512" 504 1.11353411824735 1.53945201750187 1.2523212970219
"513" 505 1.1136903110514 1.53990627555495 1.25256250165392
"514" 506 1.11384637838285 1.54034914261698 1.25280323603407
"515" 507 1.11399249317062 1.54079034469492 1.25304350200577
"516" 508 1.1141496146842 1.54123054425525 1.25328330140162
"517" 509 1.11429964051599 1.54167135016263 1.25352263604347
"518" 510 1.11446054267766 1.54214854627074 1.25376150774247
"519" 511 1.11461135961034 1.54257877790171 1.25399991829919
"520" 512 1.11476649568378 1.5430067604014 1.25423786950369
"521" 513 1.11491667316323 1.54349343917075 1.25447536313559
"522" 514 1.1150595484181 1.54393650919609 1.25471240096419
"523" 515 1.11520426679085 1.54441593018013 1.2549489847485
"524" 516 1.11536538836522 1.54490981756984 1.25518511623735
"525" 517 1.11551228607455 1.54535808762462 1.25542079716946
"526" 518 1.11565559686379 1.54577534952563 1.25565602927351
"527" 519 1.11580550334279 1.54623104154802 1.25589081426824
"528" 520 1.11596573577061 1.54667183985226 1.25612515386252
"529" 521 1.11611984885112 1.54712336232584 1.2563590497554
"530" 522 1.11626917130746 1.54757450441654 1.2565925036362
"531" 523 1.11642527034625 1.54803113412682 1.2568255171846
"532" 524 1.11658135102524 1.54844411802711 1.25705809207071
"533" 525 1.11673592340878 1.54889089907919 1.2572902299551
"534" 526 1.11688147565204 1.54936064402724 1.25752193248894
"535" 527 1.11702956308308 1.54979414241435 1.25775320131403
"536" 528 1.11717752548358 1.5502264601673 1.25798403806286
"537" 529 1.11733052228806 1.5506493451448 1.25821444435869
"538" 530 1.11747806765672 1.55108511187137 1.25844442181568
"539" 531 1.11762419393274 1.55151963017927 1.25867397203885
"540" 532 1.11778165699831 1.55195813278208 1.25890309662425
"541" 533 1.11792508547152 1.55241361162808 1.25913179715893
"542" 534 1.11807246942691 1.55284487685041 1.25936007522109
"543" 535 1.11821592724022 1.55329515125631 1.25958793238013
"544" 536 1.11836797791608 1.55372807742014 1.25981537019667
"545" 537 1.11851395885243 1.55418030311876 1.26004239022265
"546" 538 1.11867047676374 1.55460778738969 1.2602689940014
"547" 539 1.11881188695113 1.55502840739724 1.26049518306771
"548" 540 1.11895436276583 1.55547752643114 1.26072095894782
"549" 541 1.11910445955837 1.55590210699822 1.2609463231596
"550" 542 1.11924284747255 1.5563031145208 1.26117127721252
"551" 543 1.11939619583295 1.55671684791441 1.26139582260775
"552" 544 1.11953811562649 1.55716984947672 1.26161996083821
"553" 545 1.11968374627664 1.55762220791757 1.26184369338865
"554" 546 1.11983134384137 1.55805648050765 1.26206702173568
"555" 547 1.11997325907973 1.55848374099047 1.26228994734784
"556" 548 1.12012399558447 1.55892662528621 1.26251247168565
"557" 549 1.1202710394101 1.5593288109673 1.26273459620172
"558" 550 1.12041866153654 1.55978245281729 1.26295632234075
"559" 551 1.12056176756717 1.5601840145118 1.26317765153958
"560" 552 1.12070454415361 1.56057705239222 1.2633985852273
"561" 553 1.12085273898988 1.56096879125805 1.26361912482527
"562" 554 1.12099917099182 1.56139863739527 1.26383927174718
"563" 555 1.12114202121044 1.56184978710421 1.26405902739912
"564" 556 1.12128614109789 1.56228177138831 1.26427839317959
"565" 557 1.12142754286684 1.56268066726707 1.26449737047965
"566" 558 1.12156984543497 1.56308793549294 1.26471596068283
"567" 559 1.12170635020099 1.56352168111731 1.26493416516533
"568" 560 1.12184392101896 1.56394344400364 1.26515198529597
"569" 561 1.12198843923512 1.56433506540542 1.2653694224363
"570" 562 1.1221261209152 1.56471032041393 1.26558647794062
"571" 563 1.12225696461303 1.56515585622036 1.26580315315603
"572" 564 1.12239475166805 1.56555574708557 1.26601944942252
"573" 565 1.12252594404586 1.56596666604744 1.26623536807298
"574" 566 1.12266793690246 1.56638367879118 1.26645091043326
"575" 567 1.12280677848048 1.56676810612244 1.26666607782223
"576" 568 1.12294850755758 1.56714272856136 1.2668808715518
"577" 569 1.12308462648489 1.56752753397943 1.26709529292701
"578" 570 1.12321685575266 1.56794859738847 1.26730934324607
"579" 571 1.12335408811501 1.56834569170212 1.26752302380036
"580" 572 1.12349489953542 1.56874125951628 1.26773633587456
"581" 573 1.12363534687321 1.56915515789882 1.26794928074661
"582" 574 1.12376195525426 1.56956542102698 1.26816185968781
"583" 575 1.12389927872937 1.56996398400926 1.26837407396285
"584" 576 1.12403695533577 1.57038667732467 1.26858592482989
"585" 577 1.12416677340692 1.57077465868385 1.26879741354052
"586" 578 1.12429642247761 1.57113956016954 1.26900854133992
"587" 579 1.12442320427323 1.57154266799086 1.26921930946679
"588" 580 1.12456173375172 1.5719406799565 1.26942971915348
"589" 581 1.12469219714952 1.57234073003953 1.26963977162599
"590" 582 1.12482700900268 1.57275413545812 1.26984946810403
"591" 583 1.12496209618848 1.57316293147908 1.27005880980105
"592" 584 1.125098357587 1.57361610046729 1.27026779792431
"593" 585 1.12523043881112 1.57405401548435 1.27047643367488
"594" 586 1.12537194057454 1.57443916401523 1.27068471824774
"595" 587 1.12550983001515 1.5748234099309 1.27089265283173
"596" 588 1.125645949762 1.57522742288436 1.2711002386097
"597" 589 1.12578320840575 1.5756371123486 1.2713074767585
"598" 590 1.12591987745206 1.57601307491126 1.27151436844897
"599" 591 1.12604713856401 1.57642807953851 1.27172091484608
"600" 592 1.12617590341442 1.57682721950119 1.27192711710891
"601" 593 1.12630367205693 1.57721257915507 1.27213297639067
"602" 594 1.12643211810924 1.5776380852279 1.2723384938388
"603" 595 1.12656355182425 1.57805228698737 1.27254367059496
"604" 596 1.12669716841455 1.57846145005151 1.27274850779512
"605" 597 1.12682633997581 1.57885416681811 1.27295300656952
"606" 598 1.12696083303942 1.57920184809976 1.27315716804276
"607" 599 1.12709744060618 1.57961342298462 1.27336099333387
"608" 600 1.12723106133521 1.58002200429955 1.27356448355626
"609" 601 1.12736295649398 1.58043488058259 1.27376763981782
"610" 602 1.12749140692351 1.58082398958392 1.27397046322096
"611" 603 1.12761631675881 1.58121122353281 1.27417295486259
"612" 604 1.12774238693583 1.58159356140121 1.27437511583423
"613" 605 1.12787109909901 1.58198516971935 1.274576947222
"614" 606 1.12799919978069 1.58236937898994 1.27477845010663
"615" 607 1.12812788347975 1.58272328744437 1.27497962556359
"616" 608 1.12825800038571 1.58309387311632 1.27518047466302
"617" 609 1.12838793982563 1.58350232497341 1.27538099846982
"618" 610 1.12851727309874 1.58385779268096 1.27558119804368
"619" 611 1.12864330903479 1.58426256732993 1.27578107443909
"620" 612 1.12877118787257 1.58466829339105 1.27598062870542
"621" 613 1.12889569997656 1.58506196760996 1.27617986188692
"622" 614 1.12902273647052 1.58542867116797 1.27637877502273
"623" 615 1.1291530927116 1.58577511381032 1.27657736914697
"624" 616 1.12927531908608 1.58614853700046 1.27677564528874
"625" 617 1.12940191009442 1.58649989093757 1.27697360447213
"626" 618 1.12952323984223 1.5869007463283 1.27717124771632
"627" 619 1.12964770682939 1.58729221432802 1.27736857603553
"628" 620 1.12977811627516 1.58768246603909 1.27756559043913
"629" 621 1.12990002946386 1.58807982974698 1.27776229193161
"630" 622 1.13002198286265 1.58844568431632 1.27795868151264
"631" 623 1.13014429648127 1.58881663009271 1.27815476017709
"632" 624 1.13026993762 1.58918892658512 1.27835052891507
"633" 625 1.13039852143154 1.58958748690258 1.27854598871198
"634" 626 1.13052693852806 1.58998352634368 1.27874114054846
"635" 627 1.13065453569561 1.59036205993316 1.27893598540053
"636" 628 1.13077668577407 1.59073847571436 1.27913052423955
"637" 629 1.13090298973889 1.59116551203854 1.27932475803226
"638" 630 1.13102832573545 1.59150184203973 1.27951868774082
"639" 631 1.13115727395784 1.59188236701651 1.27971231432283
"640" 632 1.13127180408997 1.59227050752501 1.27990563873137
"641" 633 1.13139731493189 1.59264341165422 1.28009866191501
"642" 634 1.13153116824169 1.59301748436895 1.28029138481786
"643" 635 1.13164932854463 1.59339996359478 1.28048380837959
"644" 636 1.13178178623875 1.59378112631738 1.28067593353542
"645" 637 1.1319085498227 1.59414219113963 1.28086776121626
"646" 638 1.13203664861728 1.59449111825793 1.28105929234857
"647" 639 1.13216362038569 1.59487677333696 1.28125052785455
"648" 640 1.13228217222617 1.5952431147567 1.28144146865206
"649" 641 1.13240880064151 1.59557642085067 1.28163211565467
"650" 642 1.13253199540547 1.59595694164069 1.28182246977172
"651" 643 1.13265324925393 1.59633863511684 1.28201253190834
"652" 644 1.13277579979778 1.59667631511303 1.28220230296543
"653" 645 1.13289852778643 1.59704010743961 1.28239178383972
"654" 646 1.13302090918951 1.59740524976994 1.2825809754238
"655" 647 1.13313779397141 1.59779194700366 1.28276987860615
"656" 648 1.13324478645748 1.59815752691643 1.28295849427113
"657" 649 1.13335806462102 1.5985026083935 1.28314682329904
"658" 650 1.13347323441344 1.59887839160754 1.28333486656614
"659" 651 1.13359468390125 1.59923621992702 1.28352262494466
"660" 652 1.13371603168438 1.59958814359372 1.28371009930283
"661" 653 1.13384261829294 1.59995782369736 1.28389729050492
"662" 654 1.13396586530285 1.60033606871017 1.28408419941123
"663" 655 1.13408551193114 1.60067634153707 1.28427082687816
"664" 656 1.134208230577 1.60102313554934 1.28445717375819
"665" 657 1.1343247412284 1.60137972879779 1.28464324089995
"666" 658 1.13444336778616 1.60174774220496 1.28482902914818
"667" 659 1.13456144025855 1.60209980879954 1.28501453934381
"668" 660 1.13468255920059 1.6024668684003 1.28519977232397
"669" 661 1.13480581245857 1.60283214394274 1.285384728922
"670" 662 1.13492180752557 1.60321317943689 1.28556940996746
"671" 663 1.13504166916831 1.60359566458 1.28575381628619
"672" 664 1.13516715077899 1.60393950433884 1.28593794870034
"673" 665 1.13528057188008 1.6042969323796 1.2861218080283
"674" 666 1.13540158138558 1.60465839889262 1.28630539508485
"675" 667 1.13551748878004 1.60503873929693 1.28648871068111
"676" 668 1.13563218811355 1.60539772632834 1.28667175562452
"677" 669 1.13573345794902 1.60573660619514 1.28685453071898
"678" 670 1.13585473403919 1.60609576011599 1.28703703676478
"679" 671 1.13597541153271 1.60643629963597 1.28721927455863
"680" 672 1.13609124888599 1.60680757161708 1.28740124489373
"681" 673 1.13620305014162 1.60715933855388 1.28758294855971
"682" 674 1.13631199912238 1.60753554585538 1.28776438634278
"683" 675 1.13642903703649 1.6078604549529 1.28794555902557
"684" 676 1.13653449114316 1.60821385094576 1.28812646738734
"685" 677 1.13664660834321 1.60857813169738 1.28830711220385
"686" 678 1.13675842119517 1.60891125826201 1.28848749424747
"687" 679 1.13687293544599 1.60926021537756 1.28866761428717
"688" 680 1.13698465903814 1.60961765026963 1.28884747308853
"689" 681 1.13709324695142 1.60997553428979 1.28902707141379
"690" 682 1.13721200499344 1.61032339923802 1.28920641002183
"691" 683 1.13733133801909 1.61066160736565 1.28938548966822
"692" 684 1.13744285061388 1.61101946081189 1.28956431110523
"693" 685 1.13755500800278 1.61137685800335 1.28974287508184
"694" 686 1.13766717124026 1.61173380018654 1.28992118234379
"695" 687 1.13778394422068 1.61211521532821 1.29009923363355
"696" 688 1.13788797225789 1.61246340979433 1.2902770296904
"697" 689 1.13799315311551 1.61280346560554 1.29045457125037
"698" 690 1.1381029882162 1.61315271250166 1.29063185904632
"699" 691 1.13822073167285 1.61351085232183 1.29080889380796
"700" 692 1.13832882520253 1.61385969178717 1.29098567626184
"701" 693 1.13843657661461 1.614215373379 1.29116220713138
"702" 694 1.13853893830256 1.61455899430201 1.29133848713686
"703" 695 1.13864328935507 1.61490784890474 1.29151451699549
"704" 696 1.13875205625711 1.61526134827645 1.2916902974214
"705" 697 1.13886238609635 1.61562938311457 1.29186582912566
"706" 698 1.1389692221475 1.61598104365676 1.29204111281627
"707" 699 1.1390850984344 1.61633226486824 1.29221614919824
"708" 700 1.1392023716347 1.61668803699511 1.29239093897354
"709" 701 1.139307472496 1.61703840374641 1.29256548284118
"710" 702 1.13941620138347 1.6173902093674 1.29273978149717
"711" 703 1.13952534191377 1.61773406429439 1.29291383563456
"712" 704 1.13963643953556 1.61807773074498 1.29308764594349
"713" 705 1.13974647533624 1.61842570129842 1.29326121311113
"714" 706 1.13985330451625 1.61877808692857 1.29343453782179
"715" 707 1.139960767696 1.6191233611462 1.29360762075685
"716" 708 1.1400669420822 1.61947126390187 1.29378046259483
"717" 709 1.14017508926237 1.61980674245966 1.29395306401139
"718" 710 1.14028556625724 1.62015380308817 1.29412542567935
"719" 711 1.14039343678705 1.62049557322148 1.29429754826871
"720" 712 1.14050529927706 1.62082894572359 1.29446943244662
"721" 713 1.14061292162676 1.62117800236629 1.29464107887748
"722" 714 1.14071615569714 1.62152052698151 1.2948124882229
"723" 715 1.14082007303541 1.62186002133477 1.2949836611417
"724" 716 1.14092631077047 1.62219772300447 1.29515459828999
"725" 717 1.14102853374727 1.62251193642768 1.2953253003211
"726" 718 1.14113229631224 1.62284221667885 1.2954957678857
"727" 719 1.1412363935345 1.62316272037629 1.29566600163169
"728" 720 1.14134982292047 1.62350817767153 1.29583600220431
"729" 721 1.1414595555299 1.6238521138626 1.29600577024617
"730" 722 1.14156571540486 1.62418750600228 1.29617530639715
"731" 723 1.14167274325687 1.62452572823639 1.29634461129453
"732" 724 1.14178403861492 1.62485491796719 1.29651368557294
"733" 725 1.14189402218108 1.62519834521663 1.2966825298644
"734" 726 1.14199542365931 1.62554583100232 1.29685114479835
"735" 727 1.14209390936699 1.62588667775057 1.29701953100161
"736" 728 1.14219777966975 1.62619908821573 1.29718768909845
"737" 729 1.14231117852474 1.62653914607169 1.29735561971057
"738" 730 1.14241323303794 1.62687879787427 1.29752332345712
"739" 731 1.1425224938151 1.6272119527563 1.29769080095475
"740" 732 1.14262481717417 1.62755776204087 1.29785805281755
"741" 733 1.14273327567859 1.62789972614951 1.29802507965715
"742" 734 1.14283642524106 1.628237270937 1.29819188208266
"743" 735 1.14294517711078 1.6285971500244 1.29835846070073
"744" 736 1.14304813172406 1.6289308982697 1.29852481611553
"745" 737 1.1431546271094 1.62925027642852 1.29869094892881
"746" 738 1.14325024854055 1.62959310871498 1.29885685973984
"747" 739 1.14335724032261 1.62991537584199 1.29902254914554
"748" 740 1.14345954290648 1.63023220265698 1.29918801774032
"749" 741 1.14355560644212 1.63054661248881 1.29935326611629
"750" 742 1.14366447138451 1.6308769401593 1.2995182948631
"751" 743 1.14376024252054 1.63122905322825 1.29968310456808
"752" 744 1.14385885386134 1.63154235476553 1.29984769581621
"753" 745 1.14396200195166 1.63185602219917 1.30001206919004
"754" 746 1.14406278568664 1.63218309825056 1.30017622526989
"755" 747 1.14416606949292 1.63250978984571 1.30034016463371
"756" 748 1.14426453791456 1.63283427188528 1.30050388785713
"757" 749 1.14436966772312 1.63313709657862 1.30066739551351
"758" 750 1.14447421969833 1.63344617635481 1.30083068817391
"759" 751 1.14457475934064 1.63377243735225 1.30099376640713
"760" 752 1.14467843984425 1.63412161734202 1.30115663077971
"761" 753 1.14477814021949 1.63445899812426 1.30131928185592
"762" 754 1.14488387133747 1.63478382941965 1.30148172019783
"763" 755 1.14498453895844 1.63510700230329 1.30164394636526
"764" 756 1.14508887858825 1.63542884990666 1.30180596091581
"765" 757 1.14519171782825 1.63575959536212 1.30196776440492
"766" 758 1.14529404778559 1.63609006150064 1.30212935738581
"767" 759 1.14539326106125 1.63642014893759 1.30229074040951
"768" 760 1.14549936497666 1.63674985860504 1.30245191402491
"769" 761 1.14559998547901 1.63707893612896 1.30261287877875
"770" 762 1.14569638937185 1.63740899311776 1.30277363521559
"771" 763 1.14579689239697 1.6377341666528 1.30293418387789
"772" 764 1.14590128411791 1.63804941906385 1.303094525306
"773" 765 1.14599769949772 1.63836261282205 1.30325466003812
"774" 766 1.14609408916859 1.6386946747548 1.30341458861036
"775" 767 1.14618712056854 1.63902484058816 1.30357431155679
"776" 768 1.14628253237989 1.63935450950453 1.30373382940932
"777" 769 1.14638244570495 1.63968016324839 1.30389314269787
"778" 770 1.14648231091899 1.63999986167656 1.30405225195025
"779" 771 1.14658235275635 1.6403186041852 1.30421115769227
"780" 772 1.14668150977609 1.64063754742551 1.30436986044767
"781" 773 1.14677407324262 1.64095583419571 1.30452836073818
"782" 774 1.14686774257721 1.64127449206556 1.30468665908352
"783" 775 1.14696558469005 1.64162473359697 1.30484475600139
"784" 776 1.14706025449216 1.64191452936777 1.30500265200752
"785" 777 1.14715865280587 1.64223928557639 1.30516034761563
"786" 778 1.14725200220561 1.64256217454442 1.3053178433375
"787" 779 1.14735542659798 1.64286774492509 1.30547513968292
"788" 780 1.14744685204673 1.64319500400304 1.30563223715975
"789" 781 1.14754603872974 1.64350099307389 1.30578913627387
"790" 782 1.14764348142647 1.64380447394334 1.30594583752927
"791" 783 1.14774583971349 1.64411101966952 1.306102341428
"792" 784 1.14784553169784 1.64441532130774 1.30625864847019
"793" 785 1.14794534647315 1.64472035397039 1.30641475915408
"794" 786 1.14804445070672 1.64502470274203 1.306570673976
"795" 787 1.14814521071591 1.64532765585712 1.30672639343041
"796" 788 1.14824554803878 1.64562793997055 1.3068819180099
"797" 789 1.14834319602106 1.64591727922779 1.30703724820517
"798" 790 1.1484439449214 1.64620780403943 1.30719238450508
"799" 791 1.14854304340752 1.64652665653857 1.30734732739666
"800" 792 1.14863789496884 1.64684171819706 1.30750207736508
"801" 793 1.14873643033145 1.64715237902075 1.30765663489366
"802" 794 1.14883395355105 1.64747746036648 1.30781100046398
"803" 795 1.14892683957344 1.64780218945382 1.30796517455573
"804" 796 1.14902014524748 1.64809856972763 1.30811915764683
"805" 797 1.14911674983305 1.64840961162615 1.30827295021341
"806" 798 1.14922075492579 1.64870671093948 1.30842655272984
"807" 799 1.14931829209163 1.6490153550099 1.30857996566866
"808" 800 1.14940852114125 1.64931588508587 1.3087331895007
"809" 801 1.14951301235332 1.64961548206525 1.30888622469499
"810" 802 1.14960865688805 1.64991441580379 1.30903907171886
"811" 803 1.14970139917082 1.65021434350781 1.30919173103787
"812" 804 1.14979344550754 1.65051657546784 1.30934420311584
"813" 805 1.14988900263325 1.65081657912087 1.30949648841492
"814" 806 1.14998688093879 1.65111625354356 1.30964858739547
"815" 807 1.15008151788523 1.65141559950504 1.30980050051622
"816" 808 1.15017527973278 1.65174069985572 1.30995222823415
"817" 809 1.15026505600331 1.65204727264168 1.31010377100459
"818" 810 1.15035760145671 1.65235162233872 1.31025512928117
"819" 811 1.15045460034662 1.65269901658316 1.31040630351586
"820" 812 1.15054512605837 1.65304806427341 1.31055729415896
"821" 813 1.15063472492951 1.65336707379326 1.31070810165911
"822" 814 1.15072217363002 1.65366062069059 1.31085872646331
"823" 815 1.15081838673795 1.65396057220372 1.31100916901693
"824" 816 1.15091530341 1.65426183940453 1.31115942976371
"825" 817 1.1510049920999 1.65456965411552 1.31130950914574
"826" 818 1.15110556668603 1.65486699691565 1.31145940760351
"827" 819 1.15119706871147 1.65515159437826 1.31160912557593
"828" 820 1.15128561864811 1.65544927175303 1.31175866350028
"829" 821 1.15138080383483 1.65574511789607 1.31190802181227
"830" 822 1.15147600356361 1.65605530641082 1.31205720094598
"831" 823 1.15156278010976 1.65635347720652 1.31220620133397
"832" 824 1.15165546457918 1.65664966602146 1.31235502340721
"833" 825 1.15175095097826 1.65694553819517 1.31250366759512
"834" 826 1.15185095956667 1.65723991501368 1.31265213432554
"835" 827 1.15194063284606 1.65753003422512 1.31280042402478
"836" 828 1.15203254555227 1.65781984238104 1.31294853711764
"837" 829 1.15212577342122 1.65810934018995 1.31309647402732
"838" 830 1.15221563170555 1.65840091868045 1.31324423517557
"839" 831 1.15230375304292 1.6587141620109 1.31339182098258
"840" 832 1.15239728492397 1.65900117471017 1.31353923186706
"841" 833 1.15248537094166 1.65928028533287 1.31368646824618
"842" 834 1.15257651863478 1.65956184490147 1.31383353053566
"843" 835 1.15266845460023 1.65987896525306 1.3139804191497
"844" 836 1.15275968251472 1.66016414044154 1.31412713450104
"845" 837 1.15285079520354 1.66044108229688 1.31427367700091
"846" 838 1.15294194040418 1.66073337782933 1.31442004705913
"847" 839 1.15303337747696 1.66101705585615 1.31456624508404
"848" 840 1.15312929082332 1.66132246655326 1.31471227148249
"849" 841 1.15322333422332 1.66162021633082 1.31485812665995
"850" 842 1.15330592411314 1.66191464802396 1.31500381102038
"851" 843 1.15339649134728 1.66219814654886 1.31514932496638
"852" 844 1.15349148676378 1.66246567043897 1.31529466889906
"853" 845 1.15358290239136 1.66273238580166 1.31543984321817
"854" 846 1.15367643149159 1.66301518185434 1.315584848322
"855" 847 1.15377345418876 1.66328974480628 1.31572968460747
"856" 848 1.15385825951101 1.66356788914383 1.31587435247007
"857" 849 1.15395114754546 1.66387654340486 1.31601885230394
"858" 850 1.15403766948688 1.66418057802968 1.31616318450179
"859" 851 1.15412287623523 1.66446056239199 1.31630734945499
"860" 852 1.15420795700872 1.66475339302369 1.31645134755352
"861" 853 1.15429293536786 1.66508927609868 1.31659517918597
"862" 854 1.15437623105282 1.66539125911047 1.31673884473964
"863" 855 1.15446247998476 1.66567795668635 1.31688234460037
"864" 856 1.15454961157697 1.66595188330303 1.31702567915278
"865" 857 1.15464380324959 1.66622879476668 1.31716884878004
"866" 858 1.15474159970379 1.66649297292984 1.31731185386405
"867" 859 1.15482715275799 1.66678265029039 1.31745469478536
"868" 860 1.15491916103264 1.66707804512828 1.3175973719232
"869" 861 1.15499923711624 1.66736052759934 1.31773988565548
"870" 862 1.15509568188114 1.66766230034188 1.31788223635882
"871" 863 1.15518675859723 1.66794104159351 1.3180244244085
"872" 864 1.15527313558203 1.66819912702777 1.31816645017854
"873" 865 1.15536128218503 1.66848463275391 1.31830831404166
"874" 866 1.15544923343736 1.66875262088565 1.31845001636927
"875" 867 1.15553496930337 1.66904135325633 1.31859155753153
"876" 868 1.15562017729448 1.66932979440158 1.31873293789729
"877" 869 1.15570641317304 1.66962677643954 1.3188741578342
"878" 870 1.15579442776686 1.66993230426527 1.31901521770855
"879" 871 1.15588416813093 1.67022107868187 1.31915611788547
"880" 872 1.15596743997493 1.67048764273179 1.31929685872876
"881" 873 1.15605473429739 1.67076765368014 1.31943744060105
"882" 874 1.15614012550325 1.67105436060409 1.31957786386366
"883" 875 1.15622334709689 1.67134078066054 1.31971812887673
"884" 876 1.15630656004257 1.67162691446382 1.31985823599912
"885" 877 1.1563924845499 1.67191175637689 1.31999818558854
"886" 878 1.15647814291548 1.67219176452597 1.3201379780014
"887" 879 1.15656954843442 1.67247194701924 1.32027761359297
"888" 880 1.15665861122197 1.67275119092091 1.32041709271726
"889" 881 1.15674295910789 1.67303077535327 1.32055641572711
"890" 882 1.15682929665465 1.67330921675532 1.32069558297417
"891" 883 1.15691547365048 1.67359503363718 1.32083459480889
"892" 884 1.15699973124776 1.67389463320773 1.32097345158051
"893" 885 1.15708919414194 1.67417848337012 1.32111215363713
"894" 886 1.15717499844259 1.67444789545622 1.32125070132565
"895" 887 1.15725947549295 1.6747207770208 1.32138909499184
"896" 888 1.1573372189932 1.67500322319281 1.32152733498027
"897" 889 1.1574248267336 1.67531378266653 1.32166542163434
"898" 890 1.1575076504176 1.67560471641266 1.32180335529636
"899" 891 1.157596850082 1.6758744756929 1.32194113630741
"900" 892 1.1576758951472 1.67616106747151 1.32207876500748
"901" 893 1.15776138974296 1.67644168145718 1.32221624173544
"902" 894 1.15784653026653 1.67670937532659 1.32235356682898
"903" 895 1.15793156068426 1.67697608407926 1.32249074062467
"904" 896 1.15801660143831 1.67725646719102 1.322627763458
"905" 897 1.15810282386146 1.67753005318461 1.3227646356633
"906" 898 1.15818301841736 1.67781936351416 1.32290135757381
"907" 899 1.15827188555396 1.67810826460352 1.32303792952163
"908" 900 1.158358525939 1.67838763905867 1.3231743518378
"909" 901 1.15843901327416 1.67865798048255 1.32331062485224
"910" 902 1.1585217811279 1.67894268491246 1.32344674889379
"911" 903 1.15859702033045 1.67921838067148 1.32358272429019
"912" 904 1.15868348209643 1.67951023311402 1.3237185513681
"913" 905 1.15877477071106 1.67980108498614 1.3238542304531
"914" 906 1.1588664746439 1.68008916677267 1.3239897618697
"915" 907 1.15895070342083 1.68036692374314 1.32412514594135
"916" 908 1.1590352626631 1.68064535375876 1.32426038299042
"917" 909 1.15912044174121 1.68092322654543 1.32439547333823
"918" 910 1.15921109770672 1.68120014395821 1.32453041730503
"919" 911 1.15929137061735 1.68147586224014 1.32466521521004
"920" 912 1.15936649459266 1.68173007096098 1.32479986737144
"921" 913 1.15945197501608 1.68199313116882 1.32493437410634
"922" 914 1.15953267018286 1.68227383442141 1.32506873573083
"923" 915 1.15960926787366 1.68254685467407 1.32520295255997
"924" 916 1.15968792362547 1.68283298433521 1.3253370249078
"925" 917 1.15976753765152 1.68313013601869 1.32547095308732
"926" 918 1.15985181581987 1.68340519185205 1.32560473741051
"927" 919 1.15992732132044 1.68368030267125 1.32573837818836
"928" 920 1.16000737808342 1.68395477457839 1.32587187573081
"929" 921 1.16008314448567 1.68422481133851 1.32600523034685
"930" 922 1.16016134078872 1.68448555105916 1.32613844234442
"931" 923 1.16024410433005 1.68475684376698 1.32627151203048
"932" 924 1.16031845072359 1.68503594978385 1.32640443971102
"933" 925 1.16039648125142 1.68529402912802 1.32653722569099
"934" 926 1.16047467120199 1.68555141004067 1.32666987027441
"935" 927 1.16055305749464 1.68583959960082 1.32680237376429
"936" 928 1.16063597140348 1.68612340801208 1.32693473646269
"937" 929 1.16071885484122 1.68639241476793 1.32706695867064
"938" 930 1.16079657973923 1.68664753109752 1.32719904068829
"939" 931 1.16087378328442 1.68689761570476 1.32733098281475
"940" 932 1.16095455721132 1.68715053603731 1.32746278534822
"941" 933 1.16103478770282 1.68742096605878 1.32759444858592
"942" 934 1.16111471834873 1.68766331062813 1.32772597282413
"943" 935 1.16119625882273 1.68793102185043 1.32785735835819
"944" 936 1.16126666953333 1.68820160633529 1.32798860548247
"945" 937 1.16134921125345 1.68846221360564 1.32811971449043
"946" 938 1.16142423744121 1.68873352050605 1.32825068567458
"947" 939 1.16150441611514 1.6890144749182 1.32838151932649
"948" 940 1.16157555126335 1.68927520511266 1.32851221573686
"949" 941 1.16165121564389 1.68953740511689 1.32864277519539
"950" 942 1.16173042601668 1.68981099853321 1.32877319799093
"951" 943 1.16180795777888 1.69008382724352 1.32890348441134
"952" 944 1.16189333316956 1.69035197353203 1.32903363474364
"953" 945 1.16197634232736 1.69062541712916 1.32916364927389
"954" 946 1.16205799649093 1.69089491533717 1.32929352828731
"955" 947 1.16213695166771 1.69115635555087 1.32942327206813
"956" 948 1.16221441339148 1.69142323936543 1.32955288089977
"957" 949 1.16229650561793 1.69168855845902 1.32968235506472
"958" 950 1.16237751627422 1.69194150201198 1.32981169484459
"959" 951 1.16245525177399 1.69219388876939 1.32994090052006
"960" 952 1.16252897843914 1.69244599546111 1.33006997237103
"961" 953 1.16260215880823 1.69271228275147 1.3301989106764
"962" 954 1.16267615422314 1.69296364916931 1.33032771571431
"963" 955 1.16275025037208 1.69322003250907 1.33045638776195
"964" 956 1.16283269493561 1.69347584178685 1.33058492709568
"965" 957 1.16291540846158 1.69373766195334 1.33071333399098
"966" 958 1.16299146062284 1.69399888084363 1.33084160872252
"967" 959 1.16307021029589 1.69425950472622 1.33096975156403
"968" 960 1.16315040871364 1.69451988969499 1.33109776278846
"969" 961 1.16323041792837 1.69478003621746 1.33122564266787
"970" 962 1.1633073991035 1.6950399447598 1.33135339147352
"971" 963 1.16338360418184 1.69529961578669 1.33148100947576
"972" 964 1.16346244814794 1.69556490423632 1.33160849694415
"973" 965 1.16353429561489 1.69584162381182 1.33173585414744
"974" 966 1.16361225564523 1.69609996270908 1.3318630813535
"975" 967 1.16369194356081 1.69635522118709 1.33199017882936
"976" 968 1.16377198300964 1.69661097073754 1.33211714684128
"977" 969 1.16384862847654 1.69686455939393 1.33224398565467
"978" 970 1.1639300198223 1.69710691931343 1.33237069553415
"979" 971 1.16400932973913 1.69736840939065 1.33249727674346
"980" 972 1.16408850373104 1.69763016979095 1.33262372954561
"981" 973 1.16416445622113 1.69789642514522 1.33275005420272
"982" 974 1.16424649640213 1.69816244300197 1.3328762509762
"983" 975 1.16432535226414 1.69842822381655 1.33300232012659
"984" 976 1.16440423957868 1.69869429411836 1.33312826191364
"985" 977 1.16448291538263 1.69895947321472 1.33325407659634
"986" 978 1.16455831599713 1.69922414854058 1.33337976443285
"987" 979 1.16463317616291 1.69946681454173 1.33350532568056
"988" 980 1.16471082982596 1.6997498912181 1.33363076059609
"989" 981 1.1647883237061 1.69999653796506 1.33375606943527
"990" 982 1.16486253243823 1.70026247081768 1.33388125245312
"991" 983 1.16494258228321 1.70052904053565 1.33400630990391
"992" 984 1.16502500260315 1.70079537579968 1.33413124204118
"993" 985 1.16510955390593 1.70105898496423 1.33425604911761
"994" 986 1.16518761492692 1.70131871750369 1.33438073138519
"995" 987 1.16526571758118 1.70156125396761 1.33450528909513
"996" 988 1.16534152703134 1.70181600460611 1.33462972249785
"997" 989 1.16542095872838 1.70205430148678 1.33475403184303
"998" 990 1.16549675380907 1.70231400362837 1.33487821737964
"999" 991 1.16557593882514 1.70256230947617 1.33500227935583
"1000" 992 1.16565216266473 1.70281478433991 1.33512621801906
"1001" 993 1.16572725888279 1.70308019456998 1.335250033616
"1002" 994 1.16579788253359 1.70334160532494 1.33537372639261
"1003" 995 1.16587464147583 1.70359911611897 1.33549729659409
"1004" 996 1.16594897712383 1.70384543134484 1.33562074446493
"1005" 997 1.16602585423269 1.70410214734293 1.33574407024886
"1006" 998 1.16610268606233 1.70435984829938 1.3358672741889
"1007" 999 1.16617817642607 1.70461305415407 1.33599035652735
"1008" 1000 1.16625487029426 1.70485312054266 1.33611331750575
