"T" "IC_low" "IC_up" "x_ML"
"1" 1.1 0.687917736369447 0.701355297138521 0.693797008756192
"2" 1.2 0.69885699664341 0.717054422959565 0.706821016891536
"3" 1.3 0.709010469423704 0.731411007701909 0.718817378742839
"4" 1.4 0.718481387268657 0.744642060919283 0.729937478767095
"5" 1.5 0.727358831995996 0.756904161012341 0.740301468576011
"6" 1.6 0.735719750611067 0.76833751742095 0.750006316355041
"7" 1.7 0.743607419641711 0.779021635288446 0.759131418028607
"8" 1.8 0.75109111771034 0.7890935012181 0.76774260634555
"9" 1.9 0.758192768762078 0.798578178468316 0.775895077446569
"10" 2 0.764957754010643 0.807543825150297 0.783635567891578
"11" 3 0.819167859759513 0.878295828978807 0.845038761225961
"12" 4 0.858134905517614 0.928857616739664 0.888838352877123
"13" 5 0.888423372168344 0.968589163657483 0.922945965956874
"14" 6 0.91304592834306 1.00178182074562 0.95090113568792
"15" 7 0.933793562019838 1.030488847505 0.974598267076425
"16" 8 0.951636221828433 1.05587874916879 0.995171219965856
"17" 9 0.967318737171132 1.0787408614027 1.01335303327761
"18" 10 0.981235845063758 1.09971516620061 1.02964521501096
"19" 11 0.99365616758479 1.11902738587598 1.04440609792852
"20" 12 1.00496577647919 1.1368794274375 1.05790067752426
"21" 13 1.0153462821328 1.15365442824198 1.0703304808674
"22" 14 1.02485733748932 1.16948647546322 1.08185236209862
"23" 15 1.03367568532978 1.18442130260904 1.09259081403696
"24" 16 1.04190698004603 1.19836891414923 1.10264630843298
"25" 17 1.04957249113625 1.21184858903684 1.11210110987149
"26" 18 1.05677085576357 1.22454065330937 1.12102342970954
"27" 19 1.06352629723556 1.23669599616395 1.12947045838393
"28" 20 1.06988153931117 1.24853171049197 1.13749062109688
"29" 21 1.07590396892745 1.25976182102561 1.14512528406401
"30" 22 1.08158635428423 1.27050753654964 1.15241006454698
"31" 23 1.08699865789555 1.28096284384632 1.15937585023656
"32" 24 1.09214007907139 1.29095944979391 1.16604960211977
"33" 25 1.09703958211747 1.30069018870046 1.17245499379588
"34" 26 1.10173459434056 1.31016628609046 1.17861292567633
"35" 27 1.10624697825527 1.31930119673638 1.18454194235942
"36" 28 1.11057739920221 1.32813043078251 1.19025857427528
"37" 29 1.11478018357542 1.33661913296846 1.19577761952076
"38" 30 1.11880749451009 1.3451034201954 1.20111237803014
"39" 31 1.12274045504601 1.35327008401755 1.20627484744302
"40" 32 1.12654939441681 1.36119747506122 1.2112758879531
"41" 33 1.13020958047767 1.36892158156375 1.21612536185462
"42" 34 1.13369347429532 1.37651557834265 1.22083225231027
"43" 35 1.13708891002137 1.3838680221205 1.22540476494761
"44" 36 1.14040447037439 1.39117472795942 1.22985041518108
"45" 37 1.14355966229227 1.39824120834927 1.23417610360149
"46" 38 1.14668720592804 1.40521409772647 1.23838818133862
"47" 39 1.14970778854663 1.41189390908854 1.24249250695664
"48" 40 1.15260361811754 1.41848816209489 1.24649449616577
"49" 41 1.15542779063013 1.42504496762262 1.25039916541252
"50" 42 1.15820505196744 1.4314871589372 1.2542111702316
"51" 43 1.16087517235935 1.43776800072424 1.25793483909769
"52" 44 1.16346742094191 1.44384088492595 1.2615742033963
"53" 45 1.16600637205765 1.4498345145988 1.26513302403606
"54" 46 1.1685207885771 1.45576152656269 1.26861481514436
"55" 47 1.17095767481787 1.46163243824878 1.27202286522186
"56" 48 1.17334961853091 1.46731711938455 1.27536025607616
"57" 49 1.17569220742616 1.47289261388166 1.27862987980885
"58" 50 1.17794374614008 1.47840987676626 1.28183445409135
"59" 51 1.18017354338694 1.48379093768127 1.28497653593237
"60" 52 1.18232591733254 1.4891492873124 1.28805853411239
"61" 53 1.18445674603457 1.49446705133587 1.2910827204372
"62" 54 1.18651879016584 1.49970919029952 1.29405123994254
"63" 55 1.18853323011698 1.50486996319348 1.29696612016512
"64" 56 1.1905452677376 1.50985069754635 1.29982927958081
"65" 57 1.1925473401262 1.51478929719835 1.30264253529809
"66" 58 1.19443041620578 1.51967481549784 1.30540761008437
"67" 59 1.19633068574784 1.52446563506278 1.30812613879349
"68" 60 1.19816079061739 1.52930803490414 1.3107996742546
"69" 61 1.19997211912481 1.53395262753663 1.31342969267567
"70" 62 1.20176212492685 1.53868346945043 1.31601759860902
"71" 63 1.20346260297554 1.54321426452552 1.31856472952067
"72" 64 1.20518819982651 1.5477929047741 1.32107236000091
"73" 65 1.20685139762867 1.55208801274438 1.32354170564942
"74" 66 1.20847704971347 1.55647790277294 1.32597392666468
"75" 67 1.21007508744714 1.56081309542328 1.32837013116421
"76" 68 1.21163802494824 1.56507207124666 1.33073137825962
"77" 69 1.21318060863256 1.5692478175628 1.33305868090781
"78" 70 1.21473455401749 1.57346288216422 1.33535300855766
"79" 71 1.21622833738609 1.57758454148953 1.33761528960957
"80" 72 1.21770722149593 1.58160517797765 1.33984641370339
"81" 73 1.21917979039559 1.58563422562314 1.34204723384919
"82" 74 1.22064304215044 1.58955638089318 1.34421856841333
"83" 75 1.22205037123918 1.59345132355026 1.34636120297175
"84" 76 1.22346622210994 1.59732238667435 1.34847589204076
"85" 77 1.22485950433527 1.60123727534028 1.35056336069516
"86" 78 1.22622613948285 1.60513246628938 1.35262430608218
"87" 79 1.22756168425968 1.60889055257076 1.35465939883926
"88" 80 1.22888643163293 1.61263490318302 1.35666928442304
"89" 81 1.23017046559971 1.61630132488659 1.35865458435587
"90" 82 1.23143484904759 1.61995193270285 1.36061589739623
"91" 83 1.23269498678032 1.62360347155766 1.36255380063829
"92" 84 1.23396863239797 1.62715527465151 1.36446885054595
"93" 85 1.23517880129447 1.63062058284517 1.36636158392573
"94" 86 1.23641673196993 1.63409012636201 1.36823251884308
"95" 87 1.23764192326488 1.63759972119205 1.37008215548575
"96" 88 1.23883571968188 1.64105725417959 1.37191097697805
"97" 89 1.24002474645436 1.6445506181059 1.37371945014921
"98" 90 1.24119172460815 1.64808938148471 1.37550802625894
"99" 91 1.2423502388787 1.65146982999148 1.37727714168306
"100" 92 1.24350316362338 1.65476524934035 1.3790272185617
"101" 93 1.24464108890451 1.65795034217818 1.38075866541263
"102" 94 1.24574112948532 1.66129436737924 1.38247187771186
"103" 95 1.2468178798978 1.66452788865213 1.38416723844362
"104" 96 1.24789311656078 1.66774432135403 1.38584511862161
"105" 97 1.24895534811857 1.67092773250769 1.38750587778338
"106" 98 1.24998162918191 1.67417635987539 1.38914986445934
"107" 99 1.2510352913069 1.67732786042449 1.39077741661812
"108" 100 1.25206416765152 1.68046918020853 1.39238886208953
"109" 101 1.25308715012484 1.68362532255872 1.39398451896667
"110" 102 1.25410447618055 1.68679237320563 1.39556469598812
"111" 103 1.2550960765623 1.68980677580364 1.39712969290169
"112" 104 1.25608778199436 1.69283119979527 1.39867980081057
"113" 105 1.25706276501113 1.69580447537496 1.40021530250299
"114" 106 1.25804216248258 1.69868439596668 1.40173647276628
"115" 107 1.25901409962064 1.7017257637023 1.40324357868628
"116" 108 1.25993149217443 1.70470103161105 1.40473687993282
"117" 109 1.2608758975612 1.70751338779635 1.40621662903208
"118" 110 1.26180073161109 1.71032281248826 1.4076830716266
"119" 111 1.26269474190997 1.71312546352443 1.4091364467235
"120" 112 1.26363599013342 1.71598053992953 1.41057698693164
"121" 113 1.26454042990169 1.71885279105909 1.41200491868828
"122" 114 1.26543290431512 1.72176414869035 1.41342046247569
"123" 115 1.26632627977382 1.72461329428473 1.41482383302853
"124" 116 1.26718873609013 1.72734366596476 1.41621523953203
"125" 117 1.26801834287848 1.73007391449512 1.41759488581188
"126" 118 1.26888822454136 1.73279869100228 1.41896297051599
"127" 119 1.26971753140511 1.73551706159265 1.4203196872886
"128" 120 1.2705678623677 1.73809682070626 1.42166522493712
"129" 121 1.27140833536666 1.74088102579323 1.42299976759214
"130" 122 1.27222787320781 1.74344071654742 1.42432349486075
"131" 123 1.27302345189206 1.74604936097352 1.42563658197374
"132" 124 1.27381997334787 1.74858038990504 1.4269391999268
"133" 125 1.27463515637342 1.75119612879979 1.42823151561606
"134" 126 1.27542032410412 1.75385563574395 1.42951369196827
"135" 127 1.27619713201676 1.75648938296586 1.43078588806585
"136" 128 1.27694208339662 1.75892950939785 1.43204825926703
"137" 129 1.27770081001906 1.76139812241888 1.43330095732134
"138" 130 1.27845875944792 1.76389993803116 1.43454413048066
"139" 131 1.27921011915981 1.76641588558352 1.43577792360604
"140" 132 1.27995221705366 1.76901373501096 1.43700247827042
"141" 133 1.28070760758427 1.77142509417138 1.43821793285756
"142" 134 1.28143596503246 1.77388364928011 1.43942442265717
"143" 135 1.28217099242475 1.77629783730872 1.44062207995668
"144" 136 1.28288316721886 1.77881057759182 1.44181103412943
"145" 137 1.28360390788578 1.78133327065597 1.4429914117198
"146" 138 1.28429274242868 1.78371297142152 1.44416333652521
"147" 139 1.28500551513658 1.78610829035243 1.4453269296751
"148" 140 1.28568348614032 1.78853502522147 1.44648230970719
"149" 141 1.28633975412781 1.79077308952088 1.44762959264094
"150" 142 1.28701612870413 1.79309822144283 1.44876889204854
"151" 143 1.28769805736172 1.79540231030492 1.44990031912327
"152" 144 1.28836520508402 1.79776806008465 1.45102398274561
"153" 145 1.28906234559053 1.80001359153041 1.452139989547
"154" 146 1.28974354931427 1.80225874466321 1.45324844397144
"155" 147 1.29041002948315 1.80448189609513 1.45434944833499
"156" 148 1.29104579054819 1.80680606217392 1.45544310288324
"157" 149 1.29171301394437 1.8090359236687 1.45652950584691
"158" 150 1.2923610639549 1.81135179458127 1.45760875349554
"159" 151 1.29301712527734 1.81354637252259 1.45868094018937
"160" 152 1.2936404562759 1.81573928735701 1.45974615842964
"161" 153 1.29425611736736 1.81801693681855 1.4608044989071
"162" 154 1.29487487923733 1.8202336825225 1.46185605054904
"163" 155 1.2955080435605 1.82236613359169 1.46290090056479
"164" 156 1.29614752574291 1.82460805113053 1.46393913448969
"165" 157 1.29673836928723 1.82677690204333 1.46497083622776
"166" 158 1.29735387240006 1.82893092453921 1.46599608809298
"167" 159 1.29796424164174 1.8311321118189 1.46701497084922
"168" 160 1.29855632075233 1.83320824617502 1.468027563749
"169" 161 1.29913426274335 1.83529511045921 1.46903394457101
"170" 162 1.2997369625216 1.83738157686327 1.47003418965646
"171" 163 1.30030810509745 1.83942285751252 1.47102837394436
"172" 164 1.30090756774497 1.84151286660739 1.47201657100566
"173" 165 1.30150179393775 1.84364364612082 1.47299885307641
"174" 166 1.30205300873792 1.8457953320047 1.4739752910899
"175" 167 1.30263495033604 1.84781501540164 1.47494595470783
"176" 168 1.30317465219482 1.84982270501142 1.47591091235057
"177" 169 1.30376658375518 1.85185406684414 1.4768702312265
"178" 170 1.30432165009662 1.85381185660141 1.47782397736054
"179" 171 1.30489528614327 1.85583882011061 1.47877221562176
"180" 172 1.30544379880393 1.85784326708295 1.47971500975027
"181" 173 1.30599588071356 1.85980853221749 1.48065242238331
"182" 174 1.30654397931336 1.86176258604459 1.48158451508052
"183" 175 1.30709039715478 1.86374253121157 1.48251134834862
"184" 176 1.30765404239973 1.86574590153352 1.48343298166528
"185" 177 1.30818460476905 1.86763568726602 1.48434947350234
"186" 178 1.30871465800019 1.86956376352026 1.48526088134843
"187" 179 1.30921421673231 1.87147723920487 1.48616726173089
"188" 180 1.30973004501162 1.87343696686632 1.48706867023711
"189" 181 1.31025898574129 1.87534260642422 1.4879651615353
"190" 182 1.31076830059427 1.87725997458167 1.48885678939464
"191" 183 1.3112860711224 1.87917104832768 1.48974360670495
"192" 184 1.31180902717135 1.88110270130124 1.49062566549575
"193" 185 1.31232648189862 1.88297411595579 1.49150301695487
"194" 186 1.31285165797438 1.88484328825551 1.49237571144649
"195" 187 1.3133607779915 1.88666648032051 1.4932437985288
"196" 188 1.3138693344853 1.88858429136159 1.49410732697106
"197" 189 1.31437131765519 1.89041535664418 1.49496634477033
"198" 190 1.3148502249696 1.89222887853019 1.49582089916768
"199" 191 1.31531343131143 1.89406525349788 1.496671036664
"200" 192 1.31579463563961 1.89583778901935 1.49751680303545
"201" 193 1.3163014285662 1.89765006722909 1.49835824334839
"202" 194 1.31679323485892 1.89937129103365 1.49919540197405
"203" 195 1.31726444476701 1.90118816791893 1.50002832260276
"204" 196 1.31773738194875 1.90297534836767 1.5008570482578
"205" 197 1.31820633895507 1.90478133891023 1.50168162130896
"206" 198 1.3186620992879 1.90652950815854 1.50250208348574
"207" 199 1.31915330826085 1.90827138437017 1.50331847589013
"208" 200 1.31963811556213 1.90999422843229 1.50413083900923
"209" 201 1.3201388817832 1.91174822387269 1.50493921272743
"210" 202 1.32060035127317 1.91354736997388 1.50574363633831
"211" 203 1.3210674682283 1.91534620010986 1.50654414855629
"212" 204 1.32151005028297 1.91706701721193 1.507340787528
"213" 205 1.3219394303782 1.91879830117906 1.50813359084327
"214" 206 1.32239447806281 1.92057169386856 1.50892259554599
"215" 207 1.32283601645526 1.92238700098426 1.50970783814462
"216" 208 1.32328015982227 1.92404696965549 1.51048935462248
"217" 209 1.3237453762957 1.92579095589995 1.51126718044778
"218" 210 1.32416812253025 1.92750210570186 1.51204135058339
"219" 211 1.32460738994932 1.92919551397413 1.51281189949649
"220" 212 1.32504999055644 1.93091502194181 1.51357886116782
"221" 213 1.32552791913021 1.93260558574779 1.51434226910082
"222" 214 1.32594032191199 1.93429649305965 1.5151021563306
"223" 215 1.32636656635091 1.93596564093673 1.51585855543256
"224" 216 1.32678642081815 1.93769558412569 1.51661149853094
"225" 217 1.32719619521548 1.93928950917224 1.5173610173071
"226" 218 1.3276104825625 1.94088831826433 1.51810714300763
"227" 219 1.32804351526915 1.94249224593347 1.51884990645234
"228" 220 1.32847820628653 1.9441136586189 1.5195893380419
"229" 221 1.32889236213096 1.94568210953441 1.52032546776551
"230" 222 1.32929474442222 1.94724440930331 1.52105832520826
"231" 223 1.32969397643058 1.94878297221635 1.52178793955836
"232" 224 1.33010271855284 1.95039279430966 1.52251433961424
"233" 225 1.33051409048369 1.95198109646093 1.52323755379146
"234" 226 1.33093522500522 1.95357660227137 1.52395761012946
"235" 227 1.33132770798809 1.95514923364101 1.52467453629821
"236" 228 1.33172230315199 1.95672577104468 1.52538835960465
"237" 229 1.33213023335337 1.95830662006087 1.52609910699902
"238" 230 1.33253544304859 1.95993215215938 1.52680680508108
"239" 231 1.33291782045485 1.96152171190077 1.52751148010616
"240" 232 1.33332395109886 1.96307497661687 1.52821315799107
"241" 233 1.33371409408473 1.96463758976933 1.52891186431991
"242" 234 1.3341225135113 1.9661853969807 1.52960762434978
"243" 235 1.33449548340937 1.96772933228593 1.53030046301627
"244" 236 1.33486016455273 1.96929609961811 1.53099040493898
"245" 237 1.33525433173603 1.97091627362002 1.53167747442678
"246" 238 1.33563964173872 1.97244743618115 1.53236169548303
"247" 239 1.33601311786946 1.97396972330017 1.53304309181075
"248" 240 1.33637740186793 1.97552835635005 1.53372168681751
"249" 241 1.3367528144319 1.97701999488593 1.53439750362044
"250" 242 1.33713746190696 1.97853967463316 1.53507056505091
"251" 243 1.33751646919118 1.98007184897451 1.53574089365933
"252" 244 1.33788547976328 1.98148038683227 1.53640851171966
"253" 245 1.33825487980352 1.98298022902815 1.53707344123398
"254" 246 1.33861417374623 1.98442070913675 1.53773570393688
"255" 247 1.33898589714104 1.98586132996689 1.53839532129974
"256" 248 1.33936216446684 1.98735822836707 1.53905231453506
"257" 249 1.33973330691019 1.98878741222314 1.53970670460052
"258" 250 1.34010761473925 1.9902522562253 1.54035851220313
"259" 251 1.34048338391225 1.99170991517433 1.54100775780313
"260" 252 1.34083872644715 1.99317054553072 1.54165446161799
"261" 253 1.34119710967198 1.99463390433338 1.54229864362617
"262" 254 1.34153864535605 1.99609867807972 1.54294032357092
"263" 255 1.34188377866921 1.99757495080646 1.54357952096393
"264" 256 1.34223966555045 1.99898429874224 1.54421625508898
"265" 257 1.34257691899729 2.00040013387491 1.54485054500545
"266" 258 1.34291706697972 2.00187065391507 1.54548240955181
"267" 259 1.34326799169948 2.00331098379207 1.546111867349
"268" 260 1.34360858816372 2.00475791498183 1.54673893680379
"269" 261 1.34396243106197 2.00621286866544 1.54736363611208
"270" 262 1.34429764620713 2.00760995090143 1.54798598326206
"271" 263 1.34464230737845 2.0090194698217 1.5486059960374
"272" 264 1.34497332989492 2.01046279271913 1.54922369202033
"273" 265 1.34531778505553 2.01192352981647 1.54983908859467
"274" 266 1.34567203608898 2.01330037426914 1.55045220294885
"275" 267 1.34602476093059 2.01469878622174 1.55106305207875
"276" 268 1.34635513849851 2.0159962031723 1.55167165279064
"277" 269 1.3466696306591 2.017434664329 1.55227802170397
"278" 270 1.34701764376778 2.01884799778863 1.55288217525412
"279" 271 1.34734794693685 2.02027121468556 1.55348412969514
"280" 272 1.34766053790975 2.02168961644284 1.55408390110238
"281" 273 1.34797596668317 2.02307937975043 1.55468150537511
"282" 274 1.34829978226171 2.02448679090518 1.55527695823912
"283" 275 1.34860333760587 2.02584485849488 1.55587027524919
"284" 276 1.34894000324743 2.02714663095923 1.55646147179158
"285" 277 1.34927626847202 2.02853497355783 1.55705056308648
"286" 278 1.34959752038069 2.02991209608209 1.55763756419036
"287" 279 1.34991643950328 2.03128263536017 1.55822248999836
"288" 280 1.35024857428686 2.03265347160012 1.55880535524651
"289" 281 1.35058580670307 2.03397159916575 1.5593861745141
"290" 282 1.35087784275588 2.03528629221328 1.55996496222579
"291" 283 1.35118875601691 2.03660701833744 1.56054173265386
"292" 284 1.35151098655123 2.03796887552069 1.56111649992034
"293" 285 1.35181346608284 2.03923395191625 1.56168927799909
"294" 286 1.35212321927315 2.04053695424937 1.56226008071788
"295" 287 1.35243739415968 2.04182339248526 1.56282892176047
"296" 288 1.35275532380602 2.04314118350731 1.5633958146685
"297" 289 1.3530672295198 2.04441341308509 1.56396077284355
"298" 290 1.35337032800164 2.0457258193958 1.56452380954904
"299" 291 1.35366815028045 2.04703878337795 1.56508493791209
"300" 292 1.35394904154457 2.04834411219089 1.56564417092544
"301" 293 1.35425437581737 2.04960323244756 1.56620152144923
"302" 294 1.35455290382096 2.05084357334399 1.56675700221283
"303" 295 1.35485099061694 2.05222213543792 1.56731062581661
"304" 296 1.35515446113455 2.0534298886699 1.56786240473366
"305" 297 1.35545743219234 2.05474340517613 1.5684123513115
"306" 298 1.35576595714094 2.05604709458309 1.5689604777738
"307" 299 1.35605000623212 2.05723551819993 1.569506796222
"308" 300 1.35636434074139 2.05852208779915 1.57005131863693
"309" 301 1.35667355135752 2.05984812424197 1.57059405688043
"310" 302 1.3569853945101 2.06116198545513 1.57113502269691
"311" 303 1.35729098733237 2.06245720825333 1.57167422771491
"312" 304 1.35757231122202 2.06371881257022 1.5722116834486
"313" 305 1.35789334430304 2.06502486934241 1.57274740129931
"314" 306 1.35819136189396 2.06630348414537 1.57328139255697
"315" 307 1.35847387458702 2.06749591766893 1.57381366840155
"316" 308 1.35876579813721 2.06877210713563 1.57434423990454
"317" 309 1.35904580076759 2.07005803618291 1.5748731180303
"318" 310 1.35933631056956 2.07131931990337 1.57540031363745
"319" 311 1.35958917224554 2.07254176789616 1.57592583748023
"320" 312 1.35987739703025 2.07378404258355 1.57644970020985
"321" 313 1.36015480985802 2.07492769609971 1.57697191237578
"322" 314 1.36044619512618 2.07610397797645 1.57749248442707
"323" 315 1.36072281655117 2.07736777399625 1.57801142671358
"324" 316 1.36100416940957 2.07860563984664 1.57852874948727
"325" 317 1.36127739342423 2.07985191116773 1.57904446290344
"326" 318 1.36154507158515 2.08110606201355 1.5795585770219
"327" 319 1.36180886483893 2.08235313381532 1.58007110180821
"328" 320 1.36207855737839 2.08358096351981 1.58058204713481
"329" 321 1.36234802288798 2.08479396336311 1.58109142278222
"330" 322 1.36261456197044 2.08603532378828 1.58159923844017
"331" 323 1.36289653706993 2.08722751480467 1.5821055037087
"332" 324 1.36319538840737 2.08846598466641 1.58261022809927
"333" 325 1.36346552852296 2.08959859667429 1.58311342103586
"334" 326 1.36370971153654 2.09080326516989 1.58361509185607
"335" 327 1.36396665826996 2.09204957093774 1.5841152498121
"336" 328 1.36424050929348 2.09326367044764 1.58461390407184
"337" 329 1.36450103087596 2.09445956947127 1.5851110637199
"338" 330 1.36477128965782 2.09562308572514 1.58560673775859
"339" 331 1.36504938249997 2.09679745019215 1.58610093510891
"340" 332 1.3653203161592 2.09796219283718 1.58659366461155
"341" 333 1.36558317793184 2.09910304957797 1.58708493502785
"342" 334 1.36583838417293 2.10026064472756 1.58757475504073
"343" 335 1.36609421894426 2.10142221876989 1.58806313325565
"344" 336 1.36635799420702 2.10259069518272 1.58855007820148
"345" 337 1.36661367908567 2.10374242099901 1.58903559833147
"346" 338 1.36686776321933 2.10487741586456 1.58951970202412
"347" 339 1.36711643868721 2.10598280342907 1.59000239758403
"348" 340 1.3673813786937 2.10711460844046 1.59048369324281
"349" 341 1.36763589467413 2.10827614275702 1.59096359715989
"350" 342 1.36789206640028 2.10948622319276 1.59144211742342
"351" 343 1.36814134546964 2.11065671343633 1.59191926205106
"352" 344 1.36837754688956 2.1117200373809 1.59239503899079
"353" 345 1.36863132032293 2.11284604049969 1.59286945612173
"354" 346 1.36887646790478 2.11398042772756 1.59334252125496
"355" 347 1.36913693275086 2.11513166427944 1.59381424213426
"356" 348 1.36937290466771 2.11626913092551 1.59428462643688
"357" 349 1.36962450854935 2.11736439091135 1.59475368177436
"358" 350 1.3698812279294 2.11848941832735 1.59522141569321
"359" 351 1.370126000504 2.11961463663333 1.5956878356757
"360" 352 1.37037912273221 2.12067341992139 1.59615294914053
"361" 353 1.37062549466549 2.12174649212596 1.59661676344362
"362" 354 1.37086723006576 2.12285417741329 1.59707928587878
"363" 355 1.371103610085 2.12403594337812 1.59754052367839
"364" 356 1.37135507081928 2.12521536581611 1.59800048401413
"365" 357 1.37161264919707 2.12628889985012 1.59845917399762
"366" 358 1.37184870032254 2.12739263334772 1.59891660068112
"367" 359 1.37209925985169 2.12848868334424 1.59937277105818
"368" 360 1.37232498728987 2.1295756190807 1.59982769206428
"369" 361 1.37255538363311 2.13065458170388 1.60028137057748
"370" 362 1.3727755146567 2.1317685067902 1.60073381341905
"371" 363 1.37302422694016 2.13292366157028 1.60118502735409
"372" 364 1.37326539560967 2.13401671046656 1.60163501909219
"373" 365 1.37350119985626 2.13508828562798 1.60208379528796
"374" 366 1.37373153920061 2.13613368395016 1.60253136254168
"375" 367 1.37395517144923 2.13713296128844 1.60297772739988
"376" 368 1.37417802474856 2.13817564707693 1.60342289635591
"377" 369 1.37441675787727 2.13928327246954 1.60386687585057
"378" 370 1.37466045466742 2.14040813387915 1.60430967227259
"379" 371 1.37488481648108 2.14143116222136 1.60475129195925
"380" 372 1.37512194199262 2.14246410554045 1.60519174119691
"381" 373 1.37536742143367 2.14353808358712 1.60563102622157
"382" 374 1.37560914734863 2.14466169599167 1.60606915321938
"383" 375 1.37582259264322 2.14567895664693 1.60650612832722
"384" 376 1.37603761794958 2.14674166736002 1.60694195763317
"385" 377 1.37626288396163 2.14774300436009 1.60737664717704
"386" 378 1.37648668570022 2.1487810593999 1.6078102029509
"387" 379 1.3767300985388 2.1498199715339 1.60824263089958
"388" 380 1.37695580991684 2.15093605482877 1.60867393692112
"389" 381 1.3771792368738 2.1519256367614 1.60910412686733
"390" 382 1.3774106549241 2.1529525073172 1.60953320654423
"391" 383 1.37767117086882 2.15405058000221 1.60996118171252
"392" 384 1.37790184554728 2.15512487565226 1.61038805808809
"393" 385 1.37811409705092 2.15612236326339 1.61081384134244
"394" 386 1.37833035117466 2.1570034461939 1.61123853710317
"395" 387 1.37855233197273 2.15805575040904 1.61166215095444
"396" 388 1.37878392307668 2.15905865002824 1.61208468843736
"397" 389 1.37900247629404 2.1601612361453 1.61250615505049
"398" 390 1.37921764960687 2.16109560169394 1.61292655625026
"399" 391 1.37941547459044 2.16213574577765 1.6133458974514
"400" 392 1.37962565152916 2.1631763806801 1.61376418402734
"401" 393 1.37985377757406 2.16416446150391 1.61418142131067
"402" 394 1.38006360860806 2.16516216152932 1.61459761459353
"403" 395 1.38027884528668 2.16620759422104 1.61501276912799
"404" 396 1.38048724596496 2.1672617815391 1.61542689012655
"405" 397 1.38070831922541 2.16836282425462 1.6158399827624
"406" 398 1.38093944093864 2.16931452607613 1.61625205216993
"407" 399 1.38113902059159 2.17036303356945 1.61666310344508
"408" 400 1.38135502521247 2.17139741608689 1.61707314164569
"409" 401 1.38157240435822 2.17242190302651 1.61748217179192
"410" 402 1.38178404062263 2.17346072510694 1.61789019886662
"411" 403 1.38199397234625 2.17442591225928 1.61829722781568
"412" 404 1.38220229225548 2.1753638870696 1.61870326354842
"413" 405 1.38240423470703 2.17638772013339 1.6191083109379
"414" 406 1.38260518414139 2.17737035412563 1.61951237482137
"415" 407 1.38281099268851 2.17835270196598 1.61991546000051
"416" 408 1.38303909892867 2.17934805408929 1.62031757124186
"417" 409 1.38325796892147 2.18032291548414 1.62071871327712
"418" 410 1.3834612301573 2.18136289192624 1.62111889080352
"419" 411 1.38366191077971 2.18245201338974 1.62151810848412
"420" 412 1.38384688072472 2.18337820206652 1.62191637094817
"421" 413 1.38405688369016 2.18436276546961 1.6223136827914
"422" 414 1.38426082730807 2.18540514227153 1.62271004857642
"423" 415 1.38446541088306 2.18640640724014 1.62310547283293
"424" 416 1.38467858383208 2.18733046852236 1.62349996005813
"425" 417 1.3848776605197 2.188286152653 1.62389351471697
"426" 418 1.38507930182071 2.18929670621242 1.62428614124249
"427" 419 1.38530174421056 2.19027637485115 1.62467784403613
"428" 420 1.385505076826 2.19121678354633 1.62506862746799
"429" 421 1.3857046378143 2.19213587406082 1.62545849587716
"430" 422 1.38591247848631 2.19312683151997 1.625847453572
"431" 423 1.38612432585768 2.19411133556777 1.62623550483046
"432" 424 1.3863340307357 2.19506454783982 1.62662265390031
"433" 425 1.38653047731747 2.19601886305988 1.62700890499946
"434" 426 1.38671727897184 2.19696654962512 1.62739426231625
"435" 427 1.38690612966322 2.19788329388306 1.62777873000968
"436" 428 1.38709882278231 2.1988030679921 1.62816231220977
"437" 429 1.38730072147495 2.19975703955165 1.6285450130177
"438" 430 1.38750923883371 2.20072883381706 1.62892683650621
"439" 431 1.38771238981618 2.20163229572794 1.62930778671977
"440" 432 1.38791075904574 2.20262850791103 1.62968786767488
"441" 433 1.38808615846189 2.20352167746047 1.63006708336034
"442" 434 1.38828523279839 2.20449079240508 1.63044543773746
"443" 435 1.38848508467361 2.2052684262594 1.63082293474037
"444" 436 1.38866951363775 2.20618883255372 1.63119957827621
"445" 437 1.38885558506071 2.20704133897281 1.63157537222543
"446" 438 1.38905646851035 2.20800018647711 1.63195032044197
"447" 439 1.38924936324544 2.20887151499079 1.63232442675359
"448" 440 1.38944223015536 2.20989528381338 1.632697694962
"449" 441 1.38962319010427 2.21084046202472 1.6330701288432
"450" 442 1.38980175349354 2.21180982101192 1.63344173214762
"451" 443 1.38998590012937 2.21272937527831 1.63381250860044
"452" 444 1.39016700990253 2.2136852716067 1.63418246190174
"453" 445 1.39036481422291 2.21451349547478 1.63455159572675
"454" 446 1.39055376556654 2.21542038153787 1.6349199137261
"455" 447 1.39073647999132 2.21631273938212 1.635287419526
"456" 448 1.39091830203175 2.21719766701373 1.63565411672848
"457" 449 1.39110140214478 2.21807768326492 1.63602000891161
"458" 450 1.39126798631331 2.21894511569282 1.63638509962968
"459" 451 1.39145025737164 2.21980484373546 1.63674939241346
"460" 452 1.39164445565576 2.22066662792231 1.63711289077035
"461" 453 1.39182075846983 2.22152624974681 1.63747559818463
"462" 454 1.39199174052232 2.22235443280402 1.63783751811766
"463" 455 1.39216479590436 2.22321361570974 1.63819865400805
"464" 456 1.39234757421408 2.22412827631746 1.63855900927189
"465" 457 1.39252382647725 2.22507260442643 1.63891858730294
"466" 458 1.39272120180844 2.22600955370532 1.6392773914728
"467" 459 1.39288593837597 2.22696681460358 1.63963542513114
"468" 460 1.39308112127642 2.22782332813938 1.63999269160586
"469" 461 1.39327505249353 2.22874920361508 1.64034919420332
"470" 462 1.39345093287045 2.2296517054751 1.64070493620845
"471" 463 1.39363558304797 2.23050211016343 1.64105992088501
"472" 464 1.3938093440653 2.23134500301724 1.64141415147575
"473" 465 1.39399142050962 2.23224012346075 1.64176763120257
"474" 466 1.39418777930405 2.2331398341274 1.64212036326672
"475" 467 1.3943591376533 2.23403409378465 1.64247235084895
"476" 468 1.39453687997337 2.23497340339156 1.64282359710973
"477" 469 1.39472211878638 2.23581169917571 1.64317410518938
"478" 470 1.39491792658138 2.23669533433472 1.64352387820826
"479" 471 1.39508675582294 2.23755270658085 1.64387291926695
"480" 472 1.39525269711489 2.23841492863787 1.64422123144636
"481" 473 1.3954330306962 2.2393304504177 1.64456881780799
"482" 474 1.39559848326135 2.24023917308364 1.64491568139401
"483" 475 1.39578268283909 2.24111579465715 1.64526182522748
"484" 476 1.3959585116649 2.24195360309 1.64560725231245
"485" 477 1.39613001243322 2.24276349566874 1.64595196563418
"486" 478 1.39630206891043 2.24357181432114 1.64629596815927
"487" 479 1.39646920615909 2.24442996760793 1.6466392628358
"488" 480 1.39663901509418 2.24538632945771 1.64698185259352
"489" 481 1.39684265798281 2.24631221968314 1.64732374034397
"490" 482 1.39702472759514 2.24714981681069 1.64766492898063
"491" 483 1.39720114841442 2.24808272962642 1.64800542137911
"492" 484 1.39737588383664 2.24891427454974 1.64834522039724
"493" 485 1.39755675680081 2.24979542709346 1.64868432887528
"494" 486 1.39773239008219 2.25056541031011 1.64902274963598
"495" 487 1.39789356054327 2.25150602571238 1.64936048548483
"496" 488 1.39804345287039 2.25229678934218 1.6496975392101
"497" 489 1.39820196452086 2.25306194429405 1.65003391358303
"498" 490 1.39835733516912 2.25394627052765 1.65036961135799
"499" 491 1.39850058139131 2.25480213409436 1.65070463527257
"500" 492 1.39867564771646 2.25563229089772 1.65103898804772
"501" 493 1.39885854644717 2.25645817417563 1.65137267238794
"502" 494 1.39903225895562 2.25731976570491 1.65170569098134
"503" 495 1.39920561196255 2.25815894711085 1.65203804649982
"504" 496 1.39937332116893 2.25903166214343 1.65236974159919
"505" 497 1.39955261857337 2.25986287327364 1.65270077891928
"506" 498 1.39972271980239 2.26064138306163 1.6530311610841
"507" 499 1.39988733891643 2.26148558322388 1.65336089070192
"508" 500 1.40006919282885 2.26238355754691 1.65368997036547
"509" 501 1.40023888636154 2.26331139868539 1.65401840265198
"510" 502 1.40040495527703 2.26412567703134 1.65434619012337
"511" 503 1.40055473896463 2.26498867387026 1.65467333532631
"512" 504 1.40072652697056 2.2658594353669 1.65499984079241
"513" 505 1.40088077400656 2.26663573432324 1.65532570903828
"514" 506 1.40105137519947 2.26737964866753 1.65565094256568
"515" 507 1.40118478578031 2.26817661077161 1.65597554386162
"516" 508 1.401352577527 2.26902806384849 1.65629951539849
"517" 509 1.40151333509103 2.26987620012616 1.65662285963419
"518" 510 1.40169127873906 2.27070373442151 1.65694557901216
"519" 511 1.40184578536431 2.27151050036596 1.65726767596161
"520" 512 1.40201502049207 2.27232442899764 1.65758915289757
"521" 513 1.40217933885261 2.27317787846727 1.657910012221
"522" 514 1.40234562712362 2.27403049576153 1.65823025631887
"523" 515 1.4025214032875 2.27488119942034 1.65854988756435
"524" 516 1.40268209040601 2.27572392204811 1.65886890831686
"525" 517 1.40284527100809 2.27652591697787 1.65918732092217
"526" 518 1.40300346651359 2.27732402538171 1.65950512771253
"527" 519 1.40317498637708 2.27813660484419 1.65982233100677
"528" 520 1.40331915336325 2.27894912028997 1.66013893311038
"529" 521 1.40349392577244 2.27977683044718 1.66045493631565
"530" 522 1.40365055150609 2.28052947993516 1.66077034290174
"531" 523 1.4038050745383 2.28131620794821 1.6610851551348
"532" 524 1.40394921541316 2.28213545635877 1.66139937526805
"533" 525 1.40410264265808 2.28300092838571 1.66171300554189
"534" 526 1.40425475173617 2.28373222530572 1.66202604818401
"535" 527 1.40441556341505 2.28450705259681 1.66233850540943
"536" 528 1.40457774011763 2.28532681307722 1.6626503794207
"537" 529 1.40474527900608 2.28616058741375 1.66296167240788
"538" 530 1.40490290094854 2.28697849430079 1.66327238654871
"539" 531 1.40506972423206 2.28777120043972 1.66358252400866
"540" 532 1.40522610878491 2.28856060297687 1.66389208694106
"541" 533 1.40538404806237 2.28934905711746 1.66420107748717
"542" 534 1.40555851992653 2.29016404785414 1.66450949777624
"543" 535 1.40572612700273 2.29101063860523 1.66481734992567
"544" 536 1.40587528682652 2.29179534059872 1.66512463604103
"545" 537 1.40601532673105 2.29257388643242 1.66543135821621
"546" 538 1.40616197133596 2.29336100959416 1.66573751853342
"547" 539 1.40630164815728 2.29407142064115 1.66604311906339
"548" 540 1.40644792308543 2.29483923362091 1.66634816186533
"549" 541 1.40659040890975 2.29561932749021 1.66665264898714
"550" 542 1.40674510789487 2.29634201552007 1.6669565824654
"551" 543 1.40690235457406 2.29707958781133 1.66725996432549
"552" 544 1.40705438683271 2.29786042419836 1.66756279658167
"553" 545 1.40721409421363 2.29869464154689 1.66786508123716
"554" 546 1.40737817904604 2.29949896711388 1.66816682028421
"555" 547 1.40752703890694 2.30027316132307 1.6684680157042
"556" 548 1.40767327823127 2.3010431734553 1.66876866946772
"557" 549 1.40782428996301 2.3017943423396 1.6690687835346
"558" 550 1.40796976998858 2.30252366688366 1.66936835985406
"559" 551 1.40812491571957 2.30329604076073 1.66966740036475
"560" 552 1.40828025188212 2.30407052991781 1.66996590699481
"561" 553 1.40841930900774 2.30488373839651 1.67026388166196
"562" 554 1.40856722683494 2.305690742571 1.6705613262736
"563" 555 1.40872319858373 2.30653054729097 1.67085824272686
"564" 556 1.40885848059109 2.30723743630945 1.67115463290868
"565" 557 1.40899649120561 2.30799391912526 1.67145049869585
"566" 558 1.40913962228373 2.30871282508411 1.67174584195515
"567" 559 1.40929649028309 2.30948656637591 1.67204066454337
"568" 560 1.40945375242784 2.31020798234653 1.67233496830739
"569" 561 1.40961004189316 2.31091773389634 1.67262875508425
"570" 562 1.40976638471822 2.3116880897094 1.67292202670124
"571" 563 1.40991478553386 2.3124675857743 1.67321478497595
"572" 564 1.41004669592823 2.31322639095966 1.67350703171635
"573" 565 1.41019438211251 2.31396377795531 1.67379876872083
"574" 566 1.41032329560678 2.31468308121865 1.67408999777829
"575" 567 1.41047167176517 2.31539790428103 1.67438072066825
"576" 568 1.41063150098417 2.31619261399206 1.6746709391608
"577" 569 1.41077482410279 2.31692628328466 1.6749606550168
"578" 570 1.4109113591666 2.3176004954074 1.67524986998785
"579" 571 1.41105131816119 2.31832569574949 1.67553858581637
"580" 572 1.41119733937039 2.31909476246955 1.67582680423574
"581" 573 1.41132975294749 2.31982545209226 1.67611452697024
"582" 574 1.41147002527853 2.32057064119422 1.6764017557352
"583" 575 1.41160251055871 2.3213300987579 1.67668849223706
"584" 576 1.41174136354368 2.32208240243198 1.67697473817337
"585" 577 1.41187948681806 2.32282193684623 1.67726049523293
"586" 578 1.41201484656199 2.32356980627888 1.67754576509578
"587" 579 1.41215760630671 2.32436363721094 1.67783054943331
"588" 580 1.41229624639197 2.32512742336264 1.6781148499083
"589" 581 1.41243425948689 2.32586292590537 1.67839866817498
"590" 582 1.41255768462713 2.32659729169862 1.67868200587909
"591" 583 1.41269898795236 2.32734546468012 1.67896486465794
"592" 584 1.41282881432748 2.32811925587017 1.67924724614044
"593" 585 1.41296593451242 2.32884741460071 1.67952915194722
"594" 586 1.41311846983621 2.32954908807378 1.67981058369064
"595" 587 1.41325575962149 2.33030531131658 1.68009154297483
"596" 588 1.41339791222899 2.3310068733077 1.6803720313958
"597" 589 1.41353034846585 2.3317556864994 1.68065205054145
"598" 590 1.41367059983424 2.33251151441066 1.68093160199163
"599" 591 1.41381447162215 2.33329152852546 1.68121068731824
"600" 592 1.41394799734999 2.33405880782241 1.68148930808522
"601" 593 1.41407556082272 2.33478644048314 1.68176746584864
"602" 594 1.41421267547479 2.33550285071495 1.68204516215672
"603" 595 1.41434461410435 2.33624142581789 1.68232239854997
"604" 596 1.41448225411791 2.33696462968457 1.68259917656112
"605" 597 1.4146024048291 2.33763791214544 1.68287549771525
"606" 598 1.41472307496113 2.33835198116506 1.68315136352982
"607" 599 1.41484954494436 2.33904688519951 1.68342677551473
"608" 600 1.41499089472018 2.33971544098684 1.68370173517237
"609" 601 1.4151300999965 2.34042576382625 1.68397624399764
"610" 602 1.41526699600258 2.34116942947847 1.68425030347802
"611" 603 1.4153886493336 2.34185952890227 1.68452391509367
"612" 604 1.41552669143229 2.34258552839969 1.68479708031736
"613" 605 1.41565753077326 2.34331054321489 1.68506980061464
"614" 606 1.41579049719888 2.34403602125207 1.68534207744381
"615" 607 1.41593243207599 2.34477561841449 1.68561391225602
"616" 608 1.41606771888953 2.34549528180448 1.68588530649526
"617" 609 1.41620754504419 2.34620080238529 1.68615626159845
"618" 610 1.4163340987298 2.34692384434644 1.68642677899549
"619" 611 1.41645440540609 2.34763762567469 1.68669686010925
"620" 612 1.41658767455816 2.34832930187341 1.68696650635569
"621" 613 1.41672014512763 2.34903133555517 1.68723571914387
"622" 614 1.41683218242974 2.34976532368137 1.68750449987597
"623" 615 1.41696344093805 2.35048205593255 1.68777284994737
"624" 616 1.41712122080414 2.3511909273028 1.68804077074671
"625" 617 1.41727244722128 2.35188584008628 1.68830826365587
"626" 618 1.41739734094515 2.35260419899458 1.68857533005006
"627" 619 1.41753510298969 2.35331234622028 1.68884197129786
"628" 620 1.41765450715732 2.3540489095416 1.68910818876129
"629" 621 1.41778185247006 2.35473893587467 1.68937398379573
"630" 622 1.41790444642691 2.35546451851861 1.68963935775014
"631" 623 1.41802625046179 2.35617088698749 1.68990431196699
"632" 624 1.4181607544352 2.35688918324315 1.69016884778227
"633" 625 1.41829204624953 2.35761378069686 1.69043296652566
"634" 626 1.41841976182715 2.35832317599583 1.69069666952045
"635" 627 1.4185625755802 2.35903447287742 1.69095995808365
"636" 628 1.41869520515255 2.35973888838856 1.69122283352596
"637" 629 1.41880542466912 2.36043894064106 1.69148529715193
"638" 630 1.41893859684079 2.36118283124844 1.69174735025986
"639" 631 1.41906638949892 2.36184663649478 1.69200899414195
"640" 632 1.41918278925666 2.36256059483549 1.69227023008425
"641" 633 1.41930974486549 2.36329412712174 1.69253105936676
"642" 634 1.41943690881504 2.36400966531107 1.69279148326347
"643" 635 1.41956117410904 2.36472914460195 1.69305150304236
"644" 636 1.41970263677602 2.36543475402184 1.69331111996543
"645" 637 1.41981239817755 2.36610508947231 1.69357033528881
"646" 638 1.41993719828552 2.36684525989824 1.69382915026273
"647" 639 1.42006112235589 2.36748750892603 1.69408756613154
"648" 640 1.420180369987 2.36811767244414 1.69434558413384
"649" 641 1.42029918506477 2.36880756245953 1.69460320550244
"650" 642 1.42043523555508 2.36946110169395 1.69486043146438
"651" 643 1.42056059383317 2.37009254887776 1.69511726324105
"652" 644 1.42068465633971 2.3707497538761 1.69537370204814
"653" 645 1.42080814757262 2.37142114186758 1.69562974909572
"654" 646 1.42093200673883 2.37209465621712 1.69588540558827
"655" 647 1.42104957488084 2.37279098706852 1.69614067272472
"656" 648 1.42116187392289 2.3734107799524 1.69639555169843
"657" 649 1.42126435509941 2.37408822732597 1.69665004369733
"658" 650 1.42137938883573 2.37479544832368 1.69690414990384
"659" 651 1.42150196439867 2.3754807536201 1.69715787149498
"660" 652 1.42162484439822 2.37617565535665 1.69741120964238
"661" 653 1.42173551304751 2.3768468884276 1.69766416551227
"662" 654 1.4218694907792 2.37750463015214 1.69791674026562
"663" 655 1.42199220515517 2.37814993814265 1.69816893505806
"664" 656 1.42211097451286 2.37884660923093 1.69842075103998
"665" 657 1.42222985574201 2.37955929929595 1.69867218935651
"666" 658 1.42235634234075 2.38021490219972 1.69892325114761
"667" 659 1.42248240992026 2.38091208278843 1.69917393754808
"668" 660 1.4226081149533 2.38161369772157 1.69942424968754
"669" 661 1.42272314284981 2.38231457128251 1.69967418869057
"670" 662 1.42284947853067 2.38299799874209 1.69992375567661
"671" 663 1.42297917927369 2.38370553239508 1.70017295176012
"672" 664 1.42308587164442 2.38434530798722 1.70042177805048
"673" 665 1.42320831697076 2.38503462757515 1.70067023565214
"674" 666 1.42332215655725 2.38572978909887 1.70091832566458
"675" 667 1.42344676915693 2.3864221796612 1.70116604918235
"676" 668 1.42356780324042 2.38706657600488 1.70141340729512
"677" 669 1.42370356603299 2.38767477272247 1.70166040108766
"678" 670 1.42382958314369 2.38833717581713 1.70190703163997
"679" 671 1.42395417838364 2.3889936315176 1.70215330002717
"680" 672 1.42407718693774 2.38962419808769 1.70239920731965
"681" 673 1.42419435934909 2.39031131093126 1.70264475458304
"682" 674 1.42430208805431 2.39098147757708 1.70288994287821
"683" 675 1.4244145755183 2.39160421126682 1.70313477326139
"684" 676 1.42454402026808 2.39222095738514 1.70337924678414
"685" 677 1.42467051291522 2.39286354566044 1.70362336449331
"686" 678 1.42479092167096 2.39352101902661 1.70386712743123
"687" 679 1.42490824751937 2.39413956260132 1.70411053663559
"688" 680 1.42502045338981 2.39477302170869 1.70435359313955
"689" 681 1.42514060285606 2.3954263017696 1.70459629797171
"690" 682 1.42525816450649 2.39610306438978 1.70483865215617
"691" 683 1.42537061534708 2.39676801195986 1.70508065671259
"692" 684 1.42548164865564 2.39743231563534 1.70532231265611
"693" 685 1.42559600463297 2.39808057954 1.70556362099753
"694" 686 1.42570774992861 2.39872077183658 1.70580458274316
"695" 687 1.42582602887348 2.3993446046098 1.706045198895
"696" 688 1.42593504241322 2.39996567386996 1.70628547045068
"697" 689 1.42605165460328 2.40058598723223 1.70652539840348
"698" 690 1.42616829437186 2.40120442905448 1.70676498374243
"699" 691 1.42628286038369 2.40190215867227 1.70700422745224
"700" 692 1.42639089414008 2.40258086269939 1.70724313051339
"701" 693 1.4265031905599 2.40320445934878 1.70748169390212
"702" 694 1.42661940690441 2.40385496293482 1.7077199185905
"703" 695 1.42673141039397 2.40448900270716 1.7079578055464
"704" 696 1.42683827759976 2.40512595559891 1.70819535573352
"705" 697 1.42694956121697 2.40576834084305 1.70843257011147
"706" 698 1.42706760960452 2.40647038636352 1.70866944963574
"707" 699 1.42718414025711 2.40714911183387 1.7089059952577
"708" 700 1.42728570111514 2.40779159083395 1.70914220792472
"709" 701 1.42741571263209 2.40843242989756 1.70937808858009
"710" 702 1.4275324105945 2.40903247199492 1.70961363816311
"711" 703 1.42764453910632 2.40970933976364 1.70984885760907
"712" 704 1.42775732050408 2.41035400864191 1.71008374784931
"713" 705 1.42788566061312 2.41100308189603 1.71031830981123
"714" 706 1.42798881518982 2.41168337458249 1.71055254441825
"715" 707 1.42809810101463 2.41229971563749 1.71078645258999
"716" 708 1.42821061330205 2.4128969219916 1.7110200352421
"717" 709 1.42831741984283 2.41351312883936 1.7112532932864
"718" 710 1.42842148085416 2.41413989507505 1.71148622763091
"719" 711 1.42853156792145 2.41479173875991 1.71171883917979
"720" 712 1.42865616963444 2.41534892730959 1.71195112883341
"721" 713 1.42876121502641 2.41600601199077 1.7121830974884
"722" 714 1.42887585306638 2.41660178910661 1.71241474603761
"723" 715 1.42897572131675 2.41723710462069 1.71264607537018
"724" 716 1.42908087970468 2.41786984585852 1.71287708637154
"725" 717 1.42919852726596 2.41847466269862 1.71310777992341
"726" 718 1.42931175532288 2.41908448345293 1.71333815690385
"727" 719 1.42942134136602 2.41974859157661 1.71356821818729
"728" 720 1.42953631470454 2.42034352777968 1.71379796464452
"729" 721 1.4296401173902 2.42097459107005 1.71402739714274
"730" 722 1.42974925389929 2.42156609905941 1.71425651654552
"731" 723 1.42985557254759 2.42210359370506 1.71448532371291
"732" 724 1.42996916904035 2.42274345162155 1.71471381950137
"733" 725 1.43007862151836 2.42340680037275 1.71494200476388
"734" 726 1.43017506335513 2.42407109159322 1.71516988034986
"735" 727 1.43029022880177 2.42471255435863 1.71539744710528
"736" 728 1.43040177109931 2.42527004657321 1.71562470587263
"737" 729 1.4305097644805 2.42583604197653 1.71585165749094
"738" 730 1.43061451507536 2.42650528241543 1.71607830279578
"739" 731 1.43072474629284 2.42711336126204 1.71630464261939
"740" 732 1.43083602077065 2.42772888955828 1.71653067779051
"741" 733 1.43094837105487 2.42837074764952 1.71675640913458
"742" 734 1.43106811222132 2.4289460611866 1.71698183747365
"743" 735 1.43117909422276 2.42951994940018 1.71720696362645
"744" 736 1.43127842447342 2.43012315755754 1.71743178840834
"745" 737 1.43137181711458 2.43073841143495 1.71765631263142
"746" 738 1.4314765137301 2.43137174777405 1.7178805371045
"747" 739 1.43158181831634 2.43200452655608 1.71810446263311
"748" 740 1.431687365824 2.43264161773842 1.71832809001954
"749" 741 1.43179238566677 2.43328161116627 1.71855142006281
"750" 742 1.43189724854572 2.43391536199799 1.71877445355878
"751" 743 1.43200122518594 2.43448266990713 1.71899719130007
"752" 744 1.43209904335489 2.43508792984372 1.71921963407615
"753" 745 1.43219694452218 2.4356662766092 1.71944178267326
"754" 746 1.43231022155281 2.43622986936147 1.71966363787459
"755" 747 1.43241142097178 2.43678862631342 1.71988520046013
"756" 748 1.43252200856978 2.43739259006312 1.72010647120674
"757" 749 1.43262621510375 2.43796858736468 1.72032745088826
"758" 750 1.4327298926989 2.43858218653276 1.72054814027539
"759" 751 1.43283332466238 2.43921383841884 1.72076854013576
"760" 752 1.43293194772188 2.43983089068335 1.720988651234
"761" 753 1.43302889596692 2.44042840125548 1.72120847433166
"762" 754 1.43314254814288 2.44100908145836 1.72142801018728
"763" 755 1.43326149090801 2.44157786598689 1.72164725955642
"764" 756 1.4333671198112 2.44218825461846 1.72186622319166
"765" 757 1.43346115551214 2.44278859504239 1.72208490184258
"766" 758 1.43355904588454 2.44339067252501 1.72230329625582
"767" 759 1.43365499388654 2.44402039932346 1.72252140717508
"768" 760 1.43375992327036 2.44462415710599 1.72273923534116
"769" 761 1.43386869743422 2.44519444158468 1.72295678149193
"770" 762 1.43397503777281 2.44576699393299 1.72317404636237
"771" 763 1.43408414341773 2.44637819708567 1.72339103068458
"772" 764 1.4341891164944 2.44697039766228 1.72360773518782
"773" 765 1.43429129419992 2.44754165668047 1.72382416059847
"774" 766 1.43439768222452 2.44812264053537 1.72404030764009
"775" 767 1.43449707371884 2.44872117472742 1.72425617703344
"776" 768 1.43459946898267 2.44930914005192 1.72447176949647
"777" 769 1.43471052321695 2.44987531816818 1.72468708574433
"778" 770 1.43481270015421 2.45044517527139 1.7249021264894
"779" 771 1.43491040469809 2.45105266982303 1.7251168924413
"780" 772 1.43500545180147 2.45166416232875 1.72533138430692
"781" 773 1.43510978500415 2.45221425442386 1.72554560279039
"782" 774 1.4352110637606 2.45275270435891 1.72575954859316
"783" 775 1.43531193413813 2.45339469996053 1.72597322241393
"784" 776 1.43541279254683 2.4540007920266 1.72618662494876
"785" 777 1.43550612013721 2.4545569949651 1.726399756891
"786" 778 1.43560331998529 2.45510158446716 1.72661261893135
"787" 779 1.43570625315374 2.45567554859362 1.72682521175788
"788" 780 1.4358147748732 2.45627227934607 1.727037536056
"789" 781 1.43591293294331 2.45687654299475 1.72724959250849
"790" 782 1.436007140018 2.45745335054009 1.72746138179554
"791" 783 1.43610188038341 2.45802392180657 1.72767290459477
"792" 784 1.43620209129271 2.45857998821958 1.72788416158118
"793" 785 1.43630414207346 2.45915446000211 1.72809515342722
"794" 786 1.43640035717678 2.45974850043298 1.72830588080277
"795" 787 1.43650732487027 2.46034326463207 1.72851634437519
"796" 788 1.43661032712212 2.4609163058964 1.72872654480928
"797" 789 1.43671020398054 2.46149824283299 1.72893648276738
"798" 790 1.43681310231801 2.46209820341886 1.72914615890924
"799" 791 1.43691999570626 2.46268535181379 1.72935557389222
"800" 792 1.43701390723361 2.46325838258784 1.7295647283711
"801" 793 1.43712158619698 2.46382967530546 1.72977362299829
"802" 794 1.43722106788959 2.46441697274261 1.72998225842366
"803" 795 1.43731998558157 2.46502554403834 1.73019063529469
"804" 796 1.43742046672483 2.46558210713431 1.73039875425643
"805" 797 1.437532202797 2.46613944476915 1.73060661595149
"806" 798 1.4376333965258 2.46671251706561 1.7308142210201
"807" 799 1.4377336920232 2.46730030729315 1.73102157010007
"808" 800 1.43783966167684 2.46789570262516 1.73122866382684
"809" 801 1.43792769617151 2.46850000638126 1.73143550283349
"810" 802 1.43801748696308 2.46912588085088 1.73164208775075
"811" 803 1.43811804835435 2.46969011651085 1.73184841920697
"812" 804 1.43821847987699 2.47020936390431 1.73205449782819
"813" 805 1.43831732185642 2.4707474048216 1.73226032423813
"814" 806 1.4384151469068 2.47131241832116 1.73246589905818
"815" 807 1.43851530684753 2.47187993559255 1.73267122290746
"816" 808 1.43860597042137 2.47244548348147 1.73287629640278
"817" 809 1.43869468038279 2.47298452575293 1.73308112015868
"818" 810 1.43879412054758 2.4735463303702 1.7332856947874
"819" 811 1.43888740400713 2.47414303663128 1.733490020899
"820" 812 1.43897532167143 2.47470730508633 1.73369409910125
"821" 813 1.43907398398453 2.47524405583825 1.73389792999966
"822" 814 1.43916629547763 2.47574353435275 1.73410151419758
"823" 815 1.43925677485549 2.4762799476069 1.73430485229609
"824" 816 1.439346135496 2.47682275817309 1.73450794489412
"825" 817 1.43945386159587 2.47736268653502 1.73471079258839
"826" 818 1.43955054194387 2.4779212151099 1.73491339597345
"827" 819 1.43964640257493 2.47853983570682 1.73511575564164
"828" 820 1.43974171638309 2.47912831885027 1.73531787218319
"829" 821 1.43984598691356 2.47965793502004 1.73551974618619
"830" 822 1.43993154282252 2.4802416346062 1.73572137823654
"831" 823 1.44002919155612 2.48085560585914 1.73592276891806
"832" 824 1.44012353058546 2.48143689604596 1.73612391881246
"833" 825 1.4402157309256 2.48199592365044 1.73632482849928
"834" 826 1.44030720975062 2.48256624378673 1.73652549855605
"835" 827 1.44040473626721 2.48311027019787 1.73672592955814
"836" 828 1.44050532944959 2.48370026765595 1.73692612207891
"837" 829 1.44060957825618 2.48428698661897 1.7371260766896
"838" 830 1.44070857345287 2.48486869009311 1.73732579395944
"839" 831 1.44080743862393 2.48541892893158 1.73752527445557
"840" 832 1.44090558569425 2.48591948466261 1.73772451874311
"841" 833 1.44100401043109 2.48654172123246 1.73792352738518
"842" 834 1.44109083789464 2.48703369565491 1.73812230094286
"843" 835 1.44118764206472 2.48753309550429 1.7383208399752
"844" 836 1.44128673356306 2.48808975267669 1.73851914503934
"845" 837 1.44137848538859 2.48864219949691 1.73871721669031
"846" 838 1.44146220241006 2.4891908571383 1.73891505548124
"847" 839 1.44155189595885 2.4897375814242 1.73911266196329
"848" 840 1.44163863985347 2.49022092710712 1.73931003668565
"849" 841 1.44172820179656 2.49078004072879 1.73950718019553
"850" 842 1.44181847599487 2.49134803125695 1.73970409303825
"851" 843 1.44191062954857 2.49187026495248 1.73990077575715
"852" 844 1.44199760260316 2.49238875381323 1.74009722889368
"853" 845 1.44208960598885 2.4929336178715 1.74029345298737
"854" 846 1.44217459178868 2.49353304455391 1.74048944857583
"855" 847 1.44226793043548 2.49402190202482 1.74068521619481
"856" 848 1.44235234815947 2.49449725094683 1.74088075637813
"857" 849 1.44244251627921 2.49498697003738 1.74107606965775
"858" 850 1.44253228535836 2.49549327351563 1.74127115656376
"859" 851 1.44263014629457 2.49603046649889 1.74146601762442
"860" 852 1.44271548333387 2.49654186064229 1.74166065336609
"861" 853 1.44281217418098 2.49706848079665 1.74185506431332
"862" 854 1.44288679800624 2.49759130383753 1.74204925098879
"863" 855 1.44296048980286 2.49812544580295 1.74224321391341
"864" 856 1.4430553579114 2.49866028289445 1.74243695360622
"865" 857 1.44315519255574 2.4991963747798 1.74263047058447
"866" 858 1.44324101862094 2.49972603909955 1.74282376536363
"867" 859 1.44333791562919 2.50023993991113 1.74301683845735
"868" 860 1.44341956121013 2.50076175735097 1.74320969037749
"869" 861 1.44351818327129 2.50131878446994 1.74340232163418
"870" 862 1.4436054255612 2.50187502292623 1.74359473273576
"871" 863 1.44369561618564 2.50241312958804 1.74378692418876
"872" 864 1.44378770938344 2.50297184869329 1.74397889649804
"873" 865 1.44387343430617 2.50353004566971 1.74417065016666
"874" 866 1.44397128568407 2.50408711578746 1.74436218569599
"875" 867 1.44405842217331 2.5046426678596 1.74455350358562
"876" 868 1.44413882629561 2.50520151471586 1.74474460433348
"877" 869 1.4442233483807 2.50575742781226 1.74493548843576
"878" 870 1.44430858813652 2.50625123197463 1.74512615638692
"879" 871 1.44439457837419 2.50673560109675 1.74531660867975
"880" 872 1.44447974934627 2.50731395215989 1.74550684580537
"881" 873 1.44457895418879 2.5079399593039 1.74569686825321
"882" 874 1.44468066470265 2.50845166749874 1.74588667651098
"883" 875 1.44476756099275 2.50901920391418 1.74607627106483
"884" 876 1.4448505430152 2.5096334793792 1.74626565239914
"885" 877 1.44493506968556 2.51017644455963 1.7464548209967
"886" 878 1.44501849209943 2.51071918657837 1.74664377733865
"887" 879 1.44510245955463 2.51121452037801 1.74683252190449
"888" 880 1.4451823720102 2.51171608115757 1.74702105517211
"889" 881 1.4452618896434 2.5122824954725 1.74720937761777
"890" 882 1.4453523808332 2.51278873588275 1.74739748971607
"891" 883 1.44544459226561 2.51336852621896 1.74758539194008
"892" 884 1.4455344871637 2.51386973157477 1.74777308476125
"893" 885 1.44562015188981 2.51442761232982 1.74796056864941
"894" 886 1.4457090919394 2.51497577936973 1.74814784407283
"895" 887 1.44579605149377 2.51550236869222 1.7483349114982
"896" 888 1.44588444022399 2.51603893291289 1.74852177139064
"897" 889 1.44597152200699 2.51659560874393 1.74870842421371
"898" 890 1.44605832961943 2.51716651132679 1.7488948704294
"899" 891 1.44614050147348 2.51772564424378 1.74908111049818
"900" 892 1.44622966888909 2.51830304664259 1.74926714487894
"901" 893 1.44631552155423 2.51883515607654 1.74945297402909
"902" 894 1.44639989170658 2.51933566227601 1.74963859840444
"903" 895 1.44648871714645 2.51986554281901 1.74982401845935
"904" 896 1.44656752843014 2.52040165273766 1.75000923464662
"905" 897 1.44664405796455 2.52094943647344 1.75019424741756
"906" 898 1.44673025529301 2.52152275922681 1.75037905722195
"907" 899 1.44681837508509 2.52208427181191 1.75056366450816
"908" 900 1.44690960593597 2.52262573908103 1.75074806972296
"909" 901 1.44699938877201 2.5230617146246 1.75093227331172
"910" 902 1.44708392150087 2.52359331619416 1.75111627571831
"911" 903 1.44717375705321 2.52411960909371 1.75130007738511
"912" 904 1.44725229864329 2.52459719418476 1.75148367875307
"913" 905 1.44733563982575 2.52514716371064 1.7516670802617
"914" 906 1.44741939007046 2.52570786435849 1.75185028234899
"915" 907 1.44751305404316 2.52623572417292 1.75203328545156
"916" 908 1.44759524233997 2.52670997564275 1.75221609000456
"917" 909 1.44767239115916 2.52717260688947 1.75239869644173
"918" 910 1.44775295510044 2.52763716648389 1.75258110519537
"919" 911 1.44783142555239 2.52819970514409 1.75276331669636
"920" 912 1.44791992800991 2.52877451627781 1.75294533137418
"921" 913 1.44800048167353 2.52934609798092 1.75312714965689
"922" 914 1.44808373202148 2.52985729040182 1.75330877197119
"923" 915 1.44816689244965 2.5303720232606 1.75349019874235
"924" 916 1.44824739430916 2.53087117596178 1.75367143039426
"925" 917 1.44833220496871 2.53138089052379 1.75385246734942
"926" 918 1.44841443308533 2.53188436157677 1.754033310029
"927" 919 1.44848936934217 2.53242265735879 1.75421395885276
"928" 920 1.44856476652427 2.53290728187078 1.7543944142391
"929" 921 1.44864233696317 2.53339192539524 1.75457467660508
"930" 922 1.44871970409223 2.53387717175489 1.75475474636639
"931" 923 1.44880483114345 2.53437216622191 1.75493462393741
"932" 924 1.44889307550161 2.53491045091762 1.75511430973113
"933" 925 1.44898943757782 2.53541511366167 1.75529380415926
"934" 926 1.44907327314203 2.53591703600154 1.75547310763213
"935" 927 1.44915246567129 2.53642672443579 1.75565222055878
"936" 928 1.44923384330941 2.53692218838433 1.75583114334696
"937" 929 1.44931263125491 2.53741794326012 1.75600987640303
"938" 930 1.44938728830238 2.53792135708816 1.75618842013212
"939" 931 1.44946218445723 2.53839612475176 1.75636677493805
"940" 932 1.44955202976833 2.53890292681573 1.75654494122326
"941" 933 1.44963371659261 2.53937213723493 1.75672291938906
"942" 934 1.44971971814371 2.53989077950975 1.75690070983533
"943" 935 1.44980126933668 2.54042134146862 1.75707831296075
"944" 936 1.44987878166456 2.54092115950647 1.75725572916269
"945" 937 1.44996497289836 2.54141797651927 1.75743295883732
"946" 938 1.45004850907208 2.54194776029547 1.75761000237944
"947" 939 1.45013597564187 2.54246689741569 1.75778686018269
"948" 940 1.45022287715851 2.54300911857321 1.75796353263943
"949" 941 1.45030525085528 2.54349151101886 1.75814002014077
"950" 942 1.45037264333868 2.5439588292398 1.75831632307655
"951" 943 1.45044716522947 2.54445311329747 1.75849244183544
"952" 944 1.45052180969201 2.54495539269747 1.75866837680482
"953" 945 1.45060361948971 2.54547941023697 1.7588441283709
"954" 946 1.4506892797756 2.54599865222244 1.75901969691863
"955" 947 1.45077580633892 2.5464416238236 1.75919508283175
"956" 948 1.45086909982578 2.54696797266469 1.75937028649281
"957" 949 1.45094874083965 2.54751539575078 1.75954530828314
"958" 950 1.45103180987307 2.54806447328172 1.75972014858289
"959" 951 1.45111566700324 2.54860804381014 1.75989480777098
"960" 952 1.45119893147374 2.54907224156433 1.7600692862252
"961" 953 1.45127668617152 2.54953517369762 1.7602435843221
"962" 954 1.45135242747346 2.55006822412778 1.76041770243709
"963" 955 1.45142710277574 2.55059452834805 1.76059164094436
"964" 956 1.45150396804557 2.55104246913142 1.76076540021698
"965" 957 1.45158537299811 2.55149563985294 1.76093898062684
"966" 958 1.45166328718374 2.55204822578896 1.76111238254465
"967" 959 1.45173370766971 2.55253993066635 1.76128560634002
"968" 960 1.45181887796395 2.55300044449058 1.76145865238131
"969" 961 1.45189884784961 2.55351014139538 1.76163152103587
"970" 962 1.45197777190552 2.55399592027593 1.76180421266978
"971" 963 1.45205057460505 2.55445475787352 1.76197672764809
"972" 964 1.45212409729171 2.55488304555692 1.76214906633462
"973" 965 1.45220225903316 2.55537393697092 1.76232122909218
"974" 966 1.45227457771785 2.5558961312462 1.76249321628235
"975" 967 1.45234823563618 2.5563935339902 1.76266502826564
"976" 968 1.45242935390462 2.55689382433813 1.76283666540147
"977" 969 1.45250910770019 2.55737290093224 1.7630081280481
"978" 970 1.45259880019954 2.55780507975418 1.76317941656275
"979" 971 1.45269289921686 2.55829710749914 1.76335053130147
"980" 972 1.45276673651038 2.55881631206216 1.76352147261928
"981" 973 1.45284785275896 2.55929321946412 1.76369224087007
"982" 974 1.45292535353506 2.55977602534652 1.76386283640666
"983" 975 1.45300495268002 2.56025725844363 1.7640332595808
"984" 976 1.45307141372463 2.56075798084404 1.76420351074313
"985" 977 1.45314531947192 2.56129752064055 1.76437359024328
"986" 978 1.45322880648099 2.56179504783204 1.76454349842973
"987" 979 1.45331249117958 2.5622293608482 1.76471323564994
"988" 980 1.45339768343749 2.56273132290957 1.76488280225036
"989" 981 1.4534794143728 2.56324910577014 1.76505219857629
"990" 982 1.45356255786015 2.56375207520861 1.76522142497204
"991" 983 1.45364309660462 2.56414461001906 1.76539048178086
"992" 984 1.453720331512 2.56463839412327 1.76555936934494
"993" 985 1.45379515044645 2.56515939549591 1.76572808800551
"994" 986 1.45386563631471 2.56564875680098 1.76589663810264
"995" 987 1.45394981938479 2.56615353552231 1.76606501997548
"996" 988 1.45402874920403 2.56661810126333 1.76623323396211
"997" 989 1.45410623987099 2.56705486558723 1.76640128039957
"998" 990 1.45419768522177 2.567523724206 1.76656915962394
"999" 991 1.45427475374145 2.56802259519934 1.76673687197024
"1000" 992 1.4543480878655 2.56850490012328 1.76690441777247
"1001" 993 1.45442584106008 2.56900263360366 1.76707179736369
"1002" 994 1.454497306536 2.56949562020302 1.76723901107591
"1003" 995 1.45457823822905 2.56995444756787 1.76740605924015
"1004" 996 1.4546508179256 2.57047379252658 1.76757294218643
"1005" 997 1.45472640627802 2.57096685455888 1.7677396602438
"1006" 998 1.45479576743675 2.57145615855519 1.76790621374033
"1007" 999 1.4548641882307 2.57194372209803 1.76807260300309
"1008" 1000 1.45493397765513 2.57243088841672 1.7682388283582
